iteration,crossover_type,nbMoves,nbLoopsLS,nbMovesRepair,nbLoopsRepair,time_crossover,time_LS,ratio_crossover_LS
0,PL,116,5,0,0,0.00351043,0.00524717,0.669014
10,PL,130,5,0,0,0.00339443,0.00418072,0.811924
20,PL,90,3,0,0,0.00366441,0.00320094,1.14479
30,PL,152,5,35,5,0.00363457,0.00899066,0.404261
40,PL,81,4,14,3,0.00361459,0.00629349,0.574338
50,PL,90,4,20,4,0.00351556,0.00708811,0.49598
60,PL,97,3,0,0,0.0034899,0.00374848,0.931017
70,PL,128,5,0,0,0.00359152,0.0062128,0.578084
80,PL,166,4,0,0,0.00360062,0.00437148,0.823661
90,PL,134,7,0,0,0.00329493,0.00539174,0.611107
100,PL,103,4,5,3,0.00311415,0.00567561,0.548691
110,PL,124,5,0,0,0.00330944,0.00468457,0.706454
120,PL,141,7,0,0,0.0033663,0.00664044,0.506939
130,PL,126,3,0,0,0.00380777,0.00373163,1.0204
140,PL,69,5,0,0,0.00340212,0.00432677,0.786294
150,PL,92,5,10,3,0.00297599,0.00686292,0.433634
160,PL,87,5,17,3,0.00370833,0.00573973,0.646081
170,PL,109,3,21,3,0.00355587,0.00604806,0.587935
180,PL,76,4,0,0,0.00301284,0.00361164,0.834202
190,PL,61,4,8,3,0.00342742,0.0051437,0.666333
200,PL,84,4,0,0,0.0034923,0.00326084,1.07098
210,PL,124,5,23,4,0.00386949,0.00819554,0.472146
220,PL,96,5,0,0,0.00301741,0.00440336,0.685253
230,PL,31,3,0,0,0.00256554,0.00226095,1.13472
240,PL,136,4,0,0,0.00374841,0.00446872,0.83881
250,PL,80,3,8,3,0.00350081,0.00475476,0.736274
260,PL,88,5,0,0,0.00365017,0.0044647,0.817561
270,PL,72,3,2,3,0.00306004,0.00452557,0.676168
280,PL,85,5,0,0,0.00331507,0.00404576,0.819393
290,PL,124,4,13,3,0.00362174,0.00554661,0.652964
300,PL,164,7,0,0,0.00333005,0.0067142,0.495971
310,PL,78,3,0,0,0.00312896,0.00327227,0.956205
320,PL,65,4,24,4,0.00304228,0.00576121,0.528062
330,PL,96,5,12,4,0.00306397,0.00698115,0.438891
340,PL,110,6,0,0,0.00337263,0.00609657,0.553201
350,PL,102,5,0,0,0.00338277,0.00483769,0.699252
360,PL,59,4,0,0,0.00320868,0.00332934,0.963759
370,PL,123,4,0,0,0.00322317,0.00396044,0.81384
380,PL,125,5,0,0,0.00297991,0.00588807,0.506092
390,PL,73,3,0,0,0.00317448,0.002543,1.24832
400,PL,125,5,0,0,0.00308596,0.00540366,0.571087
410,PL,131,5,0,0,0.00342183,0.00424975,0.805183
420,PL,144,6,0,0,0.00340509,0.00489846,0.695134
430,PL,98,4,9,3,0.00329877,0.00545171,0.605089
440,PL,126,5,0,0,0.00345746,0.00505499,0.683968
450,PL,123,6,0,0,0.00352972,0.00597062,0.591181
460,PL,134,7,0,0,0.00350105,0.0059401,0.589392
470,PL,151,7,12,4,0.00348749,0.00891422,0.391227
480,PL,121,5,0,0,0.00342328,0.00469319,0.729413
490,PL,108,4,0,0,0.00378603,0.00417143,0.907609
500,PL,129,4,17,5,0.00388116,0.00750636,0.51705
510,PL,168,6,10,3,0.00332602,0.00864727,0.384632
520,PL,0,3,0,0,0.00250902,0.00141756,1.76996
530,PL,131,4,0,0,0.00340817,0.00359656,0.947619
540,PL,113,4,2,3,0.00341975,0.00556855,0.614118
550,PL,161,5,0,0,0.00354825,0.00589192,0.602223
560,PL,138,6,25,4,0.00368902,0.00913118,0.404003
570,PL,135,5,0,0,0.00338959,0.00396105,0.85573
580,PL,126,5,21,4,0.00384251,0.00755214,0.508798
590,PL,89,4,4,3,0.00352292,0.00493342,0.714093
600,PL,89,4,0,0,0.00367768,0.00332362,1.10653
610,PL,149,5,0,0,0.00335778,0.00476586,0.704547
620,PL,82,5,6,3,0.00347389,0.00678108,0.512291
630,PL,92,5,0,0,0.00303676,0.00415096,0.731579
640,PL,64,4,27,5,0.00338397,0.00871672,0.388215
650,PL,151,5,0,0,0.00381421,0.00617586,0.6176
660,PL,87,3,0,0,0.00364458,0.00338642,1.07623
670,PL,139,8,0,0,0.00341806,0.00606836,0.563259
680,PL,80,6,0,0,0.00278804,0.0033669,0.828075
690,PL,137,6,15,5,0.00355967,0.00805952,0.441673
700,PL,69,4,0,0,0.00291867,0.00286543,1.01858
710,PL,136,5,33,5,0.00285201,0.00769559,0.370604
720,PL,84,6,0,0,0.00350352,0.00499443,0.701484
730,PL,75,4,10,3,0.00313466,0.0062854,0.49872
740,PL,94,4,0,0,0.00355934,0.00410763,0.866519
750,PL,136,6,0,0,0.00338689,0.00584076,0.579871
760,PL,228,6,0,0,0.00358053,0.0066231,0.540612
770,PL,95,4,35,3,0.00324242,0.00731761,0.443098
780,PL,84,4,0,0,0.00343936,0.00442962,0.776445
790,PL,81,5,18,3,0.00317247,0.00605677,0.523789
800,PL,119,4,0,3,0.00354104,0.00587525,0.602704
810,PL,135,5,0,0,0.0033492,0.00586992,0.57057
820,PL,105,5,0,0,0.00355269,0.00384014,0.925146
830,PL,154,5,0,3,0.00338658,0.00600683,0.563788
840,PL,22,3,0,0,0.00284773,0.00184447,1.54393
850,PL,80,6,0,0,0.00359197,0.00410997,0.873965
860,PL,46,4,20,3,0.00303172,0.00519954,0.583076
870,PL,131,6,0,0,0.00385467,0.00500919,0.76952
880,PL,101,5,0,0,0.00340891,0.00503582,0.676931
890,PL,94,5,3,3,0.00356993,0.00496495,0.719027
900,PL,71,4,0,0,0.00318452,0.003438,0.926271
910,PL,114,4,0,0,0.0033477,0.0034669,0.965617
920,PL,154,5,0,0,0.0034362,0.00456324,0.753016
930,PL,139,5,16,4,0.00355477,0.00740817,0.479845
940,PL,193,5,0,0,0.00380131,0.005116,0.743023
950,PL,127,3,0,0,0.00342021,0.00321557,1.06364
960,PL,99,4,9,3,0.0036669,0.00643443,0.569887
970,PL,130,5,0,0,0.00380191,0.00456494,0.832849
980,PL,70,3,7,3,0.00287937,0.00459872,0.626125
990,PL,54,3,0,0,0.00294727,0.00309543,0.952136
1000,PL,89,5,0,0,0.00345283,0.00389001,0.887614
1010,PL,70,3,7,3,0.00336819,0.00554094,0.607873
1020,PL,102,4,0,0,0.00349867,0.00475195,0.736259
1030,PL,102,5,0,0,0.0032047,0.00416271,0.769858
1040,PL,110,5,1,3,0.00345687,0.00662463,0.52182
1050,PL,118,6,0,0,0.00360023,0.0042876,0.839684
1060,PL,88,5,9,3,0.00385472,0.00610753,0.631142
1070,PL,50,3,0,0,0.00325662,0.0025566,1.27381
1080,PL,110,4,2,3,0.00303901,0.00522799,0.581297
1090,PL,103,5,0,0,0.00326132,0.00415357,0.785184
1100,PL,112,5,0,0,0.0039347,0.00487756,0.806694
1110,PL,131,5,0,0,0.00369962,0.00615687,0.600893
1120,PL,135,5,0,0,0.00330668,0.00568264,0.581891
1130,PL,114,4,0,0,0.00371953,0.00441579,0.842324
1140,PL,136,6,0,0,0.00396494,0.00516775,0.767247
1150,PL,117,6,0,0,0.00360217,0.00548988,0.656147
1160,PL,156,5,7,3,0.00380951,0.00653065,0.583327
1170,PL,96,4,0,0,0.00348411,0.00380911,0.914678
1180,PL,89,3,10,5,0.00338602,0.00619454,0.546613
1190,PL,77,3,10,4,0.00316971,0.00496427,0.638505
1200,PL,137,5,0,0,0.00370292,0.00516637,0.716736
1210,PL,119,4,0,0,0.00350105,0.00357986,0.977985
1220,PL,125,9,0,0,0.00344127,0.00646196,0.532542
1230,PL,126,5,18,3,0.00384116,0.0068478,0.560933
1240,PL,41,3,0,0,0.00342301,0.00265305,1.29021
1250,PL,64,3,45,4,0.00346617,0.00681372,0.508704
1260,PL,97,4,14,3,0.00286413,0.00559016,0.512353
1270,PL,44,3,0,0,0.00355559,0.00336836,1.05559
1280,PL,138,7,4,3,0.00327389,0.00794036,0.41231
1290,PL,76,4,11,3,0.00365485,0.00561576,0.65082
1300,PL,71,3,0,0,0.0037035,0.00322466,1.14849
1310,PL,84,4,0,0,0.00336871,0.0037532,0.897556
1320,PL,160,5,3,3,0.00374428,0.00643098,0.582225
1330,PL,156,6,3,3,0.0031977,0.00868029,0.368386
1340,PL,154,6,0,0,0.00384221,0.00659785,0.582342
1350,PL,105,4,2,3,0.00346213,0.00575715,0.601361
1360,PL,89,5,0,0,0.0033945,0.00509044,0.666838
1370,PL,122,4,0,0,0.00373244,0.00480913,0.776114
1380,PL,70,3,14,3,0.00355881,0.00463994,0.766994
1390,PL,120,4,30,3,0.00362492,0.00602059,0.602087
1400,PL,152,5,0,0,0.00351654,0.00531075,0.662155
1410,PL,89,5,0,0,0.0031966,0.00408755,0.782032
1420,PL,118,4,0,0,0.00350897,0.00449222,0.781121
1430,PL,84,4,5,3,0.00282715,0.00459012,0.615921
1440,PL,66,3,0,0,0.00312138,0.00346217,0.901567
1450,PL,80,4,0,0,0.00370596,0.00386871,0.957931
1460,PL,144,5,0,0,0.00342019,0.00552772,0.618734
1470,PL,113,5,5,3,0.00369919,0.00660267,0.560256
1480,PL,93,4,0,0,0.00336103,0.00365309,0.920051
1490,PL,105,5,0,0,0.0034851,0.00436696,0.79806
1500,PL,90,3,0,0,0.00305662,0.00274,1.11555
1510,PL,154,5,3,3,0.00343421,0.00771167,0.445326
1520,PL,134,5,0,0,0.00344277,0.00562317,0.612247
1530,PL,144,4,6,3,0.00338757,0.00590591,0.573589
1540,PL,70,6,0,0,0.00303647,0.00419366,0.724063
1550,PL,61,4,2,3,0.00317126,0.00560313,0.565981
1560,PL,110,4,5,3,0.00301029,0.00531947,0.5659
1570,PL,56,5,0,0,0.00354612,0.00466755,0.759738
1580,PL,144,5,9,3,0.00355332,0.00770615,0.461102
1590,PL,54,4,0,0,0.00342074,0.00334122,1.0238
1600,PL,31,4,0,0,0.00279474,0.00377795,0.739752
1610,PL,107,5,8,3,0.00350065,0.00583867,0.599563
1620,PL,93,4,0,0,0.0037539,0.00367622,1.02113
1630,PL,143,5,0,0,0.00377551,0.00493224,0.765476
1640,PL,61,4,9,3,0.00284134,0.00405842,0.700111
1650,PL,148,4,3,3,0.0035976,0.00626792,0.57397
1660,PL,107,7,0,0,0.00374432,0.00529206,0.707536
1670,PL,143,5,4,3,0.00374813,0.00929873,0.40308
1680,PL,94,4,0,0,0.00361319,0.00428139,0.843928
1690,PL,88,3,2,3,0.00373237,0.00497541,0.750162
1700,PL,101,4,0,0,0.00335335,0.00344308,0.973939
1710,PL,108,5,0,0,0.00327658,0.00408631,0.801842
1720,PL,76,3,0,0,0.00354736,0.00297382,1.19286
1730,PL,88,4,0,0,0.0035288,0.00328896,1.07292
1740,PL,104,6,0,0,0.00376487,0.00513468,0.733224
1750,PL,144,6,3,3,0.00391242,0.00775805,0.504305
1760,PL,132,4,5,3,0.00354788,0.00609378,0.582213
1770,PL,189,10,18,3,0.00356921,0.0123749,0.288423
1780,PL,166,5,34,6,0.0034794,0.00905319,0.384328
1790,PL,89,3,38,4,0.00345304,0.00650594,0.530751
1800,PL,94,6,7,3,0.00321197,0.0063809,0.503372
1810,PL,92,4,0,0,0.00336499,0.00313911,1.07196
1820,PL,51,5,0,0,0.0030472,0.00395914,0.769661
1830,PL,120,5,0,0,0.00346779,0.00471913,0.734836
1840,PL,115,4,0,0,0.00345357,0.00421597,0.819163
1850,PL,53,3,0,0,0.00324441,0.00282394,1.1489
1860,PL,167,4,0,0,0.00372163,0.00510675,0.728767
1870,PL,126,4,28,4,0.00355837,0.00780103,0.456141
1880,PL,128,5,0,0,0.00336901,0.00506633,0.664979
1890,PL,111,4,0,0,0.00318883,0.00386075,0.82596
1900,PL,146,7,0,0,0.00368605,0.00558361,0.660155
1910,PL,108,4,8,4,0.00354325,0.00691447,0.51244
1920,PL,115,6,0,0,0.00327698,0.00430248,0.761648
1930,PL,81,5,0,0,0.00354218,0.00417687,0.848046
1940,PL,102,5,0,0,0.00380992,0.00402523,0.94651
1950,PL,95,4,6,3,0.00304668,0.00598209,0.509301
1960,PL,93,3,0,0,0.0034334,0.00336049,1.0217
1970,PL,110,5,19,4,0.0034664,0.00766987,0.45195
1980,PL,75,4,6,3,0.0042834,0.00585245,0.731899
1990,PL,113,7,11,4,0.00284059,0.00718238,0.395495
2000,PL,101,3,0,0,0.00289337,0.00328017,0.882079
2010,PL,127,7,0,0,0.00353252,0.0067044,0.526895
2020,PL,43,4,29,5,0.00273353,0.0058037,0.470998
2030,PL,128,5,7,3,0.00377288,0.00681702,0.553449
2040,PL,52,3,0,0,0.0029729,0.00349347,0.850987
2050,PL,103,5,0,0,0.00376229,0.00478782,0.785804
2060,PL,131,5,0,0,0.00387007,0.00511325,0.75687
2070,PL,86,4,0,0,0.00304127,0.00303049,1.00355
2080,PL,61,4,75,5,0.0039763,0.00743921,0.534506
2090,PL,127,4,15,4,0.00379543,0.00696384,0.545019
2100,PL,86,5,27,6,0.00353394,0.00964591,0.366367
2110,PL,38,3,0,0,0.00262308,0.0025177,1.04186
2120,PL,63,5,0,0,0.00280747,0.00396666,0.707768
2130,PL,144,5,52,6,0.00354859,0.0103456,0.343004
2140,PL,78,5,0,0,0.00370591,0.00419457,0.883501
2150,PL,152,5,0,0,0.00333319,0.0054412,0.612583
2160,PL,114,4,0,0,0.00388555,0.0036463,1.06562
2170,PL,76,5,6,3,0.00330969,0.00550159,0.601587
2180,PL,0,3,0,0,0.00276626,0.00132416,2.08908
2190,PL,143,3,0,0,0.00390108,0.00418019,0.93323
2200,PL,126,5,22,5,0.00385159,0.00852423,0.45184
2210,PL,103,5,13,3,0.00289858,0.00768649,0.377101
2220,PL,83,5,6,3,0.00320133,0.00650895,0.491834
2230,PL,201,6,144,5,0.00383756,0.0137749,0.278591
2240,PL,159,6,6,3,0.0035975,0.0068707,0.5236
2250,PL,101,4,17,3,0.00315529,0.00686297,0.459756
2260,PL,85,4,0,0,0.00294474,0.00340249,0.865468
2270,PL,143,5,9,3,0.00327705,0.00652844,0.501965
2280,PL,81,3,5,3,0.00299729,0.00556576,0.538522
2290,PL,95,8,0,0,0.00267558,0.00723403,0.369861
2300,PL,99,5,28,4,0.00343987,0.0084901,0.405162
2310,PL,138,5,0,0,0.00380701,0.00448626,0.848593
2320,PL,48,3,21,5,0.00348455,0.00556834,0.625779
2330,PL,74,4,24,5,0.00294926,0.00686771,0.429438
2340,PL,72,4,0,0,0.00325211,0.0036869,0.882071
2350,PL,100,5,0,0,0.00345424,0.00449915,0.767753
2360,PL,87,4,0,0,0.00350146,0.00336038,1.04198
2370,PL,15,3,9,3,0.00268287,0.00389408,0.688962
2380,PL,82,3,0,0,0.00342975,0.00292324,1.17327
2390,PL,92,6,0,0,0.00361292,0.00471853,0.765687
2400,PL,66,4,0,0,0.00347076,0.00325383,1.06667
2410,PL,169,5,0,0,0.00320409,0.00654563,0.4895
2420,PL,110,4,7,3,0.00313578,0.00561864,0.558104
2430,PL,26,3,0,0,0.00291172,0.0019663,1.48081
2440,PL,135,7,0,0,0.00373063,0.0063364,0.588762
2450,PL,96,4,0,0,0.00339767,0.004022,0.844771
2460,PL,113,5,0,0,0.0036844,0.0047257,0.779651
2470,PL,142,6,10,3,0.00336079,0.00794955,0.422764
2480,PL,134,5,43,5,0.00376857,0.00794021,0.474618
2490,PL,93,4,16,3,0.00326568,0.00609753,0.535574
2500,PL,115,6,0,0,0.00414209,0.00494973,0.836833
2510,PL,108,5,0,0,0.00342975,0.00479083,0.715898
2520,PL,119,5,0,0,0.00323758,0.00511452,0.633016
2530,PL,45,6,14,3,0.00278468,0.00544042,0.511851
2540,PL,148,4,0,0,0.0032348,0.00436177,0.741624
2550,PL,136,4,0,0,0.00336524,0.00402994,0.835059
2560,PL,89,5,0,0,0.00334164,0.00372622,0.896791
2570,PL,52,3,5,3,0.00317185,0.00418475,0.757953
2580,PL,80,5,0,0,0.0033951,0.00489653,0.693367
2590,PL,52,3,0,0,0.00307933,0.00267791,1.1499
2600,PL,71,3,6,3,0.00312252,0.00444283,0.702821
2610,PL,90,4,0,0,0.00334363,0.00337478,0.99077
2620,PL,131,5,0,0,0.00336507,0.00478789,0.702828
2630,PL,131,5,4,3,0.00341596,0.00752029,0.454232
2640,PL,152,7,7,3,0.00361217,0.00912575,0.395822
2650,PL,56,4,1,3,0.00302379,0.0052417,0.576871
2660,PL,138,6,0,0,0.00325747,0.00731684,0.445201
2670,PL,120,7,0,0,0.00330411,0.00688106,0.480174
2680,PL,67,4,9,3,0.00376454,0.00524693,0.717475
2690,PL,70,6,13,5,0.00319711,0.00902536,0.354236
2700,PL,201,4,14,3,0.00356019,0.00804378,0.442601
2710,PL,105,6,0,0,0.0034342,0.00475113,0.722816
2720,PL,34,3,0,0,0.00282769,0.00204646,1.38175
2730,PL,126,6,6,3,0.00314285,0.00795982,0.394839
2740,PL,90,4,15,3,0.00299552,0.00670864,0.446518
2750,PL,86,5,36,3,0.00306213,0.00804119,0.380805
2760,PL,100,4,0,0,0.00343915,0.00385817,0.891394
2770,PL,139,7,0,0,0.00366498,0.0058717,0.624177
2780,PL,69,5,20,3,0.00307591,0.00685515,0.448701
2790,PL,82,3,0,0,0.00367937,0.00276617,1.33013
2800,PL,60,4,8,3,0.00376037,0.00532749,0.705843
2810,PL,36,3,0,0,0.00306516,0.00249278,1.22962
2820,PL,116,4,0,0,0.00364369,0.00381904,0.954085
2830,PL,85,4,1,3,0.00383602,0.00527503,0.727204
2840,PL,102,4,0,0,0.00321138,0.00425769,0.754253
2850,PL,66,5,0,0,0.0032413,0.00450558,0.719396
2860,PL,80,5,0,0,0.00372272,0.00441701,0.842814
2870,PL,133,4,0,0,0.00336993,0.00485517,0.69409
2880,PL,93,5,14,3,0.00387469,0.00692402,0.559601
2890,PL,90,5,0,0,0.00332185,0.00470846,0.705506
2900,PL,90,4,14,3,0.00358162,0.00631372,0.567275
2910,PL,81,3,3,3,0.0031298,0.00448028,0.698573
2920,PL,131,5,6,3,0.00363013,0.00696927,0.520876
2930,PL,89,4,0,0,0.00383664,0.00386802,0.991887
2940,PL,65,4,0,0,0.00354442,0.00366607,0.966817
2950,PL,104,7,20,3,0.00336158,0.00847417,0.396685
2960,PL,100,5,12,3,0.00371661,0.0066563,0.558359
2970,PL,139,4,0,0,0.00346983,0.00508704,0.682092
2980,PL,90,5,8,3,0.00353096,0.00718595,0.49137
2990,PL,114,4,16,3,0.00301659,0.00551024,0.547451
3000,PL,88,4,33,3,0.00380221,0.00653402,0.581909
3010,PL,77,5,0,0,0.00335695,0.00515378,0.651357
3020,PL,113,6,0,0,0.00320106,0.00541817,0.590801
3030,PL,147,4,3,3,0.00337362,0.0059494,0.567052
3040,PL,126,4,0,0,0.00346111,0.00429249,0.806317
3050,PL,56,3,0,0,0.00330982,0.00280761,1.17887
3060,PL,66,4,0,0,0.002773,0.00282064,0.98311
3070,PL,23,3,0,0,0.002583,0.00182784,1.41315
3080,PL,129,5,0,0,0.00375525,0.00462811,0.8114
3090,PL,87,4,30,5,0.00347375,0.00761602,0.456111
3100,PL,131,5,0,0,0.00348987,0.00531478,0.656635
3110,PL,130,5,0,0,0.00344705,0.00527819,0.653074
3120,PL,119,6,0,0,0.00340498,0.00575855,0.591291
3130,PL,105,4,0,0,0.0035795,0.0040288,0.888477
3140,PL,53,5,0,0,0.00321074,0.00287666,1.11613
3150,PL,89,5,12,3,0.00274212,0.00547882,0.500496
3160,PL,92,4,0,0,0.00329061,0.00436143,0.754478
3170,PL,111,6,0,0,0.00333865,0.00519816,0.642275
3180,PL,77,5,14,4,0.00391652,0.00654243,0.598634
3190,PL,112,6,41,4,0.00356937,0.0102315,0.348859
3200,PL,105,4,41,7,0.00372999,0.00898999,0.414905
3210,PL,30,3,62,6,0.00370764,0.00594803,0.623339
3220,PL,65,7,19,5,0.0030727,0.0079484,0.38658
3230,PL,122,4,11,4,0.00414611,0.00705197,0.587937
3240,PL,53,3,0,0,0.00329719,0.00313234,1.05263
3250,PL,110,5,0,0,0.00348767,0.00438341,0.795651
3260,PL,60,4,0,0,0.0035886,0.00413034,0.868838
3270,PL,138,6,39,8,0.00350481,0.0107324,0.326564
3280,PL,43,3,0,0,0.00292496,0.00243044,1.20347
3290,PL,131,6,0,0,0.00398892,0.00651686,0.612092
3300,PL,106,5,0,0,0.00366554,0.00468161,0.782965
3310,PL,86,5,0,0,0.00336773,0.00484423,0.695203
3320,PL,100,5,0,0,0.00318274,0.00525574,0.605575
3330,PL,113,4,0,0,0.00363711,0.00439133,0.828247
3340,PL,96,4,0,0,0.00444307,0.00414102,1.07294
3350,PL,129,5,0,0,0.00358399,0.00414193,0.865294
3360,PL,95,4,0,0,0.00324057,0.00342497,0.94616
3370,PL,116,5,3,3,0.0034076,0.00664399,0.512884
3380,PL,116,4,0,0,0.0034344,0.00406714,0.844426
3390,PL,13,3,28,5,0.00257216,0.00477192,0.53902
3400,PL,204,8,0,0,0.00415223,0.00826968,0.502103
3410,PL,125,4,0,0,0.00351702,0.004204,0.836588
3420,PL,131,5,18,3,0.00351789,0.00624025,0.563741
3430,PL,91,7,21,4,0.00340601,0.00763274,0.446237
3440,PL,110,5,0,0,0.00350584,0.00399651,0.877225
3450,PL,187,7,0,0,0.00336256,0.0077704,0.432739
3460,PL,117,7,35,4,0.00359368,0.0112083,0.320627
3470,PL,53,3,0,0,0.00377624,0.00254348,1.48467
3480,PL,143,5,17,5,0.00362449,0.00783732,0.462465
3490,PL,108,5,0,0,0.00330386,0.00462612,0.714174
3500,PL,80,4,17,4,0.00323123,0.00755125,0.427906
3510,PL,100,3,0,0,0.00366275,0.00319552,1.14621
3520,PL,175,6,0,0,0.0033944,0.00812443,0.417801
3530,PL,0,3,0,0,0.00251462,0.00134994,1.86277
3540,PL,87,5,0,0,0.00398739,0.00431022,0.925101
3550,PL,71,4,4,3,0.00324872,0.0050179,0.647426
3560,PL,84,5,0,0,0.00371259,0.00391175,0.949086
3570,PL,138,4,0,0,0.00353502,0.00386986,0.913474
3580,PL,42,4,0,0,0.00260162,0.00427067,0.609183
3590,PL,84,5,0,0,0.00387293,0.00385214,1.0054
3600,PL,126,4,0,0,0.00358258,0.00449997,0.796133
3610,PL,63,4,0,0,0.00258041,0.00329788,0.782446
3620,PL,159,5,0,0,0.00337906,0.00549306,0.615151
3630,PL,103,5,0,0,0.00384462,0.00441547,0.870715
3640,PL,89,4,10,3,0.00344645,0.00693743,0.49679
3650,PL,157,4,0,0,0.00371839,0.00447666,0.830616
3660,PL,115,5,11,3,0.00320332,0.0072767,0.440216
3670,PL,71,5,7,3,0.00288183,0.00514683,0.559923
3680,PL,102,7,0,0,0.00374017,0.00553906,0.675236
3690,PL,49,3,0,0,0.00371836,0.00280423,1.32598
3700,PL,78,4,5,3,0.00326644,0.00584246,0.559086
3710,PL,127,5,82,4,0.00364686,0.00990866,0.368048
3720,PL,68,5,0,0,0.00291781,0.00410156,0.711391
3730,PL,59,3,8,3,0.00298402,0.00459153,0.649897
3740,PL,102,7,0,0,0.003219,0.00552294,0.582841
3750,PL,129,6,24,3,0.00338179,0.0085811,0.394097
3760,PL,85,5,12,3,0.00294283,0.00575456,0.51139
3770,PL,42,4,0,0,0.0034209,0.00311031,1.09986
3780,PL,103,5,0,0,0.00323162,0.00330635,0.977398
3790,PL,117,5,6,3,0.00371282,0.00629376,0.58992
3800,PL,111,6,0,0,0.003418,0.00567978,0.601784
3810,PL,192,5,1,3,0.00335202,0.00690818,0.485225
3820,PL,109,6,81,8,0.00386355,0.0110594,0.349346
3830,PL,152,8,0,0,0.00353606,0.00570356,0.619974
3840,PL,105,6,7,3,0.00293064,0.00613677,0.477555
3850,PL,114,8,0,0,0.0032013,0.00720763,0.444154
3860,PL,131,5,2,3,0.00323553,0.00757686,0.427027
3870,PL,98,4,0,0,0.0033858,0.00404624,0.836776
3880,PL,39,3,0,0,0.00260702,0.00251868,1.03507
3890,PL,41,3,8,3,0.00298454,0.00423137,0.705335
3900,PL,113,4,3,4,0.00364933,0.00610057,0.598195
3910,PL,26,3,2,3,0.00279516,0.0036933,0.75682
3920,PL,121,3,24,4,0.0037397,0.00621845,0.601387
3930,PL,19,4,15,3,0.00274226,0.00479022,0.572472
3940,PL,75,4,0,0,0.00339618,0.00368915,0.920585
3950,PL,129,4,6,3,0.00375489,0.00577019,0.650739
3960,PL,164,8,0,0,0.0036067,0.00732875,0.49213
3970,PL,71,3,0,0,0.00377092,0.00340067,1.10888
3980,PL,70,4,14,4,0.00304251,0.00573759,0.530276
3990,PL,54,4,4,3,0.00311896,0.00501021,0.622521
4000,PL,96,5,16,4,0.00359076,0.00740767,0.484735
4010,PL,13,3,0,0,0.00251739,0.00186796,1.34767
4020,PL,131,6,0,0,0.00361255,0.0060745,0.594707
4030,PL,60,4,15,4,0.00373275,0.00525685,0.710074
4040,PL,55,4,0,0,0.00335919,0.0028807,1.1661
4050,PL,106,4,10,3,0.00355642,0.00602164,0.590606
4060,PL,111,5,5,3,0.00359845,0.00754284,0.477068
4070,PL,62,4,0,0,0.00267254,0.0026146,1.02216
4080,PL,124,6,0,0,0.00366671,0.005227,0.701494
4090,PL,80,3,0,0,0.0035259,0.00248811,1.4171
4100,PL,105,4,0,0,0.00354463,0.00342559,1.03475
4110,PL,38,3,0,0,0.00281986,0.0025182,1.11979
4120,PL,153,5,19,4,0.00344926,0.00753751,0.457612
4130,PL,150,4,0,0,0.00354363,0.00466306,0.759936
4140,PL,137,5,0,0,0.00359406,0.00441493,0.814069
4150,PL,143,4,22,5,0.00382054,0.00875558,0.436355
4160,PL,120,4,12,3,0.00357164,0.00654401,0.545787
4170,PL,102,5,1,3,0.00372848,0.0055087,0.676835
4180,PL,121,5,0,0,0.00373672,0.00429167,0.870691
4190,PL,99,4,0,0,0.00362299,0.00326918,1.10823
4200,PL,135,5,5,3,0.0037215,0.00615441,0.604688
4210,PL,90,5,0,0,0.00357514,0.00524018,0.682255
4220,PL,89,5,4,3,0.0036602,0.00648212,0.564661
4230,PL,99,4,0,0,0.00350088,0.00373912,0.936284
4240,PL,60,4,0,0,0.00285695,0.00319587,0.89395
4250,PL,141,7,0,0,0.00382302,0.00702577,0.544143
4260,PL,163,5,0,0,0.00373411,0.00466241,0.800896
4270,PL,121,4,12,3,0.00378297,0.0066477,0.569065
4280,PL,161,4,10,3,0.00340747,0.0067463,0.505087
4290,PL,107,4,6,3,0.0037409,0.00446216,0.83836
4300,PL,137,5,19,3,0.00371448,0.0067703,0.548644
4310,PL,93,4,0,0,0.00359299,0.00433736,0.828381
4320,PL,82,4,0,0,0.00324589,0.00333386,0.973613
4330,PL,75,4,0,0,0.00285259,0.0033607,0.848811
4340,PL,23,4,0,0,0.00250987,0.00266863,0.940509
4350,PL,125,5,3,3,0.00343712,0.00744869,0.461439
4360,PL,103,4,0,0,0.00343306,0.00310444,1.10586
4370,PL,128,5,11,3,0.00369476,0.00620221,0.595716
4380,PL,133,4,0,0,0.00310581,0.00429128,0.723748
4390,PL,77,5,0,0,0.0027705,0.0031403,0.882243
4400,PL,106,3,6,3,0.00332949,0.00520902,0.639178
4410,PL,61,3,12,3,0.00311596,0.00460017,0.677356
4420,PL,110,5,0,0,0.00323045,0.00565776,0.570976
4430,PL,87,4,33,4,0.00352155,0.00648838,0.542747
4440,PL,54,4,4,3,0.00263163,0.00542848,0.484783
4450,PL,95,5,86,6,0.00351951,0.0109253,0.322142
4460,PL,162,6,0,0,0.00339443,0.00466817,0.727143
4470,PL,106,4,0,0,0.00339315,0.00468273,0.724609
4480,PL,42,3,0,0,0.00331647,0.00250778,1.32247
4490,PL,95,5,0,0,0.00348102,0.00388624,0.895729
4500,PL,99,5,11,3,0.00370552,0.0060976,0.607701
4510,PL,61,4,0,0,0.00315583,0.00318682,0.990275
4520,PL,113,4,11,4,0.00355495,0.0058011,0.612806
4530,PL,118,5,7,3,0.00369465,0.00633407,0.583298
4540,PL,108,4,9,3,0.00369872,0.00531792,0.69552
4550,PL,99,4,0,0,0.0032172,0.00405419,0.793548
4560,PL,100,4,18,4,0.00325906,0.00554284,0.587976
4570,PL,127,5,14,4,0.0036268,0.00714761,0.507414
4580,PL,64,5,7,3,0.00270722,0.00591682,0.457547
4590,PL,147,6,8,3,0.00356572,0.00922209,0.38665
4600,PL,58,5,14,3,0.00264789,0.0056681,0.467157
4610,PL,98,4,0,0,0.00283503,0.00396499,0.715017
4620,PL,47,6,23,4,0.00269934,0.0075503,0.357515
4630,PL,71,4,0,0,0.00311535,0.00321293,0.969629
4640,PL,172,5,0,0,0.00355002,0.00616715,0.575633
4650,PL,0,3,0,0,0.00251021,0.00143211,1.75281
4660,PL,137,5,0,0,0.00323621,0.00547366,0.591233
4670,PL,143,6,0,0,0.00311058,0.00636294,0.488858
4680,PL,113,5,0,0,0.0034459,0.00391964,0.879136
4690,PL,123,6,0,0,0.00361034,0.00572683,0.630425
4700,PL,95,5,24,3,0.00353896,0.00751271,0.471063
4710,PL,190,6,0,0,0.00338724,0.00651452,0.519952
4720,PL,82,5,0,0,0.0028533,0.00395038,0.722286
4730,PL,129,4,0,0,0.00323126,0.00378956,0.852673
4740,PL,112,4,0,0,0.00291276,0.00359431,0.81038
4750,PL,30,3,0,0,0.00264905,0.00203965,1.29878
4760,PL,90,3,0,0,0.00318074,0.0030524,1.04205
4770,PL,79,3,12,4,0.00335034,0.006097,0.549506
4780,PL,63,4,0,0,0.00309695,0.00403786,0.766977
4790,PL,71,4,0,0,0.00319574,0.00403901,0.791217
4800,PL,48,4,0,0,0.00297496,0.00328213,0.906411
4810,PL,104,5,0,0,0.00299225,0.00444843,0.672651
4820,PL,106,4,5,3,0.00372903,0.00525363,0.709801
4830,PL,130,5,0,0,0.00338648,0.00483027,0.701096
4840,PL,72,4,3,3,0.00326672,0.0057362,0.569491
4850,PL,121,4,0,0,0.00296893,0.00361454,0.821387
4860,PL,91,5,7,3,0.00329603,0.00632509,0.521103
4870,PL,135,4,0,0,0.00334963,0.00445389,0.752067
4880,PL,84,5,0,0,0.0165228,0.00427796,3.86231
4890,PL,85,5,1,3,0.00299744,0.0062686,0.478166
4900,PL,53,3,6,3,0.00285707,0.00444096,0.643344
4910,PL,98,5,0,0,0.00343261,0.00460262,0.745794
4920,PL,110,4,0,0,0.00361595,0.00394408,0.916804
4930,PL,153,5,0,0,0.0035613,0.00499483,0.712998
4940,PL,67,4,0,0,0.00360713,0.00319191,1.13009
4950,PL,40,4,0,0,0.00324137,0.00333626,0.971558
4960,PL,41,3,0,0,0.00382257,0.0029902,1.27837
4970,PL,168,4,0,0,0.00359485,0.0044934,0.800028
4980,PL,107,4,24,4,0.00309743,0.0067091,0.461675
4990,PL,138,5,4,3,0.00358636,0.00672489,0.533296
5000,PL,131,4,0,0,0.00347018,0.00414127,0.83795
5010,PL,112,4,0,0,0.00305278,0.00488203,0.625308
5020,PL,74,3,0,0,0.00310379,0.00359272,0.86391
5030,PL,98,7,0,0,0.0032529,0.00553758,0.587422
5040,PL,104,5,0,0,0.00321904,0.00444617,0.724002
5050,PL,107,5,0,0,0.00338187,0.00451117,0.749664
5060,PL,134,4,7,3,0.00363917,0.00617434,0.589402
5070,PL,73,4,0,0,0.00321656,0.00386886,0.831396
5080,PL,83,4,0,0,0.00318263,0.00371307,0.857141
5090,PL,173,6,0,0,0.00375186,0.00551719,0.680031
5100,PL,87,5,0,0,0.00324194,0.00430576,0.75293
5110,PL,105,4,0,0,0.00304449,0.00386066,0.788594
5120,PL,56,3,0,0,0.00263272,0.00281614,0.934868
5130,PL,78,4,0,0,0.00390441,0.00419668,0.930356
5140,PL,110,5,0,0,0.00343833,0.00498459,0.689792
5150,PL,91,4,0,0,0.00332765,0.00355652,0.935647
5160,PL,99,5,10,4,0.00374267,0.00792215,0.472431
5170,PL,65,4,8,3,0.00295026,0.00585976,0.503477
5180,PL,27,4,11,3,0.00264073,0.00419823,0.629011
5190,PL,156,6,0,0,0.00375812,0.00594092,0.632582
5200,PL,49,4,13,3,0.00258713,0.0051636,0.501033
5210,PL,103,7,0,0,0.0032143,0.005066,0.634485
5220,PL,78,4,0,0,0.00325492,0.00409909,0.794058
5230,PL,158,5,0,0,0.00358332,0.00467491,0.766499
5240,PL,81,4,0,0,0.00346515,0.00377844,0.917084
5250,PL,86,4,21,3,0.00310553,0.00623462,0.49811
5260,PL,102,7,0,0,0.00332331,0.0060112,0.552852
5270,PL,75,5,2,3,0.003705,0.00692419,0.535081
5280,PL,58,5,0,0,0.00278433,0.003645,0.763878
5290,PL,180,7,0,0,0.00361944,0.00602953,0.600285
5300,PL,0,3,12,3,0.00254491,0.00357011,0.712839
5310,PL,151,3,9,3,0.00367882,0.0051497,0.714376
5320,PL,86,4,0,0,0.00369042,0.0036908,0.999897
5330,PL,103,5,0,0,0.00315663,0.00487544,0.647455
5340,PL,162,5,1,3,0.0035998,0.00809014,0.444961
5350,PL,50,3,18,3,0.00341265,0.00536705,0.635852
5360,PL,92,5,71,5,0.00349796,0.0085,0.411524
5370,PL,108,4,0,0,0.00357001,0.00464668,0.768293
5380,PL,101,5,0,0,0.00344457,0.00587,0.586809
5390,PL,106,7,0,0,0.00380047,0.00591467,0.64255
5400,PL,52,6,0,0,0.00363297,0.00300475,1.20908
5410,PL,113,5,24,3,0.00353083,0.00785944,0.449247
5420,PL,2,3,0,0,0.00247892,0.00182325,1.35962
5430,PL,96,7,19,3,0.00326457,0.00725743,0.449824
5440,PL,177,5,102,6,0.00360173,0.0118432,0.304117
5450,PL,112,4,0,0,0.00313983,0.00384818,0.815925
5460,PL,101,4,0,0,0.00318947,0.00389857,0.818112
5470,PL,22,4,0,0,0.00253633,0.00258546,0.980998
5480,PL,131,3,11,3,0.00350281,0.00517765,0.676525
5490,PL,89,4,0,0,0.00343291,0.00337706,1.01654
5500,PL,81,4,0,0,0.00292752,0.00388589,0.753373
5510,PL,94,6,0,0,0.00334449,0.00520227,0.64289
5520,PL,89,5,2,3,0.0036075,0.00589552,0.611905
5530,PL,104,5,0,0,0.00364955,0.00484298,0.753576
5540,PL,115,5,0,0,0.00387442,0.00447463,0.865863
5550,PL,98,7,0,0,0.0037012,0.0044054,0.84015
5560,PL,108,4,0,0,0.00305027,0.0042632,0.715487
5570,PL,57,3,0,0,0.00264051,0.00253351,1.04223
5580,PL,107,4,1,3,0.00371924,0.00575118,0.646691
5590,PL,108,3,0,0,0.00366366,0.00345389,1.06073
5600,PL,48,4,0,0,0.00315557,0.00353723,0.892101
5610,PL,76,3,0,0,0.00332479,0.00321022,1.03569
5620,PL,91,5,0,0,0.00330757,0.00430377,0.768527
5630,PL,163,5,14,3,0.00379436,0.0079173,0.479249
5640,PL,13,3,22,3,0.00255232,0.00440756,0.579078
5650,PL,42,3,0,0,0.00283936,0.00261867,1.08428
5660,PL,181,6,0,0,0.00315519,0.00604918,0.521589
5670,PL,121,6,0,0,0.00365588,0.00441306,0.828422
5680,PL,92,3,20,3,0.00345328,0.00569387,0.60649
5690,PL,128,5,22,5,0.00366135,0.00770846,0.474978
5700,PL,124,4,3,3,0.00337428,0.00593147,0.568877
5710,PL,91,5,0,0,0.00291953,0.00461367,0.632798
5720,PL,76,4,0,0,0.00321477,0.00368291,0.872888
5730,PL,114,6,0,0,0.00348566,0.00534753,0.651826
5740,PL,65,3,0,0,0.00314541,0.00288472,1.09037
5750,PL,113,5,12,3,0.0029446,0.00788547,0.373422
5760,PL,147,5,20,4,0.00362263,0.00957831,0.378212
5770,PL,118,4,0,0,0.00401464,0.00366627,1.09502
5780,PL,57,4,0,0,0.0026456,0.0025146,1.0521
5790,PL,154,5,12,3,0.00322692,0.0088526,0.364516
5800,PL,98,4,0,0,0.00299395,0.00329277,0.909249
5810,PL,72,4,0,0,0.00322902,0.00263305,1.22634
5820,PL,81,5,29,6,0.00303118,0.00775938,0.390647
5830,PL,99,3,0,0,0.00311226,0.00325019,0.957562
5840,PL,132,6,0,0,0.00353819,0.00519481,0.681101
5850,PL,85,5,0,0,0.00281762,0.00411689,0.684406
5860,PL,93,5,4,3,0.00292694,0.00606145,0.482879
5870,PL,220,5,0,0,0.00376865,0.00719782,0.523582
5880,PL,123,5,9,3,0.00347742,0.00745037,0.466744
5890,PL,13,3,0,0,0.0025514,0.00148659,1.71628
5900,PL,133,6,0,0,0.00319079,0.00599338,0.532385
5910,PL,0,3,0,0,0.00250021,0.00132883,1.88152
5920,PL,139,4,0,0,0.00360693,0.00411438,0.876663
5930,PL,68,4,32,4,0.00298503,0.00685552,0.435419
5940,PL,90,5,8,3,0.00361146,0.006577,0.549104
5950,PL,82,3,0,0,0.00367429,0.00304625,1.20617
5960,PL,124,5,0,0,0.00311401,0.00468043,0.665324
5970,PL,97,4,0,0,0.00330955,0.00408316,0.810536
5980,PL,208,5,0,0,0.00341618,0.00615079,0.555405
5990,PL,87,4,27,3,0.0035993,0.00614299,0.585919
6000,PL,145,5,0,0,0.00364002,0.00387329,0.939774
6010,PL,110,3,0,0,0.00368273,0.00358295,1.02785
6020,PL,130,6,4,3,0.00335953,0.00609808,0.550915
6030,PL,165,5,4,3,0.00381829,0.00738902,0.516752
6040,PL,118,6,0,0,0.0033868,0.00485014,0.698289
6050,PL,123,5,2,3,0.00348922,0.0061607,0.566367
6060,PL,116,5,0,0,0.00318714,0.00433329,0.7355
6070,PL,33,4,0,0,0.00265708,0.00286418,0.927696
6080,PL,30,4,17,5,0.00261046,0.00564015,0.462836
6090,PL,102,4,4,3,0.00330582,0.00588397,0.561834
6100,PL,78,3,19,3,0.0031359,0.00562047,0.557942
6110,PL,88,4,0,0,0.00335578,0.00275958,1.21604
6120,PL,86,4,4,3,0.00336682,0.0055983,0.6014
6130,PL,118,4,11,4,0.00299921,0.00660602,0.454011
6140,PL,85,4,16,3,0.00321508,0.00580125,0.554204
6150,PL,167,5,0,0,0.00380626,0.00466346,0.816187
6160,PL,17,3,13,4,0.00260156,0.00398848,0.652269
6170,PL,102,5,7,3,0.00297058,0.0068047,0.436549
6180,PL,70,4,0,0,0.00340177,0.00431671,0.788046
6190,PL,166,5,0,0,0.00320808,0.00567212,0.565587
6200,PL,100,5,6,3,0.00307422,0.00692264,0.444082
6210,PL,180,6,0,0,0.00347626,0.0062986,0.551909
6220,PL,86,4,0,0,0.00327342,0.00355973,0.919569
6230,PL,43,4,0,0,0.00330242,0.00356087,0.927419
6240,PL,143,5,0,0,0.00362296,0.00466142,0.777222
6250,PL,63,4,0,0,0.00303917,0.0032611,0.931946
6260,PL,57,3,13,3,0.00296868,0.00546179,0.543535
6270,PL,128,4,0,0,0.00375323,0.00406599,0.923079
6280,PL,71,4,0,0,0.00349901,0.00361449,0.968051
6290,PL,91,4,0,0,0.00319435,0.00417164,0.765729
6300,PL,11,3,0,0,0.00284256,0.00167093,1.70119
6310,PL,82,5,0,0,0.00349835,0.00388632,0.90017
6320,PL,116,4,0,0,0.00337483,0.0036011,0.937166
6330,PL,92,6,0,0,0.00351971,0.00475701,0.739898
6340,PL,91,5,0,0,0.00328355,0.00435706,0.753615
6350,PL,35,3,2,3,0.00327808,0.0044636,0.734402
6360,PL,77,3,0,0,0.00300072,0.00397102,0.755654
6370,PL,77,6,0,0,0.00369312,0.00446753,0.826657
6380,PL,83,4,2,3,0.00279569,0.00560473,0.49881
6390,PL,166,4,0,0,0.00361271,0.00441603,0.818089
6400,PL,82,4,8,3,0.00328264,0.00586568,0.559634
6410,PL,70,5,0,0,0.00262176,0.00392712,0.667604
6420,PL,57,3,0,0,0.00344276,0.00310828,1.10761
6430,PL,86,5,0,0,0.00292716,0.00472916,0.61896
6440,PL,100,7,0,0,0.00337778,0.00675486,0.500051
6450,PL,81,4,12,3,0.00293139,0.00529668,0.55344
6460,PL,133,7,0,0,0.00342132,0.00541268,0.632093
6470,PL,114,4,0,0,0.00355582,0.00370018,0.960986
6480,PL,57,3,0,0,0.00356604,0.00322391,1.10612
6490,PL,138,4,0,0,0.00365009,0.00418606,0.871963
6500,PL,76,5,0,0,0.00292905,0.00428569,0.683447
6510,PL,141,5,0,0,0.0033534,0.00646962,0.51833
6520,PL,88,5,0,0,0.00309457,0.00427187,0.724405
6530,PL,128,5,0,0,0.00327072,0.0063982,0.511193
6540,PL,126,4,0,0,0.00381298,0.00619468,0.615525
6550,PL,101,3,0,0,0.00347294,0.00356212,0.974964
6560,PL,54,4,0,0,0.0026051,0.00238791,1.09095
6570,PL,99,4,0,0,0.00313876,0.0039714,0.79034
6580,PL,60,3,4,3,0.00319379,0.00479935,0.665462
6590,PL,129,5,43,6,0.00359404,0.00987638,0.363902
6600,PL,106,4,0,0,0.00411688,0.00360526,1.14191
6610,PL,60,3,8,4,0.00263476,0.00487217,0.540779
6620,PL,133,4,0,0,0.00355998,0.00427784,0.83219
6630,PL,76,5,0,0,0.00316493,0.00425192,0.744352
6640,PL,75,4,11,3,0.00302514,0.00505826,0.598059
6650,PL,188,7,0,0,0.00342153,0.00757455,0.451714
6660,PL,88,5,0,0,0.00329216,0.00465771,0.706818
6670,PL,116,7,0,0,0.0033164,0.00433641,0.764779
6680,PL,5,3,18,5,0.00250835,0.00478186,0.524555
6690,PL,112,5,0,0,0.00305253,0.0047992,0.636048
6700,PL,139,5,11,3,0.00359935,0.00626916,0.574135
6710,PL,100,5,0,0,0.00338924,0.00463681,0.730941
6720,PL,90,4,150,9,0.00361701,0.0115865,0.312174
6730,PL,103,4,6,3,0.00343324,0.00586015,0.585862
6740,PL,63,5,0,0,0.00345712,0.00354271,0.97584
6750,PL,151,6,22,4,0.00352244,0.00879646,0.400438
6760,PL,71,4,24,5,0.00281706,0.00701157,0.401774
6770,PL,110,5,21,5,0.00329267,0.00807095,0.407965
6780,PL,20,3,0,0,0.00256984,0.00166366,1.54469
6790,PL,72,5,0,0,0.00338459,0.00361154,0.937159
6800,PL,89,3,8,4,0.00350189,0.00547022,0.640173
6810,PL,103,5,1,3,0.00328101,0.00705156,0.465288
6820,PL,113,6,0,0,0.00339649,0.00510021,0.665951
6830,PL,44,4,0,0,0.00314545,0.00289935,1.08488
6840,PL,111,4,13,4,0.00335047,0.00692256,0.483993
6850,PL,118,4,0,0,0.00376627,0.00464541,0.810752
6860,PL,90,5,5,3,0.00318214,0.00672666,0.473063
6870,PL,132,5,0,3,0.00369164,0.00616907,0.598411
6880,PL,84,3,0,0,0.00353369,0.00272671,1.29595
6890,PL,77,3,0,0,0.003087,0.00326386,0.945812
6900,PL,146,5,0,0,0.00304689,0.00612191,0.497703
6910,PL,102,4,0,0,0.0035716,0.00396037,0.901834
6920,PL,93,4,0,0,0.00307288,0.00418889,0.733577
6930,PL,182,5,0,0,0.00365425,0.00531495,0.687542
6940,PL,132,4,1,3,0.00362863,0.00648699,0.55937
6950,PL,65,3,53,4,0.00315085,0.00633661,0.497245
6960,PL,109,4,5,3,0.00359182,0.00576016,0.623562
6970,PL,125,5,18,3,0.0032973,0.00661128,0.498738
6980,PL,94,5,12,3,0.00340904,0.00753476,0.452442
6990,PL,94,3,13,4,0.00365098,0.00557064,0.655397
7000,PL,126,4,0,0,0.00349231,0.00398557,0.876238
7010,PL,156,6,12,3,0.00374276,0.00825575,0.453352
7020,PL,88,4,0,0,0.00359873,0.00365246,0.985289
7030,PL,45,3,12,3,0.00316641,0.00641704,0.493437
7040,PL,107,4,8,4,0.00314719,0.00610605,0.515421
7050,PL,100,5,0,0,0.0028866,0.00403742,0.714963
7060,PL,88,3,2,3,0.0034689,0.00495021,0.700758
7070,PL,138,5,0,0,0.00349788,0.00568452,0.615334
7080,PL,134,5,0,0,0.00310225,0.00433115,0.716263
7090,PL,142,5,10,3,0.00376277,0.00701462,0.536418
7100,PL,65,4,0,0,0.00308342,0.00394994,0.780624
7110,PL,62,3,0,0,0.00281606,0.00266356,1.05725
7120,PL,143,4,43,3,0.00373835,0.00680862,0.549062
7130,PL,79,4,12,4,0.00343818,0.00692511,0.49648
7140,PL,144,6,0,0,0.00374658,0.00402391,0.931079
7150,PL,62,4,7,3,0.00340392,0.00491356,0.692761
7160,PL,126,6,0,0,0.00341534,0.00556742,0.613451
7170,PL,126,6,0,0,0.00373775,0.0055621,0.672004
7180,PL,78,4,0,0,0.0031968,0.00347378,0.920265
7190,PL,29,3,8,3,0.00263332,0.00447294,0.588723
7200,PL,81,4,5,3,0.00314252,0.00465939,0.674447
7210,PL,126,5,6,3,0.0034932,0.00646051,0.5407
7220,PL,106,4,0,0,0.00374186,0.00375447,0.996642
7230,PL,124,4,0,0,0.00372691,0.00403853,0.922838
7240,PL,111,6,25,4,0.0034323,0.00898764,0.381891
7250,PL,129,5,38,4,0.00343546,0.00746928,0.459945
7260,PL,146,4,166,5,0.00385715,0.00991558,0.388999
7270,PL,85,4,0,0,0.00323667,0.0041242,0.784798
7280,PL,75,5,0,0,0.00327008,0.00449939,0.726782
7290,PL,127,5,0,0,0.00313151,0.00515983,0.606901
7300,PL,181,7,0,0,0.00320946,0.00681892,0.47067
7310,PL,96,5,0,0,0.00330086,0.00482426,0.684221
7320,PL,63,4,0,0,0.00309315,0.00350595,0.882257
7330,PL,84,4,11,3,0.0027422,0.00589054,0.465527
7340,PL,109,7,0,0,0.00343574,0.0049935,0.688043
7350,PL,90,5,0,0,0.00363173,0.00417845,0.869156
7360,PL,85,4,0,0,0.00335203,0.00381146,0.87946
7370,PL,91,4,3,3,0.00339212,0.00572067,0.592958
7380,PL,137,4,0,0,0.00336234,0.0041715,0.806026
7390,PL,21,3,0,0,0.00253143,0.00196585,1.2877
7400,PL,130,5,0,0,0.00326279,0.00512518,0.63662
7410,PL,176,5,0,0,0.00350187,0.00543808,0.643953
7420,PL,125,6,9,3,0.00309319,0.00703927,0.439419
7430,PL,170,5,0,0,0.00359496,0.00588524,0.610843
7440,PL,81,4,68,6,0.00348376,0.00869067,0.400862
7450,PL,49,3,0,0,0.00265539,0.00239778,1.10744
7460,PL,77,3,19,3,0.00337709,0.00557658,0.605584
7470,PL,55,5,0,0,0.00318291,0.0046681,0.681841
7480,PL,114,5,0,0,0.00355503,0.00478286,0.743284
7490,PL,74,4,0,0,0.00338484,0.00439321,0.77047
7500,PL,118,7,0,0,0.00391709,0.0065738,0.595864
7510,PL,72,3,21,3,0.00320884,0.0051741,0.620173
7520,PL,112,7,0,0,0.00283943,0.0040247,0.7055
7530,PL,118,4,1,3,0.00302174,0.00488466,0.618617
7540,PL,57,4,29,4,0.00308418,0.00558281,0.552442
7550,PL,127,6,6,3,0.00350013,0.00702957,0.497915
7560,PL,73,5,0,0,0.00302541,0.00397327,0.76144
7570,PL,58,4,4,3,0.00265751,0.00541614,0.490666
7580,PL,112,3,0,0,0.00372952,0.00360125,1.03562
7590,PL,94,4,0,0,0.00367786,0.00340513,1.08009
7600,PL,51,4,2,3,0.00289244,0.00478579,0.60438
7610,PL,60,4,0,0,0.00266736,0.00341751,0.7805
7620,PL,107,5,0,0,0.00367741,0.00424441,0.866412
7630,PL,96,4,0,0,0.00335814,0.00350654,0.957679
7640,PL,118,6,15,4,0.00329643,0.00892821,0.369215
7650,PL,80,4,0,0,0.00270083,0.00330825,0.816394
7660,PL,88,5,0,0,0.00297822,0.00436122,0.682886
7670,PL,38,4,0,0,0.00276999,0.00348332,0.795217
7680,PL,0,3,0,0,0.00251116,0.00137709,1.82353
7690,PL,86,6,16,3,0.00281535,0.00649804,0.433262
7700,PL,122,6,3,3,0.00322035,0.00721148,0.446559
7710,PL,63,4,0,0,0.00355865,0.00393439,0.904498
7720,PL,63,4,0,0,0.00278338,0.00320541,0.86834
7730,PL,120,5,0,0,0.00351724,0.00442927,0.794089
7740,PL,123,4,0,0,0.00308268,0.00397614,0.775293
7750,PL,126,5,0,0,0.00369485,0.00388721,0.950514
7760,PL,130,5,12,3,0.00303177,0.00721068,0.420455
7770,PL,70,5,12,3,0.00317457,0.00679141,0.467439
7780,PL,92,4,17,3,0.00309791,0.00645335,0.480046
7790,PL,118,5,0,0,0.00321289,0.00458904,0.700121
7800,PL,83,5,0,0,0.00337014,0.0039706,0.848773
7810,PL,134,6,24,4,0.00327111,0.0100958,0.324007
7820,PL,74,4,32,3,0.00332118,0.0067754,0.490182
7830,PL,80,5,0,0,0.00317092,0.00435125,0.728737
7840,PL,123,7,0,0,0.00318225,0.00610881,0.520927
7850,PL,11,3,18,4,0.00261459,0.00407861,0.64105
7860,PL,136,4,72,5,0.00284247,0.00831577,0.341817
7870,PL,77,3,0,0,0.00365703,0.0031657,1.15521
7880,PL,124,6,0,0,0.00341979,0.0047457,0.720608
7890,PL,163,5,0,0,0.00383919,0.00522114,0.735317
7900,PL,98,5,0,0,0.00307741,0.00443937,0.693207
7910,PL,84,5,0,0,0.00346821,0.00422233,0.821396
7920,PL,21,3,19,3,0.00262336,0.00463113,0.566462
7930,PL,60,4,9,3,0.00267317,0.00554525,0.482066
7940,PL,208,6,9,3,0.00379802,0.00864658,0.439251
7950,PL,152,4,8,3,0.00305439,0.00682283,0.447672
7960,PL,126,4,0,0,0.00370066,0.00390254,0.948269
7970,PL,65,4,22,3,0.00297017,0.00463832,0.640355
7980,PL,89,3,10,3,0.00331328,0.00500331,0.662218
7990,PL,80,5,1,3,0.00298811,0.00500272,0.597297
8000,PL,102,4,101,5,0.00302976,0.00827361,0.366195
8010,PL,167,5,0,0,0.0033582,0.00458356,0.732661
8020,PL,83,4,0,0,0.00319864,0.00376014,0.85067
8030,PL,132,7,12,3,0.0032758,0.00804547,0.40716
8040,PL,146,5,0,0,0.00365826,0.00521041,0.702106
8050,PL,125,5,0,0,0.00355822,0.00487469,0.729938
8060,PL,61,4,0,0,0.00282796,0.00332467,0.850601
8070,PL,80,3,0,0,0.00329703,0.0036947,0.892367
8080,PL,80,4,7,3,0.00296342,0.00604486,0.490237
8090,PL,156,6,0,0,0.00345918,0.00530057,0.652605
8100,PL,55,4,29,5,0.00301959,0.00605759,0.498481
8110,PL,55,3,0,0,0.00275689,0.00262115,1.05178
8120,PL,30,3,7,3,0.00328876,0.00452405,0.726949
8130,PL,52,5,0,0,0.00350434,0.00356689,0.982463
8140,PL,89,5,0,0,0.00332479,0.00421329,0.789119
8150,PL,156,5,0,0,0.00367604,0.00553067,0.664665
8160,PL,150,4,11,4,0.00346099,0.00628439,0.550727
8170,PL,113,4,11,3,0.00320957,0.00594683,0.53971
8180,PL,151,5,31,3,0.0036029,0.00711319,0.50651
8190,PL,111,6,0,0,0.00353883,0.00471071,0.751229
8200,PL,130,4,9,3,0.00306801,0.00627662,0.488799
8210,PL,98,4,8,3,0.00291975,0.0060692,0.481076
8220,PL,162,4,0,0,0.00323476,0.00462732,0.699056
8230,PL,215,7,14,3,0.00360364,0.0100643,0.358061
8240,PL,105,4,0,0,0.00304344,0.00397233,0.766159
8250,PL,124,4,31,4,0.00389328,0.00760351,0.512037
8260,PL,136,4,26,6,0.00339723,0.00813319,0.417699
8270,PL,110,4,22,4,0.00301927,0.00663789,0.454853
8280,PL,101,5,0,0,0.00322624,0.00440589,0.732255
8290,PL,118,5,0,0,0.00330744,0.00402632,0.821454
8300,PL,67,3,8,3,0.00307451,0.00577122,0.532731
8310,PL,104,6,8,3,0.00374155,0.00691155,0.541348
8320,PL,83,3,0,0,0.00345118,0.00281048,1.22797
8330,PL,77,4,0,0,0.00320058,0.00314866,1.01649
8340,PL,116,4,0,0,0.0035343,0.00460368,0.767711
8350,PL,39,3,14,4,0.0027914,0.00513929,0.54315
8360,PL,146,5,10,3,0.00345638,0.00681133,0.507446
8370,PL,105,4,0,0,0.00337792,0.00397853,0.849036
8380,PL,140,4,7,3,0.00336219,0.00660216,0.509255
8390,PL,88,6,0,0,0.00312932,0.00479088,0.653181
8400,PL,79,4,0,0,0.00343008,0.00347882,0.985989
8410,PL,85,5,0,0,0.00283132,0.00429186,0.659696
8420,PL,116,5,0,0,0.00323061,0.00496889,0.650167
8430,PL,91,5,3,3,0.00347846,0.00561985,0.618959
8440,PL,185,6,0,0,0.00370955,0.00649985,0.570713
8450,PL,128,5,2,3,0.00319298,0.0056122,0.568935
8460,PL,104,5,9,3,0.00354097,0.00590283,0.599876
8470,PL,25,3,0,0,0.0030232,0.0026033,1.16129
8480,PL,42,3,0,0,0.0034149,0.0025653,1.33119
8490,PL,97,4,70,4,0.00365842,0.00858362,0.426209
8500,PL,94,6,0,0,0.00352522,0.00468982,0.751674
8510,PL,63,4,0,0,0.00296824,0.00377545,0.786196
8520,PL,94,5,0,0,0.00274491,0.00527688,0.520176
8530,PL,113,3,8,3,0.00355091,0.00597175,0.594618
8540,PL,119,5,0,0,0.00351581,0.00548754,0.640689
8550,PL,121,5,21,3,0.003585,0.00687965,0.521102
8560,PL,82,5,0,0,0.00332814,0.00390486,0.852306
8570,PL,112,6,18,4,0.003609,0.00814102,0.44331
8580,PL,23,3,0,0,0.00262779,0.00221946,1.18398
8590,PL,65,4,0,0,0.00298247,0.00401641,0.74257
8600,PL,58,3,15,5,0.00288478,0.0063875,0.451628
8610,PL,123,6,4,3,0.00337784,0.00792949,0.425984
8620,PL,134,5,16,3,0.00315325,0.0067256,0.468843
8630,PL,98,5,128,5,0.00363994,0.00901203,0.403898
8640,PL,35,4,0,0,0.00264235,0.00198915,1.32838
8650,PL,128,5,0,0,0.00298174,0.00466446,0.639245
8660,PL,88,4,0,0,0.00289539,0.00332335,0.871226
8670,PL,186,5,59,5,0.00339838,0.00785597,0.432585
8680,PL,83,4,10,3,0.00354678,0.00585631,0.605634
8690,PL,112,4,0,0,0.0038197,0.00439078,0.869936
8700,PL,166,6,0,3,0.003087,0.00737547,0.418549
8710,PL,97,6,8,3,0.0032749,0.00622668,0.525946
8720,PL,131,5,13,4,0.00358614,0.00776181,0.462023
8730,PL,96,4,1,3,0.00344454,0.00574336,0.599743
8740,PL,70,5,10,3,0.0035858,0.00637403,0.562564
8750,PL,91,5,28,9,0.00323006,0.00835444,0.386627
8760,PL,115,4,0,0,0.00317824,0.00351866,0.903252
8770,PL,91,3,24,3,0.00349952,0.0058239,0.600889
8780,PL,109,7,8,4,0.00352013,0.00790801,0.445134
8790,PL,86,5,0,0,0.00297036,0.00475933,0.624113
8800,PL,92,7,29,4,0.00295583,0.00798918,0.369979
8810,PL,47,4,7,3,0.00266033,0.00465977,0.570915
8820,PL,105,4,0,0,0.00348906,0.00435042,0.802004
8830,PL,67,6,0,0,0.00288008,0.00393228,0.732418
8840,PL,54,3,0,0,0.00278593,0.00259636,1.07301
8850,PL,127,7,36,4,0.00325974,0.00839473,0.388307
8860,PL,107,4,89,6,0.0033663,0.00954319,0.352743
8870,PL,64,5,0,0,0.00270247,0.00299188,0.903271
8880,PL,95,4,0,3,0.00310438,0.00571213,0.543471
8890,PL,68,4,0,0,0.00297358,0.00341958,0.869574
8900,PL,101,5,0,0,0.00303461,0.00501261,0.605395
8910,PL,150,5,0,0,0.00376326,0.00436683,0.861783
8920,PL,90,4,0,0,0.00290005,0.00388282,0.746894
8930,PL,82,5,30,4,0.0029126,0.00637718,0.456723
8940,PL,108,4,0,0,0.00331539,0.00416988,0.79508
8950,PL,64,7,0,0,0.00308096,0.005295,0.581862
8960,PL,102,5,0,0,0.00342929,0.00498288,0.688215
8970,PL,135,4,0,0,0.0035508,0.00424661,0.836149
8980,PL,48,5,32,3,0.0038727,0.00728926,0.531289
8990,PL,106,4,19,3,0.00351661,0.00652297,0.539111
9000,PL,105,4,18,3,0.00323437,0.00701173,0.46128
9010,PL,32,3,0,0,0.00277077,0.00245481,1.12871
9020,PL,101,4,24,5,0.003469,0.00800092,0.433575
9030,PL,80,4,0,0,0.00355659,0.00410186,0.867067
9040,PL,97,4,10,3,0.00344451,0.00575064,0.598978
9050,PL,52,5,0,0,0.00323821,0.00340202,0.951849
9060,PL,157,6,0,0,0.00369245,0.00509466,0.724769
9070,PL,11,3,0,0,0.00274314,0.00159283,1.72218
9080,PL,86,4,50,4,0.00350588,0.00798679,0.438959
9090,PL,116,5,0,0,0.00341489,0.00415979,0.820928
9100,PL,139,5,5,3,0.00316073,0.00761165,0.415248
9110,PL,127,6,0,0,0.00366596,0.00618775,0.592454
9120,PL,161,4,0,0,0.00370217,0.00413087,0.89622
9130,PL,97,3,0,0,0.00351272,0.00353704,0.993124
9140,PL,80,3,31,4,0.00311494,0.00628106,0.495925
9150,PL,88,5,21,3,0.00364636,0.00687319,0.53052
9160,PL,168,6,43,4,0.00350577,0.0118778,0.295154
9170,PL,60,4,0,0,0.00327501,0.00345386,0.948217
9180,PL,115,5,0,0,0.00328105,0.00455739,0.719939
9190,PL,42,3,15,3,0.00360536,0.00444264,0.811535
9200,PL,130,5,0,0,0.00369793,0.00421728,0.876851
9210,PL,57,4,0,0,0.00298353,0.00350931,0.850178
9220,PL,130,4,50,5,0.00337926,0.00813804,0.415242
9230,PL,108,4,0,0,0.00365698,0.00417256,0.876435
9240,PL,129,7,33,4,0.00338266,0.00947269,0.357096
9250,PL,90,4,0,0,0.00312299,0.0032659,0.956242
9260,PL,72,4,42,5,0.00355238,0.0106247,0.33435
9270,PL,89,4,0,0,0.00321871,0.00386868,0.831991
9280,PL,117,5,40,4,0.00337332,0.00947386,0.356066
9290,PL,199,8,0,0,0.0035998,0.00580799,0.619801
9300,PL,75,4,19,4,0.00332012,0.00692037,0.47976
9310,PL,120,4,0,0,0.00365707,0.00382419,0.956299
9320,PL,41,4,0,0,0.00263344,0.00317292,0.829976
9330,PL,85,4,0,0,0.00324115,0.00436424,0.742659
9340,PL,75,5,0,0,0.00313492,0.00491454,0.637887
9350,PL,156,7,0,0,0.00369813,0.00656756,0.56309
9360,PL,41,5,2,3,0.00298575,0.00565947,0.527566
9370,PL,111,4,0,0,0.0033617,0.00441192,0.761957
9380,PL,104,6,6,3,0.00368108,0.00604402,0.609045
9390,PL,62,3,8,3,0.00293835,0.00513238,0.572511
9400,PL,70,5,0,0,0.00321156,0.00393151,0.816876
9410,PL,53,3,0,0,0.00285579,0.00349203,0.817804
9420,PL,62,5,0,0,0.00314529,0.00427341,0.736013
9430,PL,84,5,8,3,0.00328884,0.00562934,0.584231
9440,PL,48,4,0,0,0.00299584,0.00338496,0.885043
9450,PL,65,3,0,0,0.00284397,0.00318334,0.893394
9460,PL,79,4,0,0,0.00356121,0.00425156,0.837624
9470,PL,84,4,8,3,0.00353043,0.0059124,0.597123
9480,PL,108,5,0,0,0.00364271,0.0037897,0.961213
9490,PL,44,4,0,0,0.00253939,0.00341812,0.742921
9500,PL,54,3,15,3,0.00285283,0.00520969,0.547602
9510,PL,68,4,0,0,0.00293443,0.00350448,0.837336
9520,PL,61,4,0,0,0.00324005,0.00322935,1.00331
9530,PL,95,5,8,3,0.00281719,0.00567651,0.49629
9540,PL,99,5,0,0,0.00366537,0.00366599,0.999831
9550,PL,103,4,0,0,0.00371371,0.00391612,0.948313
9560,PL,126,5,27,4,0.00344748,0.00830214,0.415252
9570,PL,135,6,0,0,0.00333576,0.00491095,0.679248
9580,PL,96,5,37,5,0.00304848,0.00874986,0.348403
9590,PL,73,4,0,0,0.00363384,0.00300842,1.20789
9600,PL,125,5,3,3,0.00341973,0.00646555,0.528915
9610,PL,108,5,0,0,0.00331344,0.00512678,0.6463
9620,PL,45,5,10,3,0.00327989,0.00609683,0.537966
9630,PL,119,4,10,3,0.00364093,0.00592183,0.614832
9640,PL,142,5,0,3,0.00327303,0.00552825,0.592055
9650,PL,84,5,0,0,0.00322199,0.00445387,0.723412
9660,PL,149,8,67,6,0.00321578,0.0140261,0.229271
9670,PL,125,4,0,0,0.00342991,0.00380791,0.900732
9680,PL,83,3,0,0,0.00355582,0.00278429,1.2771
9690,PL,77,4,0,0,0.00335164,0.00341113,0.98256
9700,PL,90,4,2,3,0.00315352,0.00521846,0.6043
9710,PL,88,4,4,3,0.00322432,0.00452508,0.712543
9720,PL,108,4,0,0,0.00362167,0.00383324,0.944806
9730,PL,64,5,44,5,0.00283901,0.00739142,0.384096
9740,PL,94,5,0,0,0.00335623,0.00411104,0.816394
9750,PL,72,5,4,3,0.00291173,0.00670457,0.434291
9760,PL,73,5,0,0,0.00290393,0.00378827,0.76656
9770,PL,92,3,95,4,0.00333966,0.00809035,0.412795
9780,PL,152,7,1,3,0.00347354,0.00779219,0.445772
9790,PL,146,8,0,0,0.00333097,0.00720627,0.462232
9800,PL,14,3,0,0,0.00257626,0.00241902,1.065
9810,PL,155,5,0,0,0.00334957,0.00525737,0.637119
9820,PL,101,4,121,6,0.00339734,0.012071,0.281447
9830,PL,134,5,0,0,0.00372809,0.00539996,0.690392
9840,PL,106,5,36,3,0.00355247,0.00725496,0.489661
9850,PL,77,5,13,3,0.00338673,0.0064632,0.524001
9860,PL,103,4,0,0,0.00325074,0.00391813,0.829665
9870,PL,77,5,12,4,0.00312484,0.00757266,0.412647
9880,PL,102,4,57,4,0.00322808,0.00718982,0.448979
9890,PL,46,3,1,3,0.00313494,0.00492968,0.63593
9900,PL,74,4,0,0,0.00358374,0.00499032,0.718139
9910,PL,93,7,6,4,0.00325938,0.00657502,0.495721
9920,PL,89,4,0,0,0.00303979,0.003048,0.997306
9930,PL,118,7,0,0,0.00371251,0.00484159,0.766795
9940,PL,126,4,12,3,0.00341658,0.00618567,0.552337
9950,PL,64,4,0,0,0.00313133,0.00391673,0.799475
9960,PL,105,4,16,6,0.00332825,0.00736233,0.452064
9970,PL,146,4,10,5,0.00376099,0.00664536,0.565957
9980,PL,124,7,0,0,0.00338591,0.00585061,0.578727
9990,PL,90,6,0,0,0.00306295,0.00564095,0.542984
10000,PL,179,5,0,0,0.00368413,0.00538605,0.684013
10010,PL,46,4,0,0,0.00259446,0.00280563,0.924734
10020,PL,92,4,25,3,0.00306357,0.00596509,0.513582
10030,PL,149,5,0,0,0.0035923,0.00475484,0.755503
10040,PL,124,5,0,0,0.00357703,0.0046557,0.768311
10050,PL,91,8,0,0,0.0031362,0.00620449,0.505472
10060,PL,63,4,0,0,0.0028728,0.0037933,0.757337
10070,PL,97,7,21,3,0.00319004,0.00700098,0.455656
10080,PL,74,4,1,3,0.00361679,0.00422999,0.855034
10090,PL,91,5,2,3,0.00361167,0.00691852,0.522029
10100,PL,74,4,0,0,0.00262082,0.00364865,0.7183
10110,PL,78,4,0,0,0.00325923,0.00348457,0.935332
10120,PL,50,5,0,0,0.00339577,0.00347668,0.976727
10130,PL,131,4,8,3,0.00326658,0.00626771,0.521175
10140,PL,94,5,15,3,0.00376148,0.00653276,0.575788
10150,PL,116,4,7,3,0.00318848,0.00653817,0.487671
10160,PL,51,4,16,3,0.00317997,0.00579886,0.548378
10170,PL,33,4,7,3,0.00284396,0.00531067,0.535519
10180,PL,62,3,18,4,0.0032731,0.00518876,0.630806
10190,PL,66,4,17,4,0.00342599,0.00618159,0.554224
10200,PL,89,4,2,3,0.00353975,0.00505662,0.700023
10210,PL,139,6,1,3,0.00365424,0.00741397,0.492886
10220,PL,133,7,3,3,0.00366116,0.00711455,0.514602
10230,PL,154,5,0,0,0.00354319,0.00550004,0.644211
10240,PL,99,5,0,0,0.00338099,0.00447117,0.756174
10250,PL,193,7,0,0,0.00323984,0.00875914,0.369881
10260,PL,121,4,0,0,0.00373148,0.00388849,0.959622
10270,PL,118,4,28,4,0.00355129,0.00766094,0.463558
10280,PL,76,4,6,3,0.003569,0.00495483,0.720308
10290,PL,130,5,0,0,0.00345836,0.00416607,0.830124
10300,PL,134,4,0,0,0.00359554,0.00453692,0.792506
10310,PL,117,4,5,3,0.00357875,0.00579025,0.618065
10320,PL,91,4,0,0,0.00327751,0.00391462,0.837248
10330,PL,3,3,4,3,0.00249194,0.00320553,0.77739
10340,PL,73,6,20,4,0.00346722,0.0066101,0.524533
10350,PL,127,4,0,0,0.003101,0.00354311,0.875219
10360,PL,101,7,0,0,0.00328331,0.00519602,0.631889
10370,PL,76,5,0,0,0.00315726,0.00426181,0.740825
10380,PL,81,4,0,0,0.00313598,0.00405679,0.773019
10390,PL,178,8,0,0,0.00374379,0.00696635,0.537411
10400,PL,131,5,0,0,0.00382582,0.00511069,0.748592
10410,PL,133,5,7,3,0.003216,0.00644389,0.499077
10420,PL,71,4,0,0,0.00337405,0.0034742,0.971173
10430,PL,87,3,1,3,0.00332453,0.00444602,0.747753
10440,PL,66,4,0,0,0.00328459,0.00389573,0.843125
10450,PL,33,3,0,0,0.00283862,0.00246896,1.14972
10460,PL,67,5,0,0,0.00339546,0.00481837,0.704689
10470,PL,113,5,0,0,0.00359233,0.00438808,0.818656
10480,PL,95,4,0,0,0.00271487,0.00415658,0.653151
10490,PL,88,4,2,3,0.00333428,0.00558282,0.597239
10500,PL,60,4,0,0,0.00291856,0.00314313,0.928551
10510,PL,76,5,21,4,0.00319023,0.00791397,0.403113
10520,PL,82,4,12,3,0.00360375,0.00585795,0.615189
10530,PL,125,5,13,3,0.00379678,0.00706541,0.537376
10540,PL,128,5,2,3,0.00349283,0.00601382,0.5808
10550,PL,96,5,4,3,0.0027443,0.00617798,0.444207
10560,PL,86,4,0,0,0.00315442,0.00309354,1.01968
10570,PL,75,4,0,0,0.00271353,0.00329544,0.823421
10580,PL,97,5,0,0,0.00334183,0.00484646,0.68954
10590,PL,124,5,0,0,0.00338052,0.00434489,0.778044
10600,PL,65,6,0,0,0.00256557,0.00539169,0.475839
10610,PL,72,4,8,3,0.0029619,0.0053465,0.553988
10620,PL,134,5,5,3,0.00358139,0.00687146,0.521198
10630,PL,96,5,0,0,0.00339075,0.00464751,0.729584
10640,PL,74,3,0,0,0.0035672,0.00339178,1.05172
10650,PL,90,4,0,0,0.00337503,0.00373863,0.902745
10660,PL,29,4,0,0,0.0031167,0.0039241,0.794246
10670,PL,86,4,0,0,0.00309145,0.00319428,0.967808
10680,PL,51,3,0,0,0.00320593,0.0023532,1.36237
10690,PL,190,6,0,0,0.00358389,0.00793931,0.451411
10700,PL,90,5,53,4,0.00318096,0.00877298,0.362586
10710,PL,133,5,0,0,0.00324583,0.0051926,0.625089
10720,PL,125,8,0,0,0.00309347,0.00565997,0.546553
10730,PL,81,5,0,0,0.00316494,0.00385585,0.820815
10740,PL,140,7,0,0,0.00348984,0.00621541,0.561483
10750,PL,94,6,24,3,0.00309689,0.00764375,0.405154
10760,PL,100,6,0,0,0.00384272,0.00528356,0.727298
10770,PL,137,6,5,4,0.00372073,0.0073712,0.504767
10780,PL,123,3,16,3,0.00358257,0.00597875,0.599218
10790,PL,71,4,23,3,0.00387017,0.0066673,0.580471
10800,PL,99,5,1,3,0.00328084,0.00620366,0.528856
10810,PL,108,3,22,3,0.00314971,0.00581882,0.541298
10820,PL,81,4,20,5,0.00287794,0.00774051,0.371803
10830,PL,61,3,6,3,0.00346353,0.00464591,0.745502
10840,PL,36,5,7,3,0.0029341,0.00486185,0.603494
10850,PL,73,6,0,0,0.00310002,0.00406268,0.763048
10860,PL,113,6,73,5,0.00336293,0.00950282,0.353888
10870,PL,112,4,53,5,0.00356838,0.00788896,0.452326
10880,PL,109,5,0,0,0.00366335,0.00444805,0.823586
10890,PL,139,5,0,0,0.0032278,0.00524752,0.615111
10900,PL,104,6,0,0,0.00334015,0.0048434,0.689629
10910,PL,58,4,6,3,0.0033911,0.00480354,0.705959
10920,PL,170,6,40,7,0.00360621,0.0113887,0.316647
10930,PL,41,4,0,0,0.00330637,0.00306649,1.07823
10940,PL,109,7,0,0,0.00333445,0.00547176,0.609394
10950,PL,145,6,0,0,0.00384768,0.00561401,0.685372
10960,PL,131,3,0,0,0.00360667,0.00397974,0.906258
10970,PL,35,3,38,3,0.00316728,0.0049462,0.640347
10980,PL,47,5,20,5,0.00308893,0.00889173,0.347394
10990,PL,87,5,0,0,0.0035274,0.00461316,0.764638
11000,PL,6,4,5,3,0.00262497,0.00413412,0.634953
11010,PL,23,3,0,0,0.00259719,0.00221817,1.17087
11020,PL,71,4,0,0,0.00398445,0.00366919,1.08592
11030,PL,96,7,0,0,0.00326717,0.00486513,0.671549
11040,PL,60,4,0,0,0.00323068,0.00350838,0.920847
11050,PL,112,6,0,0,0.00333381,0.00603087,0.552792
11060,PL,109,5,23,4,0.00353934,0.00711067,0.497751
11070,PL,129,7,0,0,0.00361129,0.00581466,0.621068
11080,PL,109,5,12,3,0.00351462,0.00673413,0.521912
11090,PL,114,4,11,3,0.00365928,0.00575269,0.6361
11100,PL,117,5,0,0,0.0037329,0.00473357,0.788602
11110,PL,54,6,0,0,0.00338118,0.00473906,0.713471
11120,PL,139,4,11,3,0.00343762,0.00713805,0.481592
11130,PL,94,5,3,3,0.00279806,0.00662865,0.422117
11140,PL,136,4,0,0,0.00351772,0.00388644,0.905127
11150,PL,104,5,0,0,0.00321859,0.00444132,0.724693
11160,PL,117,4,35,3,0.00338556,0.00739607,0.457752
11170,PL,86,5,0,0,0.00291504,0.00454417,0.64149
11180,PL,7,3,0,0,0.0025978,0.00164811,1.57623
11190,PL,78,4,0,0,0.00259064,0.00380975,0.680002
11200,PL,73,4,0,0,0.00350833,0.00406234,0.863623
11210,PL,72,4,0,0,0.00284793,0.00331926,0.858001
11220,PL,152,7,0,3,0.00373274,0.00840335,0.444197
11230,PL,139,6,0,0,0.00357197,0.00568825,0.627957
11240,PL,0,3,0,0,0.00251548,0.00136126,1.8479
11250,PL,90,4,7,3,0.00318566,0.00570484,0.558414
11260,PL,66,5,12,3,0.00312078,0.00645704,0.483315
11270,PL,51,5,0,0,0.00288987,0.00402406,0.718148
11280,PL,63,3,0,0,0.00319147,0.00310627,1.02743
11290,PL,107,7,11,3,0.00358223,0.00754087,0.475043
11300,PL,128,4,0,0,0.00336493,0.00439228,0.766101
11310,PL,105,4,0,0,0.00327231,0.00394627,0.829216
11320,PL,91,4,8,3,0.0031658,0.00653197,0.484663
11330,PL,59,3,0,0,0.00329409,0.00284694,1.15706
11340,PL,89,5,0,0,0.00288913,0.00372688,0.775214
11350,PL,90,4,0,0,0.00326991,0.00359535,0.909483
11360,PL,82,4,4,3,0.00325465,0.00612747,0.531158
11370,PL,159,6,10,3,0.00357494,0.00853222,0.418993
11380,PL,158,7,0,0,0.00351125,0.00630662,0.556757
11390,PL,105,4,0,0,0.00332283,0.00351685,0.944831
11400,PL,64,3,3,3,0.00292669,0.0044721,0.654433
11410,PL,121,3,0,0,0.00313879,0.00346906,0.904795
11420,PL,118,4,0,0,0.00365792,0.00444072,0.823722
11430,PL,60,3,14,3,0.0028865,0.0047793,0.60396
11440,PL,77,4,0,0,0.00374679,0.00437459,0.856489
11450,PL,88,4,13,3,0.00374734,0.0063241,0.59255
11460,PL,95,4,0,0,0.00346697,0.00418494,0.82844
11470,PL,164,4,15,3,0.00398115,0.00621449,0.640625
11480,PL,62,4,0,0,0.00279088,0.00298538,0.934849
11490,PL,87,4,4,3,0.00314884,0.00501761,0.627559
11500,PL,100,5,0,0,0.00301088,0.00404866,0.743673
11510,PL,76,6,1,3,0.00323186,0.00713911,0.452699
11520,PL,156,5,5,3,0.00378529,0.0070975,0.533328
11530,PL,151,5,0,0,0.00367085,0.00560364,0.655084
11540,PL,55,5,21,4,0.00277023,0.0065209,0.424824
11550,PL,47,4,27,4,0.00345636,0.00617245,0.559967
11560,PL,107,6,4,3,0.00349558,0.00739133,0.472931
11570,PL,108,5,21,4,0.00285342,0.00725517,0.393295
11580,PL,84,7,0,0,0.0033451,0.00577991,0.578747
11590,PL,153,4,17,4,0.00354958,0.00726663,0.488477
11600,PL,92,3,0,0,0.00295871,0.00318696,0.92838
11610,PL,149,5,0,0,0.00330055,0.00411761,0.801569
11620,PL,118,3,0,0,0.00369218,0.00339193,1.08852
11630,PL,110,4,0,0,0.00342964,0.00401585,0.854026
11640,PL,117,3,8,4,0.00334698,0.00503566,0.664656
11650,PL,83,4,13,3,0.00332936,0.00594657,0.55988
11660,PL,79,5,17,6,0.00329805,0.00794133,0.415302
11670,PL,77,5,0,0,0.00326584,0.00452594,0.721584
11680,PL,82,5,0,0,0.00328319,0.00367629,0.893071
11690,PL,88,3,0,0,0.00301744,0.00311505,0.968665
11700,PL,81,4,0,0,0.0031152,0.00379282,0.821342
11710,PL,118,5,52,5,0.00350471,0.00878462,0.39896
11720,PL,89,5,24,5,0.00376032,0.00847141,0.443884
11730,PL,78,4,0,0,0.00335961,0.00360251,0.932575
11740,PL,164,7,0,0,0.00322309,0.00568879,0.56657
11750,PL,53,3,72,4,0.00373119,0.00638135,0.584703
11760,PL,77,6,0,0,0.00281942,0.00457036,0.616892
11770,PL,123,6,0,0,0.00315342,0.00521302,0.604913
11780,PL,130,5,0,0,0.00365529,0.00582029,0.628027
11790,PL,132,8,0,0,0.00344568,0.00745817,0.462001
11800,PL,68,4,65,5,0.0028223,0.00836918,0.337226
11810,PL,39,3,0,0,0.00269188,0.00223756,1.20304
11820,PL,100,4,0,0,0.00382204,0.0038136,1.00221
11830,PL,81,5,26,6,0.00268145,0.00855062,0.313597
11840,PL,157,4,0,0,0.00348244,0.00400054,0.870492
11850,PL,91,5,0,0,0.00295765,0.003407,0.86811
11860,PL,79,5,3,3,0.00345348,0.00481718,0.716909
11870,PL,8,3,7,4,0.00255383,0.00401887,0.63546
11880,PL,126,5,0,0,0.00311979,0.00477405,0.653489
11890,PL,127,4,0,0,0.00341862,0.00407316,0.839304
11900,PL,153,4,0,0,0.00355292,0.00447271,0.794355
11910,PL,180,5,30,3,0.00379042,0.00758023,0.500041
11920,PL,93,5,0,0,0.00363375,0.00406426,0.894074
11930,PL,101,4,27,4,0.0037085,0.00694796,0.533755
11940,PL,94,5,31,5,0.00359375,0.00765435,0.469505
11950,PL,153,4,38,6,0.00348769,0.0081209,0.429471
11960,PL,124,5,7,3,0.0034158,0.00747785,0.45679
11970,PL,75,6,0,0,0.00269205,0.00422305,0.637466
11980,PL,85,4,0,0,0.00336904,0.00377904,0.891507
11990,PL,130,5,0,0,0.00369707,0.00439639,0.840933
12000,PL,136,5,0,0,0.00347395,0.00549938,0.6317
12010,PL,102,5,0,0,0.00307493,0.00365492,0.841313
12020,PL,31,3,9,3,0.00273515,0.00395421,0.691706
12030,PL,1,3,0,0,0.0025039,0.00180838,1.38461
12040,PL,114,6,36,4,0.00331641,0.00881933,0.376039
12050,PL,104,5,4,3,0.0034905,0.00578509,0.603361
12060,PL,80,4,14,3,0.0032117,0.00683388,0.469968
12070,PL,114,4,15,3,0.00382853,0.00560287,0.683317
12080,PL,118,3,0,0,0.00317698,0.00360894,0.880308
12090,PL,147,4,16,3,0.00366106,0.00610963,0.599229
12100,PL,28,3,8,3,0.00252033,0.00431336,0.584308
12110,PL,107,5,0,0,0.00344331,0.00452299,0.761291
12120,PL,95,4,15,3,0.00349356,0.00585683,0.596493
12130,PL,87,4,7,3,0.00313772,0.00597857,0.524829
12140,PL,153,4,0,0,0.00368181,0.0043997,0.836832
12150,PL,134,4,0,0,0.00355131,0.0041978,0.845993
12160,PL,45,3,19,3,0.00287167,0.00466479,0.615606
12170,PL,90,3,19,3,0.00361136,0.0055418,0.65166
12180,PL,87,4,0,0,0.00300912,0.00459898,0.654301
12190,PL,128,7,0,0,0.00342112,0.00628376,0.544439
12200,PL,20,3,3,3,0.00280913,0.00386719,0.726401
12210,PL,113,4,0,0,0.00347264,0.00433451,0.801161
12220,PL,57,5,5,3,0.00345877,0.00516938,0.669089
12230,PL,68,4,0,0,0.00366815,0.0037891,0.96808
12240,PL,77,6,0,0,0.00329033,0.00501871,0.655613
12250,PL,0,3,8,3,0.00251421,0.00321123,0.782943
12260,PL,122,6,3,3,0.00309838,0.00759902,0.407735
12270,PL,105,5,0,0,0.00335511,0.00498555,0.672968
12280,PL,104,3,0,0,0.00338177,0.00367199,0.920964
12290,PL,139,5,9,3,0.00360487,0.0072214,0.499193
12300,PL,33,4,10,3,0.00253248,0.00497856,0.508677
12310,PL,75,5,76,4,0.00350292,0.00815695,0.42944
12320,PL,97,5,0,0,0.00348186,0.00463406,0.751363
12330,PL,157,6,0,0,0.00323951,0.00573393,0.564972
12340,PL,95,6,40,4,0.00314549,0.0102132,0.307982
12350,PL,40,5,0,0,0.00275665,0.00378855,0.727627
12360,PL,64,3,4,3,0.00284695,0.00492763,0.577753
12370,PL,81,5,0,0,0.0033753,0.0035482,0.951271
12380,PL,110,5,0,0,0.00331492,0.00520201,0.637238
12390,PL,136,5,0,0,0.00325631,0.0059077,0.551198
12400,PL,94,4,69,5,0.00343139,0.00895094,0.383356
12410,PL,116,5,0,0,0.00344476,0.00506736,0.679794
12420,PL,118,6,0,0,0.00377921,0.00493619,0.765613
12430,PL,98,4,0,0,0.00346363,0.00326952,1.05937
12440,PL,113,5,14,3,0.00314497,0.00628208,0.500626
12450,PL,98,6,0,0,0.00386979,0.00537715,0.719673
12460,PL,104,6,0,0,0.00323201,0.00550205,0.587419
12470,PL,139,6,0,0,0.00304116,0.00581252,0.523209
12480,PL,52,4,0,0,0.00349624,0.00326794,1.06986
12490,PL,99,6,1,3,0.00314265,0.00643204,0.488594
12500,PL,92,4,0,0,0.00317539,0.00459885,0.690475
12510,PL,3,3,0,0,0.00251072,0.00142072,1.76722
12520,PL,70,4,0,0,0.00287421,0.00328267,0.875571
12530,PL,56,3,0,0,0.00319224,0.00331858,0.96193
12540,PL,97,3,12,3,0.00348699,0.00512687,0.68014
12550,PL,91,4,0,0,0.0031689,0.00364503,0.869375
12560,PL,106,4,6,3,0.00375883,0.00567119,0.662795
12570,PL,131,6,0,3,0.00366812,0.00618183,0.593372
12580,PL,82,4,0,0,0.00386982,0.00351043,1.10238
12590,PL,19,3,0,0,0.00252608,0.00237537,1.06345
12600,PL,123,7,0,0,0.00340391,0.00536319,0.634681
12610,PL,25,3,0,0,0.00276669,0.00198387,1.39459
12620,PL,124,4,0,0,0.00340957,0.00437867,0.778677
12630,PL,91,5,17,4,0.00322787,0.00711585,0.453618
12640,PL,98,6,9,3,0.00313699,0.00712616,0.440208
12650,PL,93,6,20,5,0.00297583,0.00762394,0.390328
12660,PL,67,4,35,3,0.00341291,0.0052306,0.65249
12670,PL,74,4,19,4,0.0032655,0.00623136,0.524044
12680,PL,166,5,0,0,0.00331168,0.00547906,0.604425
12690,PL,76,4,0,0,0.00274737,0.00369493,0.743552
12700,PL,140,6,9,3,0.00380414,0.00614264,0.619302
12710,PL,86,4,0,0,0.00370199,0.00382027,0.969039
12720,PL,123,5,0,0,0.00349839,0.0045283,0.772561
12730,PL,152,5,0,0,0.00351344,0.00603124,0.582541
12740,PL,66,4,0,0,0.00261615,0.00271842,0.962379
12750,PL,137,5,0,0,0.00389615,0.00419032,0.929798
12760,PL,116,6,20,3,0.00325349,0.00807945,0.402688
12770,PL,95,5,13,4,0.00377994,0.00703016,0.537675
12780,PL,100,5,0,0,0.00351518,0.00489775,0.717713
12790,PL,76,5,0,0,0.0033001,0.00420434,0.784927
12800,PL,45,4,11,3,0.00321268,0.00522257,0.615154
12810,PL,86,5,9,3,0.00302592,0.0062082,0.487408
12820,PL,81,5,0,0,0.00283842,0.00363328,0.781228
12830,PL,109,4,0,0,0.00344343,0.00329229,1.04591
12840,PL,114,5,12,3,0.0033662,0.00603142,0.558112
12850,PL,108,5,0,0,0.0038035,0.00409899,0.927912
12860,PL,54,3,0,0,0.00292118,0.00232949,1.254
12870,PL,160,7,0,0,0.00354493,0.00785733,0.451163
12880,PL,100,6,0,0,0.00332034,0.00454095,0.731199
12890,PL,166,8,0,0,0.00372015,0.00598272,0.621817
12900,PL,125,5,0,0,0.00354088,0.00577689,0.61294
12910,PL,97,3,51,5,0.00364898,0.00832893,0.43811
12920,PL,97,4,16,4,0.00340925,0.00729068,0.467618
12930,PL,129,5,0,0,0.00337236,0.00414679,0.813246
12940,PL,134,5,0,0,0.00376399,0.00431364,0.872578
12950,PL,61,4,28,6,0.00331762,0.00702578,0.472207
12960,PL,123,5,8,3,0.00335362,0.00629006,0.533163
12970,PL,87,5,5,3,0.00341385,0.00668024,0.511038
12980,PL,18,3,0,0,0.00315801,0.00207511,1.52185
12990,PL,124,4,0,0,0.0035792,0.00397585,0.900235
13000,PL,192,5,19,5,0.00361433,0.00941787,0.383774
13010,PL,33,3,13,4,0.00267552,0.00591517,0.452315
13020,PL,0,3,0,0,0.00249142,0.00142037,1.75406
13030,PL,92,4,12,4,0.00360246,0.00693087,0.519771
13040,PL,138,8,0,0,0.0033504,0.0075154,0.445805
13050,PL,45,3,0,0,0.00274073,0.00321642,0.852106
13060,PL,130,6,0,0,0.00345986,0.00516258,0.67018
13070,PL,120,5,12,4,0.00304693,0.0065424,0.465721
13080,PL,109,4,0,0,0.00373562,0.00360054,1.03752
13090,PL,154,4,0,0,0.00316,0.00442012,0.714913
13100,PL,121,4,0,0,0.00340961,0.00357386,0.954042
13110,PL,155,4,0,0,0.00337971,0.0042186,0.801145
13120,PL,0,3,0,0,0.00247957,0.00137876,1.79841
13130,PL,110,4,6,3,0.00320335,0.00546183,0.586498
13140,PL,95,5,2,3,0.00309891,0.00698901,0.443398
13150,PL,92,5,0,0,0.00370277,0.00464166,0.797725
13160,PL,59,3,0,0,0.0033471,0.00351787,0.951457
13170,PL,0,3,10,3,0.00248865,0.00317294,0.784336
13180,PL,148,5,0,0,0.00364986,0.00457204,0.7983
13190,PL,81,4,1,3,0.00305584,0.00517984,0.589949
13200,PL,71,5,39,5,0.00317276,0.00658358,0.481921
13210,PL,128,5,8,3,0.00305995,0.00700009,0.437131
13220,PL,139,3,0,0,0.00344131,0.00367638,0.936059
13230,PL,73,5,6,3,0.00277297,0.00552874,0.501556
13240,PL,90,4,0,0,0.00322178,0.00387869,0.830636
13250,PL,123,4,0,0,0.00355502,0.00477007,0.745278
13260,PL,78,5,0,0,0.00303955,0.00422761,0.718976
13270,PL,69,5,7,3,0.00311395,0.00529415,0.588188
13280,PL,176,5,0,0,0.0038626,0.00595667,0.648451
13290,PL,173,4,11,3,0.00309783,0.00647805,0.478205
13300,PL,115,3,17,3,0.00303768,0.00611142,0.497051
13310,PL,56,3,15,3,0.00309157,0.00519987,0.594548
13320,PL,77,4,35,5,0.0035439,0.00800286,0.44283
13330,PL,114,4,7,3,0.0036126,0.00677521,0.533209
13340,PL,68,4,0,0,0.00336845,0.00413523,0.814574
13350,PL,69,4,10,3,0.00300702,0.00608646,0.494051
13360,PL,108,5,0,0,0.00349789,0.00399455,0.875665
13370,PL,225,6,16,3,0.00356257,0.00946393,0.376437
13380,PL,63,4,11,3,0.00261669,0.00557298,0.469532
13390,PL,43,3,0,0,0.00308966,0.00257456,1.20007
13400,PL,79,3,53,5,0.00339777,0.00776055,0.437826
13410,PL,81,4,15,3,0.00354391,0.00607791,0.583081
13420,PL,119,5,3,3,0.00353507,0.00571566,0.618488
13430,PL,54,4,0,0,0.00307793,0.00305113,1.00878
13440,PL,69,3,0,0,0.00301812,0.0030401,0.99277
13450,PL,92,5,2,3,0.00359158,0.00561955,0.639123
13460,PL,83,5,0,0,0.0032346,0.00450184,0.718506
13470,PL,115,4,0,0,0.00297834,0.00377885,0.78816
13480,PL,62,3,0,0,0.0034237,0.00237854,1.43941
13490,PL,110,4,0,0,0.00343968,0.00423469,0.812262
13500,PL,120,4,0,0,0.00347377,0.00395769,0.877727
13510,PL,128,7,70,6,0.00314636,0.0111904,0.281166
13520,PL,40,3,0,0,0.00260166,0.00234154,1.11109
13530,PL,112,4,0,0,0.0029129,0.00364002,0.800243
13540,PL,137,6,0,0,0.00322686,0.00533292,0.605083
13550,PL,119,5,0,0,0.00333989,0.00448208,0.745165
13560,PL,89,3,6,3,0.00322428,0.0048038,0.671194
13570,PL,87,3,0,0,0.00291185,0.0035366,0.823347
13580,PL,62,5,0,0,0.00317802,0.00458908,0.692518
13590,PL,130,4,8,3,0.00364573,0.00539028,0.676353
13600,PL,100,6,9,3,0.00359257,0.00699865,0.513324
13610,PL,123,4,12,5,0.00376477,0.00744362,0.505772
13620,PL,80,4,0,0,0.00329645,0.00457581,0.720408
13630,PL,102,3,4,3,0.00340239,0.00517338,0.657672
13640,PL,115,5,0,0,0.00339833,0.00412679,0.82348
13650,PL,103,4,7,3,0.00355727,0.00600148,0.592733
13660,PL,101,4,197,6,0.00309229,0.0108945,0.28384
13670,PL,98,6,0,0,0.00339552,0.00484016,0.70153
13680,PL,91,5,0,0,0.00340539,0.00388313,0.87697
13690,PL,40,5,1,3,0.00328838,0.00591451,0.555986
13700,PL,116,6,0,0,0.00368911,0.00468487,0.787452
13710,PL,112,5,6,3,0.00338953,0.00693655,0.488649
13720,PL,85,4,9,3,0.00323982,0.00579111,0.559448
13730,PL,117,8,0,0,0.00355,0.00636964,0.557332
13740,PL,116,4,0,0,0.00342812,0.0038172,0.898072
13750,PL,125,4,0,0,0.00333858,0.00418963,0.796867
13760,PL,53,4,8,4,0.00335308,0.00580278,0.57784
13770,PL,76,4,25,3,0.00352272,0.00579919,0.607451
13780,PL,126,4,0,0,0.00345575,0.00455647,0.758427
13790,PL,96,7,82,8,0.00358696,0.0111055,0.322991
13800,PL,157,5,15,3,0.00365569,0.00594751,0.614659
13810,PL,112,5,0,0,0.00329693,0.00478226,0.68941
13820,PL,142,5,0,0,0.00380483,0.00492976,0.77181
13830,PL,155,6,2,3,0.00375609,0.00736534,0.509969
13840,PL,117,4,0,0,0.00325845,0.00412688,0.789567
13850,PL,204,6,11,3,0.00352521,0.00875286,0.40275
13860,PL,136,6,36,6,0.00295817,0.0085986,0.34403
13870,PL,76,4,0,0,0.00301621,0.00420342,0.717561
13880,PL,112,6,0,0,0.00285169,0.00543917,0.524289
13890,PL,15,3,0,0,0.00263119,0.00200937,1.30946
13900,PL,103,4,0,0,0.00334679,0.00360071,0.929481
13910,PL,65,5,0,0,0.00316194,0.00425121,0.743774
13920,PL,87,4,13,3,0.00372298,0.00678087,0.549042
13930,PL,97,3,99,4,0.00302996,0.00842319,0.359717
13940,PL,112,5,15,3,0.00355451,0.00633714,0.560902
13950,PL,77,4,4,3,0.00351694,0.00514433,0.683655
13960,PL,67,5,3,3,0.0030824,0.00536289,0.574765
13970,PL,94,3,16,3,0.00307611,0.00501185,0.613769
13980,PL,91,5,15,4,0.00361092,0.00713019,0.506428
13990,PL,144,5,0,0,0.00322877,0.00509485,0.633732
14000,PL,48,4,0,0,0.00282099,0.00325934,0.86551
14010,PL,41,4,0,0,0.00316375,0.00357059,0.886058
14020,PL,93,4,11,3,0.00288494,0.00630081,0.457869
14030,PL,93,5,38,5,0.00312424,0.00707202,0.441775
14040,PL,103,3,13,3,0.00298248,0.00524512,0.56862
14050,PL,58,4,24,4,0.00324234,0.00674907,0.480414
14060,PL,135,4,0,0,0.00328938,0.0049686,0.662035
14070,PL,92,4,11,3,0.00358741,0.00594282,0.603655
14080,PL,81,7,0,0,0.00307478,0.00622049,0.494299
14090,PL,89,6,0,0,0.00349634,0.00613482,0.569918
14100,PL,93,4,0,0,0.00325234,0.00485131,0.670406
14110,PL,77,4,7,3,0.00276753,0.00462164,0.598821
14120,PL,122,6,0,0,0.00338798,0.00575284,0.588924
14130,PL,54,5,0,0,0.0032343,0.00429479,0.753075
14140,PL,84,4,10,3,0.00366004,0.00614363,0.595746
14150,PL,65,3,26,4,0.00325313,0.00516712,0.629583
14160,PL,117,7,0,0,0.00352499,0.00583495,0.604118
14170,PL,76,4,11,5,0.00285242,0.00742423,0.384205
14180,PL,63,4,12,3,0.00332621,0.00526289,0.632013
14190,PL,121,8,4,3,0.00334764,0.00813753,0.411383
14200,PL,88,5,0,0,0.0034464,0.00439341,0.784448
14210,PL,141,6,0,0,0.00351489,0.0057288,0.613548
14220,PL,161,7,0,0,0.00332112,0.00657497,0.505116
14230,PL,41,3,3,3,0.00305846,0.00458579,0.666944
14240,PL,163,6,9,3,0.00344472,0.00779819,0.441734
14250,PL,50,4,0,0,0.00307299,0.00436045,0.704743
14260,PL,95,5,9,3,0.00326136,0.00661015,0.493387
14270,PL,141,6,14,3,0.00382748,0.00899292,0.425611
14280,PL,82,5,1,3,0.00323222,0.00554301,0.583117
14290,PL,94,7,6,3,0.00336953,0.00614405,0.548422
14300,PL,63,4,0,0,0.00283477,0.00379839,0.746308
14310,PL,123,5,0,0,0.00337383,0.00421766,0.799929
14320,PL,82,4,0,0,0.00299615,0.00402097,0.745131
14330,PL,113,6,0,0,0.00324717,0.00476735,0.681128
14340,PL,132,4,0,0,0.00363699,0.00418493,0.869068
14350,PL,32,4,0,0,0.00314575,0.00290121,1.08429
14360,PL,81,3,0,0,0.00380038,0.00293996,1.29266
14370,PL,96,5,0,0,0.00290807,0.00300365,0.968179
14380,PL,168,4,40,6,0.00370338,0.00858268,0.431495
14390,PL,99,4,22,4,0.00372243,0.0078786,0.472474
14400,PL,90,5,0,0,0.00364638,0.00488372,0.746641
14410,PL,39,5,6,3,0.00313548,0.00596282,0.525839
14420,PL,78,4,27,4,0.00278068,0.00645375,0.430863
14430,PL,96,4,1,3,0.00323997,0.0049909,0.649177
14440,PL,111,4,23,3,0.00308363,0.00641199,0.480917
14450,PL,135,6,15,3,0.00348872,0.00803158,0.434376
14460,PL,53,4,0,0,0.00299841,0.00360983,0.830624
14470,PL,127,6,5,3,0.00348597,0.00850471,0.409888
14480,PL,98,5,0,0,0.00350442,0.00558158,0.627856
14490,PL,32,3,0,0,0.00273237,0.00246964,1.10638
14500,PL,50,3,0,0,0.00307684,0.00247476,1.24329
14510,PL,141,9,0,0,0.00328505,0.00649128,0.506072
14520,PL,96,4,0,0,0.00338259,0.00392456,0.861903
14530,PL,108,4,0,0,0.00375934,0.00408657,0.919925
14540,PL,72,5,0,0,0.00333109,0.00475486,0.700565
14550,PL,80,3,34,6,0.00329771,0.00783594,0.420845
14560,PL,82,6,0,0,0.00284549,0.00464762,0.612247
14570,PL,104,6,18,4,0.00368722,0.00890363,0.414126
14580,PL,113,5,0,0,0.00396809,0.00446575,0.888561
14590,PL,134,6,0,0,0.00336215,0.00515851,0.651768
14600,PL,83,4,21,4,0.00311802,0.00626095,0.498012
14610,PL,114,7,0,0,0.0036748,0.00639322,0.574797
14620,PL,147,5,8,3,0.00390091,0.00611052,0.638393
14630,PL,80,4,16,3,0.00342167,0.00632911,0.540625
14640,PL,84,4,0,0,0.00329141,0.00332054,0.991227
14650,PL,30,3,0,0,0.0025563,0.00234009,1.09239
14660,PL,133,5,0,0,0.00374664,0.00411866,0.909675
14670,PL,158,6,0,0,0.00307259,0.00590826,0.520051
14680,PL,107,4,9,3,0.00315406,0.00563574,0.559654
14690,PL,89,3,0,0,0.00341638,0.00317874,1.07476
14700,PL,118,4,32,4,0.00348374,0.00659891,0.527927
14710,PL,63,3,0,0,0.00289354,0.00354306,0.816678
14720,PL,142,4,0,0,0.00337057,0.00392878,0.857918
14730,PL,43,5,58,6,0.0030864,0.00810318,0.380888
14740,PL,103,4,0,0,0.00291261,0.00389771,0.747262
14750,PL,77,4,0,0,0.00288627,0.00361134,0.799224
14760,PL,61,4,38,5,0.00303943,0.00729797,0.416477
14770,PL,128,4,0,0,0.00337567,0.00406276,0.830881
14780,PL,90,4,0,0,0.00330296,0.00385686,0.856386
14790,PL,51,3,18,3,0.00284579,0.00487144,0.584179
14800,PL,96,5,0,0,0.00343975,0.00577158,0.595982
14810,PL,127,4,27,3,0.00359976,0.00708167,0.508321
14820,PL,99,4,0,0,0.00330687,0.00355681,0.929729
14830,PL,86,5,0,0,0.00343234,0.0048433,0.708678
14840,PL,78,4,0,0,0.00343815,0.00390112,0.881324
14850,PL,77,4,0,0,0.00359786,0.00402829,0.893148
14860,PL,61,4,0,0,0.00268308,0.00373747,0.717886
14870,PL,179,6,11,3,0.00379206,0.00755249,0.502095
14880,PL,113,4,11,3,0.00361257,0.00544063,0.664
14890,PL,126,5,0,0,0.00293996,0.00517482,0.568129
14900,PL,77,5,0,0,0.00315983,0.00480198,0.658027
14910,PL,120,6,6,3,0.00303713,0.00665248,0.456542
14920,PL,73,4,0,0,0.00303221,0.00410242,0.739127
14930,PL,171,7,24,4,0.00371756,0.0104647,0.35525
14940,PL,73,4,6,3,0.00386539,0.00509816,0.758193
14950,PL,101,5,0,0,0.00370835,0.00424777,0.873011
14960,PL,93,5,0,0,0.00354655,0.00387529,0.915171
14970,PL,107,6,18,3,0.00311386,0.00728077,0.427683
14980,PL,156,7,0,0,0.00352659,0.00644091,0.547531
14990,PL,31,3,13,3,0.00260295,0.00435056,0.598302
15000,PL,38,4,0,0,0.00321628,0.00315432,1.01964
15010,PL,188,6,18,3,0.00363562,0.00811848,0.447821
15020,PL,115,6,7,3,0.00385797,0.00643306,0.599711
15030,PL,75,3,0,0,0.00351004,0.00349631,1.00393
15040,PL,78,4,0,0,0.00312821,0.00387791,0.806674
15050,PL,41,4,0,0,0.00329624,0.00293511,1.12304
15060,PL,127,5,0,0,0.00327296,0.00517965,0.631889
15070,PL,100,5,0,0,0.00333322,0.00483809,0.688954
15080,PL,150,6,27,4,0.00367808,0.00793561,0.463491
15090,PL,54,6,7,3,0.00264515,0.00612533,0.431839
15100,PL,152,5,17,3,0.00341961,0.00795118,0.430076
15110,PL,96,5,0,0,0.00325601,0.00452489,0.719578
15120,PL,125,5,0,0,0.00359294,0.00421517,0.852383
15130,PL,120,4,0,0,0.00347576,0.00372222,0.933787
15140,PL,126,5,0,0,0.00347281,0.00512374,0.677788
15150,PL,65,4,14,3,0.00375036,0.00548798,0.683377
15160,PL,28,3,0,0,0.00337974,0.00213532,1.58278
15170,PL,84,4,0,0,0.00333518,0.00404941,0.823621
15180,PL,73,4,11,3,0.0039706,0.0053685,0.739612
15190,PL,122,5,8,4,0.0034071,0.00712486,0.478199
15200,PL,50,3,0,0,0.00347755,0.00291541,1.19282
15210,PL,94,3,64,7,0.00352461,0.00998296,0.353063
15220,PL,107,4,0,0,0.0032357,0.00421627,0.767432
15230,PL,89,3,0,0,0.00320716,0.00296973,1.07995
15240,PL,88,6,0,0,0.00273061,0.00489189,0.558192
15250,PL,143,5,0,0,0.00330501,0.00450899,0.732984
15260,PL,91,5,8,3,0.00319559,0.00638081,0.500813
15270,PL,97,4,8,3,0.00334197,0.00608194,0.549492
15280,PL,154,6,0,0,0.00391515,0.00666288,0.587607
15290,PL,93,6,0,0,0.00319407,0.00435294,0.733773
15300,PL,118,5,0,0,0.00338687,0.00502145,0.674482
15310,PL,68,4,9,3,0.0033914,0.00556083,0.609874
15320,PL,108,4,0,0,0.00340101,0.00313667,1.08427
15330,PL,45,4,0,0,0.00359178,0.00327554,1.09655
15340,PL,75,5,0,0,0.00327792,0.00440887,0.743483
15350,PL,96,4,0,0,0.00373478,0.00442251,0.844495
15360,PL,133,5,0,0,0.0036674,0.00568604,0.644983
15370,PL,99,7,0,0,0.0031458,0.00519339,0.605733
15380,PL,44,4,7,3,0.00325462,0.00482615,0.674372
15390,PL,127,9,10,3,0.00351416,0.0096154,0.365472
15400,PL,124,6,0,0,0.00369346,0.0059606,0.619647
15410,PL,84,4,0,0,0.00354117,0.0040778,0.868402
15420,PL,62,3,12,5,0.00340184,0.00596148,0.570638
15430,PL,87,4,0,0,0.00357397,0.00405303,0.881802
15440,PL,92,4,0,0,0.00377383,0.00369581,1.02111
15450,PL,40,5,0,0,0.00287767,0.00352204,0.817047
15460,PL,148,5,6,3,0.00382916,0.00697243,0.549187
15470,PL,195,4,11,3,0.00366441,0.00804917,0.455254
15480,PL,42,3,8,3,0.00338977,0.00481343,0.704232
15490,PL,150,4,11,3,0.00331975,0.00595494,0.557479
15500,PL,38,3,0,0,0.00297702,0.00261012,1.14057
15510,PL,110,4,0,0,0.00337775,0.00404873,0.834274
15520,PL,74,3,0,0,0.00296009,0.00332917,0.889138
15530,PL,132,4,4,3,0.00385094,0.00551404,0.698389
15540,PL,50,7,0,0,0.00314656,0.00458198,0.686725
15550,PL,196,5,40,4,0.00383851,0.00790934,0.485314
15560,PL,126,5,0,0,0.00357376,0.00442737,0.807197
15570,PL,136,7,1,3,0.00359935,0.00768922,0.468104
15580,PL,121,6,12,3,0.00364391,0.00724239,0.503137
15590,PL,128,5,6,3,0.00370887,0.00597461,0.620773
15600,PL,104,4,10,3,0.00336956,0.00623018,0.540846
15610,PL,104,5,0,0,0.00342432,0.00424233,0.807179
15620,PL,131,4,2,3,0.00381398,0.00645209,0.591124
15630,PL,118,5,0,0,0.00360993,0.00470212,0.767724
15640,PL,66,3,0,0,0.003192,0.00301648,1.05819
15650,PL,120,4,0,0,0.00359561,0.00471363,0.762811
15660,PL,113,5,38,4,0.00356283,0.00671366,0.530684
15670,PL,0,3,21,5,0.00252009,0.00433583,0.581224
15680,PL,123,4,0,0,0.00366155,0.00492199,0.743917
15690,PL,155,8,20,3,0.003903,0.00971004,0.401955
15700,PL,116,5,3,3,0.00323442,0.00647641,0.499416
15710,PL,67,8,0,0,0.00361222,0.00523194,0.690418
15720,PL,127,5,0,0,0.00373133,0.00600242,0.621638
15730,PL,73,4,0,0,0.00295107,0.00381308,0.773933
15740,PL,154,4,0,0,0.00363369,0.00413672,0.878399
15750,PL,129,4,8,3,0.00366726,0.00594057,0.617326
15760,PL,66,4,0,0,0.00326344,0.00315506,1.03435
15770,PL,97,5,8,3,0.00380776,0.00576084,0.660973
15780,PL,96,4,0,0,0.00336712,0.00368803,0.912986
15790,PL,92,7,50,4,0.00309686,0.0088184,0.351182
15800,PL,97,6,0,0,0.00326532,0.00512955,0.636572
15810,PL,116,5,0,0,0.00304037,0.00438582,0.693227
15820,PL,72,4,0,0,0.00347771,0.00289915,1.19956
15830,PL,100,6,26,4,0.00289907,0.00845088,0.34305
15840,PL,133,6,0,0,0.00315621,0.00488556,0.646028
15850,PL,164,6,0,0,0.00371571,0.00497204,0.747321
15860,PL,108,4,0,0,0.0034629,0.00432678,0.800341
15870,PL,129,4,0,0,0.00363366,0.00426015,0.852942
15880,PL,36,4,0,0,0.00295116,0.00266678,1.10664
15890,PL,149,7,0,0,0.00322496,0.00695528,0.463671
15900,PL,114,5,0,0,0.00343088,0.00456219,0.752025
15910,PL,80,4,0,0,0.0035125,0.00351169,1.00023
15920,PL,112,5,2,3,0.00347118,0.0061247,0.566752
15930,PL,56,3,0,0,0.00341548,0.00285039,1.19825
15940,PL,74,5,7,3,0.00295974,0.00549775,0.538355
15950,PL,95,4,8,3,0.00350335,0.00555162,0.63105
15960,PL,115,4,17,4,0.0035443,0.00688274,0.514955
15970,PL,135,4,3,3,0.00354332,0.00541662,0.654157
15980,PL,110,5,2,3,0.00359918,0.00613898,0.586283
15990,PL,39,6,17,3,0.00304198,0.00661815,0.459643
16000,PL,82,3,8,3,0.00322232,0.00497076,0.648256
16010,PL,89,6,7,3,0.0031299,0.00618699,0.505885
16020,PL,110,4,0,0,0.00357332,0.00421015,0.848739
16030,PL,62,4,0,0,0.00360471,0.00306687,1.17537
16040,PL,104,4,0,0,0.0036055,0.00414153,0.870572
16050,PL,139,6,0,0,0.00357971,0.0046395,0.771574
16060,PL,152,5,0,0,0.00386246,0.0059654,0.647478
16070,PL,111,6,15,4,0.00320839,0.00849892,0.377506
16080,PL,85,4,0,0,0.00328303,0.00443106,0.740913
16090,PL,177,4,0,0,0.00361233,0.00474264,0.761672
16100,PL,76,6,0,0,0.00332554,0.00588616,0.564977
16110,PL,118,5,0,0,0.00373674,0.00469594,0.79574
16120,PL,88,5,0,0,0.00331119,0.00401608,0.824483
16130,PL,69,4,15,3,0.00337961,0.00580782,0.581908
16140,PL,42,5,0,0,0.0031731,0.00336139,0.943985
16150,PL,105,5,0,0,0.00360529,0.00449796,0.801539
16160,PL,82,5,23,4,0.00312777,0.00660316,0.473678
16170,PL,137,4,0,0,0.00391985,0.00397938,0.98504
16180,PL,109,6,0,0,0.00324516,0.004681,0.693262
16190,PL,77,3,0,0,0.00293037,0.00369603,0.792842
16200,PL,127,4,0,0,0.00390737,0.0036199,1.07941
16210,PL,84,3,60,5,0.00317484,0.00693187,0.458007
16220,PL,60,3,0,0,0.00347425,0.00263235,1.31983
16230,PL,50,3,0,0,0.00308406,0.00304035,1.01438
16240,PL,140,6,84,6,0.00328873,0.0112571,0.292148
16250,PL,89,4,2,3,0.00308877,0.00559311,0.552247
16260,PL,120,4,0,0,0.00358479,0.0047417,0.756014
16270,PL,51,4,0,0,0.00337148,0.00286415,1.17713
16280,PL,106,4,23,4,0.00352103,0.00781509,0.450543
16290,PL,85,4,2,3,0.00310113,0.00530745,0.584299
16300,PL,121,5,3,3,0.00321518,0.00761044,0.42247
16310,PL,101,4,16,5,0.00329736,0.00647081,0.509575
16320,PL,76,4,0,0,0.0029452,0.00398522,0.739031
16330,PL,115,4,0,0,0.00345097,0.00404783,0.852548
16340,PL,88,5,8,3,0.00373906,0.00592261,0.631321
16350,PL,88,5,0,0,0.0031341,0.00375154,0.835417
16360,PL,69,3,0,0,0.00338894,0.00277561,1.22097
16370,PL,110,4,0,0,0.00360474,0.0040348,0.893412
16380,PL,89,4,0,0,0.00339052,0.00361318,0.938375
16390,PL,109,4,0,0,0.00306063,0.00405158,0.755417
16400,PL,98,6,5,3,0.00327271,0.00747589,0.437768
16410,PL,78,5,2,3,0.00313419,0.00582295,0.538247
16420,PL,98,7,0,0,0.00354075,0.00431068,0.821389
16430,PL,144,5,0,0,0.0035988,0.00496861,0.724308
16440,PL,60,4,21,4,0.00308588,0.00581343,0.530819
16450,PL,105,4,0,0,0.00336018,0.00477847,0.70319
16460,PL,68,4,0,0,0.00293609,0.00380007,0.772642
16470,PL,93,7,0,0,0.00346094,0.00509993,0.678625
16480,PL,88,3,3,3,0.00306624,0.00489916,0.62587
16490,PL,91,3,0,0,0.00344407,0.00320476,1.07467
16500,PL,135,4,1,3,0.00311126,0.00609573,0.510399
16510,PL,75,5,30,4,0.00354805,0.00701767,0.505588
16520,PL,85,4,9,3,0.00348182,0.00575389,0.605124
16530,PL,90,4,9,3,0.00318505,0.00554146,0.574767
16540,PL,90,3,7,3,0.00355626,0.00574643,0.618864
16550,PL,141,6,5,3,0.00346202,0.00683435,0.506562
16560,PL,172,5,24,3,0.00360038,0.00753132,0.478054
16570,PL,121,6,0,0,0.00313584,0.00596206,0.525965
16580,PL,153,5,14,3,0.00313006,0.00656031,0.47712
16590,PL,94,4,0,0,0.00304063,0.00394339,0.771069
16600,PL,136,7,33,4,0.00362947,0.00878048,0.413356
16610,PL,96,5,0,0,0.00308683,0.00424493,0.727179
16620,PL,122,7,0,0,0.00350164,0.00550269,0.63635
16630,PL,80,4,0,0,0.00319589,0.00460663,0.693757
16640,PL,168,8,0,0,0.00355236,0.00618094,0.574728
16650,PL,73,5,0,0,0.00360233,0.00367322,0.980701
16660,PL,78,6,61,4,0.00333164,0.00883953,0.376902
16670,PL,111,4,5,3,0.00311747,0.00536712,0.580846
16680,PL,68,4,45,4,0.00302188,0.00862832,0.350228
16690,PL,107,3,9,3,0.00348023,0.00595391,0.584528
16700,PL,142,5,0,0,0.0033821,0.00523254,0.646359
16710,PL,130,5,35,4,0.00331764,0.00960759,0.345314
16720,PL,155,7,0,0,0.0034124,0.00621487,0.54907
16730,PL,58,4,0,0,0.00333839,0.00384604,0.868006
16740,PL,152,5,27,3,0.00351849,0.00747669,0.470594
16750,PL,55,4,18,5,0.00307704,0.00643984,0.477812
16760,PL,61,4,0,0,0.00285582,0.00358406,0.796813
16770,PL,99,5,0,0,0.0033325,0.00401676,0.829648
16780,PL,160,6,10,3,0.00385146,0.00663659,0.580337
16790,PL,104,4,31,4,0.00325527,0.00766388,0.424755
16800,PL,128,5,15,3,0.00354025,0.00699412,0.506175
16810,PL,76,5,0,0,0.00345222,0.00455568,0.757783
16820,PL,70,6,0,0,0.00348276,0.00494557,0.704218
16830,PL,64,3,0,0,0.00294321,0.0031312,0.939965
16840,PL,127,4,9,3,0.00334592,0.00531746,0.629232
16850,PL,120,3,10,3,0.00378343,0.00580598,0.651644
16860,PL,130,4,0,0,0.00311072,0.00379076,0.820607
16870,PL,111,5,0,0,0.00335416,0.00449693,0.745877
16880,PL,106,4,0,0,0.00361668,0.00383555,0.942936
16890,PL,96,4,0,0,0.00329892,0.00398623,0.827578
16900,PL,193,7,0,0,0.00350656,0.008308,0.42207
16910,PL,69,6,12,3,0.0029597,0.00580551,0.509808
16920,PL,169,4,0,0,0.00336418,0.00416715,0.807309
16930,PL,126,4,0,0,0.00309759,0.00399435,0.775492
16940,PL,80,4,73,4,0.00329061,0.00867396,0.379366
16950,PL,128,5,14,3,0.00324594,0.00749666,0.432984
16960,PL,146,6,7,3,0.00351086,0.00685918,0.511848
16970,PL,94,6,0,0,0.00334143,0.00605998,0.551392
16980,PL,141,5,27,3,0.00301841,0.00802944,0.375917
16990,PL,133,7,0,0,0.00362538,0.00546457,0.663434
17000,PL,108,4,0,0,0.00347777,0.00416316,0.835367
17010,PL,98,4,25,4,0.00356244,0.00715142,0.498144
17020,PL,58,4,0,0,0.00258353,0.00307606,0.839885
17030,PL,154,8,0,0,0.00350835,0.00674475,0.520159
17040,PL,102,5,0,0,0.00325485,0.00493722,0.659246
17050,PL,53,5,9,3,0.00271695,0.00650403,0.417734
17060,PL,164,5,0,0,0.0035259,0.00510575,0.690574
17070,PL,175,4,3,3,0.00336812,0.00623441,0.540246
17080,PL,13,3,0,0,0.00250538,0.00210976,1.18752
17090,PL,92,4,0,0,0.00332757,0.00414388,0.803007
17100,PL,59,4,9,3,0.00306069,0.00530351,0.577106
17110,PL,119,4,0,0,0.00297092,0.00390091,0.761595
17120,PL,119,7,23,4,0.00314726,0.00958787,0.328254
17130,PL,45,5,2,3,0.00359508,0.0055622,0.646341
17140,PL,114,6,0,0,0.00334736,0.00502519,0.666116
17150,PL,117,4,3,3,0.00369593,0.0060126,0.614697
17160,PL,110,4,0,0,0.00363571,0.00400231,0.908403
17170,PL,185,6,0,0,0.0037005,0.00638867,0.579228
17180,PL,142,4,0,0,0.00363566,0.0041279,0.880752
17190,PL,126,6,10,3,0.00354942,0.00604327,0.587334
17200,PL,119,5,35,4,0.00330579,0.0072671,0.454898
17210,PL,79,4,0,0,0.00344003,0.00305511,1.12599
17220,PL,104,7,0,0,0.00351406,0.00574657,0.611505
17230,PL,77,4,0,0,0.00296311,0.00347259,0.853284
17240,PL,7,3,0,0,0.00250844,0.00176933,1.41774
17250,PL,145,4,0,0,0.00324822,0.0042613,0.762259
17260,PL,120,5,1,3,0.00328574,0.00682706,0.481282
17270,PL,114,4,6,3,0.00307929,0.00662041,0.46512
17280,PL,53,4,7,4,0.00271615,0.00557474,0.487225
17290,PL,116,4,0,0,0.00368068,0.0040537,0.90798
17300,PL,107,3,0,0,0.00365754,0.00375734,0.973438
17310,PL,85,3,2,3,0.00345656,0.00519837,0.664931
17320,PL,98,5,2,3,0.00282828,0.00598947,0.472209
17330,PL,114,4,0,0,0.00352875,0.00393146,0.897567
17340,PL,105,5,5,3,0.00371981,0.00654808,0.568076
17350,PL,178,7,0,0,0.00357464,0.00824411,0.433599
17360,PL,85,5,7,3,0.00330235,0.00658757,0.501299
17370,PL,119,4,3,4,0.00360295,0.00651206,0.553273
17380,PL,108,4,0,0,0.00355064,0.00412668,0.86041
17390,PL,61,4,0,0,0.00300972,0.0034663,0.868279
17400,PL,0,3,27,3,0.00252838,0.00383673,0.658994
17410,PL,104,4,23,4,0.00323559,0.00828389,0.390588
17420,PL,25,3,0,0,0.00287406,0.0027832,1.03265
17430,PL,64,6,0,0,0.00363442,0.00499541,0.727552
17440,PL,114,4,0,0,0.0034433,0.00366184,0.940319
17450,PL,114,7,9,3,0.00336427,0.00809111,0.415798
17460,PL,134,5,0,0,0.00388572,0.00494222,0.786229
17470,PL,87,5,1,3,0.00332324,0.00555768,0.597954
17480,PL,95,4,0,0,0.0034119,0.00421744,0.808997
17490,PL,103,5,0,0,0.00330158,0.00417725,0.790371
17500,PL,0,3,0,0,0.00247702,0.00141323,1.75274
17510,PL,89,4,4,3,0.00310397,0.00591382,0.524866
17520,PL,112,4,0,0,0.00367101,0.00450425,0.81501
17530,PL,105,4,0,0,0.00336452,0.00359051,0.937059
17540,PL,102,5,0,0,0.00361051,0.00481969,0.749115
17550,PL,69,3,0,0,0.00330534,0.00245472,1.34652
17560,PL,117,8,12,3,0.00330807,0.00907835,0.364391
17570,PL,144,5,0,0,0.00331787,0.0053183,0.623859
17580,PL,77,5,0,0,0.00309979,0.00438641,0.706679
17590,PL,138,4,0,0,0.00330687,0.00402567,0.821445
17600,PL,147,4,0,0,0.00370507,0.00444445,0.833639
17610,PL,137,5,0,0,0.00356061,0.0046699,0.762459
17620,PL,99,7,0,0,0.00321177,0.00597458,0.537572
17630,PL,71,3,0,0,0.00342319,0.00344907,0.992497
17640,PL,68,4,28,6,0.00268225,0.00820144,0.327047
17650,PL,81,4,0,0,0.00356867,0.00479017,0.744998
17660,PL,105,4,4,3,0.00353592,0.00570133,0.620192
17670,PL,76,4,0,0,0.00340927,0.0035615,0.957256
17680,PL,72,3,31,3,0.00314263,0.00581827,0.540131
17690,PL,90,6,15,3,0.0034799,0.00662572,0.52521
17700,PL,78,5,0,0,0.00351006,0.0048987,0.716528
17710,PL,144,5,0,0,0.00326252,0.00551022,0.592085
17720,PL,52,4,12,3,0.0028178,0.00491898,0.572843
17730,PL,103,4,4,3,0.00338575,0.00563951,0.600362
17740,PL,85,4,0,0,0.00308285,0.00406831,0.75777
17750,PL,134,5,0,0,0.00360968,0.0048443,0.745139
17760,PL,102,4,0,0,0.00340556,0.00364998,0.933035
17770,PL,201,6,3,3,0.00340428,0.00817194,0.416581
17780,PL,114,4,16,4,0.00371779,0.00635666,0.584865
17790,PL,92,7,0,0,0.00339409,0.00432453,0.784845
17800,PL,103,5,0,0,0.00282819,0.0049447,0.571964
17810,PL,54,4,18,3,0.00343828,0.00521451,0.659367
17820,PL,172,4,0,0,0.00316628,0.00579676,0.546215
17830,PL,124,6,3,3,0.00346916,0.00660024,0.525612
17840,PL,42,3,0,0,0.00341545,0.00292643,1.16711
17850,PL,64,5,0,0,0.00294314,0.0037796,0.77869
17860,PL,136,5,0,0,0.00390069,0.00530125,0.735805
17870,PL,127,5,0,0,0.0037343,0.00459918,0.811949
17880,PL,103,3,0,0,0.00322462,0.0032233,1.00041
17890,PL,58,3,0,0,0.00315951,0.00305136,1.03544
17900,PL,91,6,16,4,0.0032818,0.0082467,0.397952
17910,PL,41,3,16,5,0.00280539,0.00591348,0.474406
17920,PL,141,4,0,0,0.00339017,0.00426177,0.795484
17930,PL,120,6,0,0,0.00336795,0.00562471,0.598778
17940,PL,152,6,0,0,0.00385029,0.00640281,0.601343
17950,PL,141,5,0,0,0.00355641,0.00553276,0.642792
17960,PL,81,4,0,0,0.0038564,0.00415148,0.92892
17970,PL,73,4,0,0,0.00355929,0.0037275,0.954874
17980,PL,117,3,62,4,0.00369735,0.00869267,0.425341
17990,PL,126,4,4,3,0.00354851,0.00673335,0.527006
18000,PL,89,4,5,3,0.00365844,0.00621048,0.589075
18010,PL,114,6,5,3,0.00323726,0.007892,0.410195
18020,PL,64,4,0,0,0.00319861,0.00345502,0.925784
18030,PL,101,5,38,4,0.003733,0.00748679,0.498612
18040,PL,158,6,16,3,0.00354597,0.00758747,0.467346
18050,PL,49,3,0,0,0.00295853,0.00297689,0.993832
18060,PL,68,3,0,0,0.00340625,0.00269566,1.26361
18070,PL,99,7,0,0,0.00351246,0.0060396,0.581572
18080,PL,122,7,0,0,0.00333775,0.0056403,0.591769
18090,PL,33,3,0,0,0.00262068,0.00241346,1.08586
18100,PL,66,3,0,0,0.00283798,0.00276955,1.02471
18110,PL,97,5,0,0,0.0032889,0.0055487,0.592734
18120,PL,78,4,0,0,0.00308192,0.0032634,0.94439
18130,PL,93,6,0,0,0.00352616,0.00528851,0.666759
18140,PL,87,5,0,0,0.00349352,0.00412857,0.846183
18150,PL,120,3,5,3,0.00361571,0.00496109,0.728814
18160,PL,124,4,17,3,0.00386086,0.00645497,0.598122
18170,PL,123,5,0,0,0.00350725,0.00427362,0.820674
18180,PL,56,3,0,0,0.00371519,0.00271477,1.36851
18190,PL,92,3,9,3,0.00289245,0.00520557,0.555645
18200,PL,142,4,0,0,0.00328488,0.00384177,0.855045
18210,PL,118,4,0,0,0.0033952,0.00391829,0.866502
18220,PL,71,3,0,0,0.00282563,0.00264435,1.06855
18230,PL,58,4,0,0,0.00331077,0.00314439,1.05292
18240,PL,95,4,0,0,0.00364625,0.00392048,0.930053
18250,PL,59,4,34,4,0.00322391,0.00724703,0.444859
18260,PL,58,5,0,0,0.00296132,0.00410344,0.721668
18270,PL,103,6,10,3,0.00335924,0.00773387,0.434355
18280,PL,55,6,28,5,0.00318263,0.00752528,0.422924
18290,PL,83,4,0,0,0.0034146,0.0030726,1.11131
18300,PL,93,3,0,0,0.00359684,0.00328289,1.09563
18310,PL,111,4,0,0,0.00355416,0.00405231,0.877071
18320,PL,161,8,0,0,0.00352298,0.00603425,0.58383
18330,PL,145,6,10,3,0.00345639,0.00797404,0.433455
18340,PL,93,3,0,0,0.00331612,0.00370394,0.895296
18350,PL,77,4,0,3,0.00292926,0.00455927,0.642484
18360,PL,71,6,0,0,0.00326071,0.00475794,0.685321
18370,PL,54,6,0,0,0.0036616,0.00438813,0.834433
18380,PL,121,4,140,5,0.0035685,0.0100258,0.355933
18390,PL,97,4,0,0,0.00356293,0.00430263,0.828082
18400,PL,144,5,0,0,0.00356253,0.00572118,0.622692
18410,PL,97,4,0,0,0.00331976,0.00369197,0.899185
18420,PL,118,6,0,0,0.00354561,0.0051431,0.689392
18430,PL,111,5,3,3,0.00351518,0.00658107,0.534135
18440,PL,74,4,2,3,0.00346531,0.0050619,0.684588
18450,PL,117,6,11,3,0.00345229,0.00643428,0.536547
18460,PL,118,5,46,4,0.00343314,0.00725572,0.473164
18470,PL,134,6,0,0,0.00332659,0.00545996,0.609271
18480,PL,107,5,11,3,0.0030117,0.00805494,0.373894
18490,PL,103,4,16,4,0.00322434,0.00637079,0.506114
18500,PL,114,4,0,0,0.00331786,0.00441827,0.750941
18510,PL,139,4,0,0,0.0035492,0.00462887,0.766753
18520,PL,129,6,0,0,0.00370558,0.00478706,0.774083
18530,PL,142,5,0,0,0.00298101,0.00586818,0.507996
18540,PL,105,4,14,3,0.0032804,0.0058153,0.564098
18550,PL,117,5,0,0,0.00290914,0.00446911,0.650943
18560,PL,75,5,0,0,0.00332677,0.00359979,0.924158
18570,PL,133,9,0,0,0.00362629,0.00673143,0.538711
18580,PL,153,5,0,0,0.00348611,0.0050348,0.692403
18590,PL,91,4,0,0,0.00349686,0.00348847,1.0024
18600,PL,147,7,0,0,0.00367696,0.00569377,0.645787
18610,PL,132,6,83,4,0.00320993,0.0100902,0.318122
18620,PL,110,5,0,0,0.00334618,0.00367497,0.910534
18630,PL,88,4,27,3,0.00357913,0.00708386,0.505251
18640,PL,69,3,7,3,0.00359985,0.00511041,0.704415
18650,PL,108,6,0,0,0.00313642,0.00437302,0.717219
18660,PL,52,3,0,0,0.00304566,0.00282635,1.07759
18670,PL,52,6,8,3,0.00275957,0.00621007,0.44437
18680,PL,114,4,3,3,0.00322549,0.00618914,0.521153
18690,PL,53,4,6,4,0.00338482,0.00624539,0.541971
18700,PL,74,5,0,0,0.00326399,0.00372202,0.876939
18710,PL,136,4,0,0,0.00341279,0.00503642,0.677623
18720,PL,153,6,5,3,0.0035201,0.00751762,0.468247
18730,PL,104,6,0,0,0.00318749,0.00422074,0.755195
18740,PL,97,7,14,3,0.00362609,0.00749469,0.483821
18750,PL,63,3,6,3,0.00315826,0.00473842,0.666521
18760,PL,132,5,4,3,0.00348715,0.00549867,0.634181
18770,PL,96,7,0,0,0.00328326,0.00578735,0.567316
18780,PL,126,5,0,0,0.00331765,0.00579121,0.572878
18790,PL,132,4,8,4,0.00348402,0.00625126,0.557331
18800,PL,69,5,0,0,0.00356195,0.00424799,0.838504
18810,PL,45,3,0,0,0.00285353,0.00209475,1.36223
18820,PL,158,4,10,4,0.00355415,0.00696975,0.509939
18830,PL,69,4,0,0,0.00363051,0.00388689,0.934041
18840,PL,73,4,7,3,0.00304806,0.00557905,0.54634
18850,PL,143,4,0,0,0.00366199,0.0044473,0.823418
18860,PL,69,6,0,0,0.00290315,0.00396659,0.731901
18870,PL,126,5,0,0,0.00362881,0.00392257,0.925111
18880,PL,171,6,0,0,0.00339464,0.00605272,0.560846
18890,PL,146,4,3,3,0.00384836,0.00583171,0.659902
18900,PL,96,4,0,0,0.00344059,0.0040406,0.851506
18910,PL,161,5,16,3,0.0033451,0.00768854,0.435077
18920,PL,107,5,0,0,0.00340765,0.00520721,0.65441
18930,PL,152,6,0,0,0.00337198,0.00506399,0.665876
18940,PL,190,5,0,0,0.00351971,0.00649489,0.54192
18950,PL,68,4,0,0,0.00290682,0.00366278,0.79361
18960,PL,110,6,0,0,0.00354137,0.00485511,0.729412
18970,PL,80,5,0,0,0.00349831,0.00486528,0.719037
18980,PL,60,3,0,0,0.00287352,0.00251677,1.14175
18990,PL,89,3,0,0,0.00343372,0.00368603,0.93155
19000,PL,75,4,0,0,0.0034444,0.00416137,0.82771
19010,PL,104,3,0,0,0.00343902,0.00333181,1.03218
19020,PL,134,4,7,3,0.00347172,0.00648776,0.535119
19030,PL,1,3,2,3,0.00249894,0.00327714,0.762537
19040,PL,116,4,35,5,0.00332874,0.00818352,0.406762
19050,PL,79,6,9,3,0.00339276,0.00684102,0.495944
19060,PL,98,4,0,0,0.00362604,0.00405269,0.894725
19070,PL,61,3,0,0,0.00286416,0.00283554,1.01009
19080,PL,64,4,0,0,0.0031267,0.00376122,0.831299
19090,PL,98,6,0,0,0.00306941,0.00486256,0.631233
19100,PL,83,4,0,0,0.00372218,0.00382988,0.971879
19110,PL,125,6,4,3,0.00362387,0.00736748,0.491874
19120,PL,141,4,0,0,0.00314111,0.00421764,0.744754
19130,PL,88,5,0,0,0.00308097,0.00484784,0.635534
19140,PL,52,5,3,3,0.00355647,0.00570573,0.623316
19150,PL,77,4,24,3,0.00340848,0.00633577,0.537974
19160,PL,131,5,6,3,0.00339144,0.00753982,0.449804
19170,PL,119,4,19,4,0.00367715,0.00643624,0.57132
19180,PL,91,5,14,3,0.00337071,0.00641532,0.525416
19190,PL,81,4,4,3,0.00315159,0.00529664,0.595016
19200,PL,80,5,3,3,0.00326087,0.00562451,0.579762
19210,PL,199,6,0,0,0.00378239,0.00669905,0.564616
19220,PL,97,5,0,0,0.00314206,0.00509161,0.617104
19230,PL,68,6,0,0,0.00332764,0.00438875,0.758221
19240,PL,108,4,0,0,0.00345922,0.00362747,0.953618
19250,PL,81,6,0,0,0.00336885,0.00521588,0.645884
19260,PL,107,4,0,0,0.00304096,0.00430773,0.70593
19270,PL,98,4,0,0,0.00333427,0.00459046,0.726349
19280,PL,109,6,6,5,0.00341106,0.00767518,0.444428
19290,PL,109,4,39,5,0.0034218,0.00825125,0.414701
19300,PL,105,5,0,0,0.00320895,0.00440773,0.728026
19310,PL,80,4,0,0,0.00356589,0.00442769,0.805361
19320,PL,123,4,6,3,0.00350974,0.00567118,0.618873
19330,PL,104,4,0,0,0.0031101,0.00427977,0.726697
19340,PL,119,5,10,4,0.00325051,0.00598333,0.54326
19350,PL,117,5,3,3,0.00360831,0.00645381,0.559098
19360,PL,111,4,0,0,0.00352081,0.00410834,0.856992
19370,PL,93,6,0,0,0.00375476,0.0046592,0.805881
19380,PL,113,4,0,0,0.00344192,0.00388515,0.885918
19390,PL,169,7,0,0,0.00376063,0.00679082,0.553782
19400,PL,190,5,18,3,0.00364152,0.00774502,0.470176
19410,PL,66,4,3,3,0.00358222,0.00529267,0.676827
19420,PL,182,5,16,4,0.00355616,0.00708872,0.501665
19430,PL,134,5,3,3,0.00336225,0.0054562,0.616226
19440,PL,144,6,5,3,0.00328014,0.00758323,0.432553
19450,PL,132,5,0,0,0.00324637,0.00475562,0.682638
19460,PL,162,5,38,6,0.00337173,0.010258,0.328692
19470,PL,109,4,0,0,0.00363709,0.00401321,0.90628
19480,PL,105,5,21,4,0.00364035,0.00710101,0.512652
19490,PL,163,5,14,5,0.00351331,0.00842537,0.416992
19500,PL,131,4,19,5,0.00347234,0.00666196,0.52122
19510,PL,133,5,0,0,0.00325813,0.0047093,0.691849
19520,PL,124,5,120,8,0.0036242,0.0120801,0.300014
19530,PL,123,5,26,4,0.00339516,0.00754186,0.450176
19540,PL,136,6,0,0,0.00321091,0.00454923,0.705813
19550,PL,59,4,10,4,0.00314736,0.00588954,0.534398
19560,PL,82,5,11,3,0.00286945,0.00588373,0.487692
19570,PL,199,6,4,3,0.00380569,0.00910166,0.418131
19580,PL,20,3,0,0,0.00306759,0.00240844,1.27368
19590,PL,83,5,0,0,0.00307157,0.00380975,0.806239
19600,PL,52,5,5,3,0.00333241,0.00633601,0.525948
19610,PL,107,4,0,0,0.00325436,0.00414326,0.785461
19620,PL,126,6,0,0,0.00335989,0.00560449,0.5995
19630,PL,125,4,0,0,0.00353111,0.00347588,1.01589
19640,PL,103,3,15,3,0.0034181,0.00581,0.588314
19650,PL,153,3,5,3,0.0040531,0.0055242,0.733698
19660,PL,93,4,0,0,0.00334482,0.00376327,0.888808
19670,PL,134,4,7,3,0.00371012,0.00620564,0.597862
19680,PL,199,6,0,0,0.00352895,0.00674568,0.523143
19690,PL,30,3,0,0,0.00304184,0.00217925,1.39582
19700,PL,187,6,10,6,0.00373891,0.00911063,0.41039
19710,PL,128,4,27,8,0.00369528,0.0100519,0.367621
19720,PL,81,3,6,3,0.00341239,0.00523461,0.65189
19730,PL,102,4,0,0,0.00347111,0.00412249,0.841995
19740,PL,0,3,0,0,0.00249434,0.00147951,1.68592
19750,PL,57,4,0,0,0.0034575,0.00295916,1.16841
19760,PL,142,4,0,0,0.00340842,0.0038283,0.890323
19770,PL,65,4,0,0,0.00309807,0.0039907,0.776322
19780,PL,66,3,0,0,0.00356638,0.00222475,1.60305
19790,PL,177,5,0,0,0.00330292,0.00581953,0.567559
19800,PL,131,7,0,0,0.00357527,0.00634347,0.563614
19810,PL,121,3,0,0,0.0035255,0.00367793,0.958556
19820,PL,84,3,0,0,0.00324108,0.00339256,0.95535
19830,PL,100,3,15,5,0.00357171,0.00617164,0.57873
19840,PL,84,4,48,6,0.00337755,0.00825176,0.409313
19850,PL,114,5,0,0,0.00361556,0.00518547,0.697249
19860,PL,52,5,0,0,0.00307991,0.00398526,0.772825
19870,PL,52,3,0,0,0.00375304,0.00288628,1.3003
19880,PL,119,5,0,0,0.00308968,0.00678424,0.45542
19890,PL,110,8,3,3,0.00301436,0.00623228,0.483668
19900,PL,93,4,0,0,0.00345287,0.0033162,1.04122
19910,PL,33,4,15,3,0.00256291,0.00539837,0.474756
19920,PL,45,3,14,5,0.00266855,0.00500952,0.532697
19930,PL,119,4,22,4,0.00340617,0.00779139,0.437172
19940,PL,90,3,0,0,0.00267302,0.00277076,0.964725
19950,PL,100,5,0,0,0.00315365,0.00452481,0.696967
19960,PL,128,4,20,4,0.00320093,0.0072536,0.441288
19970,PL,43,3,4,3,0.00272975,0.00494285,0.552263
19980,PL,102,6,2,3,0.00337711,0.00582407,0.579855
19990,PL,84,5,7,3,0.0036008,0.00652526,0.551825
20000,PL,111,5,0,0,0.0031204,0.00506236,0.616392
20010,PL,125,4,0,0,0.00333617,0.00434541,0.767746
20020,PL,74,5,0,0,0.00343539,0.00417069,0.8237
20030,PL,101,5,21,4,0.00312362,0.00675966,0.462097
20040,PL,143,8,9,3,0.00353173,0.0095823,0.368568
20050,PL,17,3,0,0,0.00291865,0.00174227,1.6752
20060,PL,157,5,0,0,0.00403368,0.00538633,0.748873
20070,PL,148,8,0,0,0.00351611,0.00646283,0.544051
20080,PL,110,7,0,0,0.00347329,0.00549053,0.632597
20090,PL,162,4,0,0,0.00354106,0.00428432,0.826516
20100,PL,143,7,12,3,0.00352675,0.00944811,0.373276
20110,PL,133,5,25,3,0.00370266,0.00734277,0.504259
20120,PL,60,3,4,3,0.00336714,0.00511753,0.657962
20130,PL,136,5,17,3,0.00339138,0.00772361,0.439093
20140,PL,96,6,4,3,0.00337484,0.00836201,0.403592
20150,PL,186,4,8,3,0.00390253,0.0064314,0.606793
20160,PL,95,4,0,0,0.00344631,0.00409909,0.840752
20170,PL,118,3,9,3,0.00336505,0.00555621,0.605638
20180,PL,95,3,0,0,0.00380009,0.00383261,0.991515
20190,PL,76,4,0,0,0.00360319,0.00378559,0.951818
20200,PL,66,4,0,0,0.00315534,0.003086,1.02247
20210,PL,86,5,0,0,0.00330195,0.00434353,0.7602
20220,PL,136,5,0,0,0.0038483,0.00628815,0.611992
20230,PL,88,4,11,3,0.00355705,0.00575239,0.618361
20240,PL,129,5,0,0,0.00397565,0.00463116,0.858456
20250,PL,122,4,8,3,0.00342778,0.00613962,0.558305
20260,PL,88,5,27,4,0.0035921,0.00699744,0.513345
20270,PL,130,7,13,3,0.00322706,0.008965,0.359963
20280,PL,69,4,0,0,0.00297347,0.00449552,0.661429
20290,PL,63,5,0,0,0.00349852,0.00376272,0.929785
20300,PL,116,5,20,3,0.00316046,0.00784869,0.402673
20310,PL,41,5,7,4,0.00302977,0.00583209,0.5195
20320,PL,119,6,0,0,0.00331893,0.0048923,0.6784
20330,PL,68,6,0,0,0.00305263,0.00490767,0.622012
20340,PL,31,3,34,4,0.00286513,0.00565563,0.506598
20350,PL,65,4,10,3,0.00346528,0.0058501,0.592346
20360,PL,76,5,0,0,0.00282773,0.00441201,0.640916
20370,PL,137,7,0,0,0.00403233,0.0056347,0.715624
20380,PL,182,6,0,0,0.00416768,0.00666261,0.625532
20390,PL,120,5,14,3,0.00331501,0.0064073,0.517381
20400,PL,129,4,0,0,0.00365715,0.00419907,0.870944
20410,PL,63,4,0,0,0.00310916,0.00304359,1.02154
20420,PL,100,5,13,4,0.00343322,0.00595194,0.576825
20430,PL,45,4,1,3,0.0036158,0.00581831,0.621452
20440,PL,107,3,0,0,0.00362366,0.00371363,0.975773
20450,PL,144,5,0,0,0.00351278,0.00640412,0.548519
20460,PL,108,5,0,0,0.00333625,0.00400484,0.833056
20470,PL,70,4,0,0,0.00348055,0.00394811,0.881575
20480,PL,86,5,0,0,0.00371161,0.00447053,0.830239
20490,PL,0,3,0,0,0.00249124,0.001458,1.70867
20500,PL,120,3,7,3,0.00361975,0.00569879,0.635179
20510,PL,67,3,7,3,0.00343591,0.00526227,0.652933
20520,PL,132,4,11,4,0.00357492,0.00688543,0.519201
20530,PL,59,5,0,0,0.0033541,0.00335773,0.998919
20540,PL,113,4,0,0,0.00340633,0.00433497,0.785779
20550,PL,149,4,0,0,0.00369347,0.00415049,0.889887
20560,PL,104,3,5,3,0.00308927,0.00436063,0.708445
20570,PL,126,6,11,3,0.00351017,0.00678856,0.517072
20580,PL,45,3,0,0,0.00308119,0.00252877,1.21845
20590,PL,121,4,0,0,0.0034646,0.00473169,0.732213
20600,PL,89,7,9,3,0.00287622,0.00741286,0.388004
20610,PL,112,4,0,0,0.00311076,0.00373824,0.832148
20620,PL,51,4,17,3,0.00338173,0.0061549,0.549438
20630,PL,98,4,0,0,0.00315355,0.00374958,0.841043
20640,PL,93,5,40,4,0.003199,0.00808863,0.395494
20650,PL,111,5,0,0,0.00316533,0.00511626,0.618681
20660,PL,70,3,0,0,0.00338478,0.00281404,1.20282
20670,PL,167,8,35,4,0.00346201,0.00955815,0.362204
20680,PL,96,6,0,0,0.00356379,0.00511929,0.696148
20690,PL,114,4,0,0,0.00342959,0.00393164,0.872305
20700,PL,35,4,0,0,0.00263402,0.00298794,0.88155
20710,PL,65,5,0,0,0.00329428,0.00382632,0.860954
20720,PL,123,4,6,3,0.00365296,0.00599699,0.609132
20730,PL,87,4,0,0,0.00360925,0.00357144,1.01058
20740,PL,122,5,0,0,0.00337716,0.00456419,0.739924
20750,PL,86,5,0,0,0.00289587,0.00362003,0.799959
20760,PL,99,5,16,3,0.00346722,0.00729012,0.475605
20770,PL,122,6,0,0,0.00368222,0.00477294,0.771477
20780,PL,79,5,8,3,0.00328933,0.00632251,0.520258
20790,PL,124,4,6,3,0.00323776,0.00580409,0.557841
20800,PL,41,4,0,0,0.00313801,0.00314601,0.997457
20810,PL,63,4,0,0,0.00357036,0.0032824,1.08773
20820,PL,170,6,0,0,0.00359756,0.00525089,0.685132
20830,PL,51,3,0,0,0.00347753,0.00247089,1.4074
20840,PL,109,4,0,0,0.00322687,0.00484317,0.666271
20850,PL,25,5,17,5,0.00279252,0.0054433,0.513021
20860,PL,66,3,9,3,0.00314518,0.00529359,0.594149
20870,PL,124,6,0,0,0.00360624,0.00557877,0.646422
20880,PL,94,3,0,0,0.00345006,0.00341102,1.01145
20890,PL,94,5,0,0,0.00333059,0.00393034,0.847407
20900,PL,96,4,0,0,0.00347378,0.00405174,0.857354
20910,PL,113,4,38,4,0.0033769,0.00735561,0.459092
20920,PL,49,4,0,0,0.00322688,0.00273945,1.17793
20930,PL,119,4,0,0,0.0032397,0.0041386,0.782802
20940,PL,150,4,24,4,0.00355425,0.00712118,0.499109
20950,PL,129,5,15,3,0.00380719,0.00689822,0.551908
20960,PL,133,6,3,3,0.00378393,0.00642844,0.588623
20970,PL,113,3,0,0,0.00331812,0.0034026,0.975175
20980,PL,36,4,0,0,0.00294405,0.00301326,0.977031
20990,PL,56,3,14,3,0.00281611,0.00420713,0.669367
21000,PL,92,4,12,4,0.00360304,0.00652267,0.552387
21010,PL,41,3,0,0,0.00336428,0.00289809,1.16086
21020,PL,140,4,0,0,0.00331118,0.00447149,0.74051
21030,PL,161,5,1,3,0.00329607,0.00724583,0.454893
21040,PL,74,5,11,3,0.0037909,0.00665156,0.569926
21050,PL,110,4,0,0,0.00361333,0.00381253,0.947751
21060,PL,144,3,0,0,0.00345504,0.00340218,1.01553
21070,PL,71,3,0,0,0.0035915,0.00284102,1.26416
21080,PL,90,4,0,0,0.00283968,0.00412077,0.689115
21090,PL,111,5,0,0,0.00317695,0.00487493,0.651692
21100,PL,123,6,0,0,0.00379802,0.00446315,0.850972
21110,PL,93,6,4,3,0.00371785,0.00745994,0.498375
21120,PL,49,3,0,0,0.00308701,0.00252681,1.2217
21130,PL,198,7,23,4,0.00354113,0.011198,0.316227
21140,PL,85,3,0,0,0.00317046,0.00325544,0.973896
21150,PL,96,4,58,3,0.00374504,0.00723515,0.517617
21160,PL,101,4,5,3,0.00298058,0.0051498,0.578776
21170,PL,71,4,0,0,0.00358805,0.00450914,0.795727
21180,PL,98,4,42,10,0.00351506,0.0107863,0.325883
21190,PL,123,5,4,3,0.00336575,0.00650691,0.517259
21200,PL,56,4,0,0,0.00349008,0.00267675,1.30385
21210,PL,148,5,0,0,0.00364645,0.00546617,0.667093
21220,PL,0,3,0,0,0.00248858,0.00142161,1.75054
21230,PL,103,5,15,4,0.00328191,0.00704079,0.466129
21240,PL,150,6,0,0,0.00365851,0.00648256,0.564361
21250,PL,89,4,60,7,0.00304597,0.00913771,0.333341
21260,PL,96,3,0,0,0.00368631,0.00358315,1.02879
21270,PL,86,4,11,4,0.00342049,0.00674622,0.507023
21280,PL,7,3,0,0,0.00250941,0.00170093,1.47532
21290,PL,39,4,0,0,0.00306657,0.00358894,0.854452
21300,PL,98,3,67,4,0.00383475,0.00659541,0.581427
21310,PL,143,4,4,3,0.00355792,0.00531121,0.669887
21320,PL,58,4,0,0,0.00310587,0.00343864,0.903229
21330,PL,106,6,0,0,0.00321048,0.0049023,0.654893
21340,PL,61,4,0,0,0.00273099,0.00279605,0.976731
21350,PL,75,3,0,0,0.00270164,0.00266114,1.01522
21360,PL,102,5,19,3,0.00376618,0.00648484,0.580766
21370,PL,95,6,0,0,0.00281195,0.00476374,0.590282
21380,PL,71,3,0,0,0.00309333,0.00263415,1.17432
21390,PL,74,5,26,4,0.00359133,0.0078641,0.456674
21400,PL,98,5,0,0,0.00352402,0.00441338,0.798485
21410,PL,107,4,0,0,0.00362321,0.00519653,0.697235
21420,PL,138,4,0,0,0.00320268,0.00439664,0.728439
21430,PL,98,4,0,0,0.0035384,0.00463225,0.763861
21440,PL,158,12,0,0,0.00349279,0.00787919,0.443294
21450,PL,94,5,27,3,0.0033828,0.00813646,0.415758
21460,PL,168,6,34,6,0.00344792,0.00990342,0.348154
21470,PL,94,5,0,0,0.00363974,0.00512994,0.709508
21480,PL,82,5,0,0,0.00284426,0.00434214,0.655037
21490,PL,107,4,0,0,0.00328961,0.00363416,0.905191
21500,PL,158,6,0,0,0.00346701,0.00547637,0.633085
21510,PL,111,6,40,6,0.0037099,0.0104849,0.353832
21520,PL,89,4,0,0,0.00376875,0.00411765,0.915267
21530,PL,148,5,0,0,0.00359919,0.00484156,0.743394
21540,PL,140,6,9,3,0.0036086,0.00776416,0.464776
21550,PL,168,6,0,0,0.00352223,0.00551922,0.638174
21560,PL,80,4,0,0,0.00275581,0.00286437,0.9621
21570,PL,118,4,0,0,0.00293856,0.00412126,0.713026
21580,PL,208,6,0,0,0.00342765,0.00705757,0.485671
21590,PL,95,6,0,0,0.00371306,0.00458507,0.809815
21600,PL,42,4,4,3,0.00287485,0.00458154,0.627486
21610,PL,127,5,0,0,0.00364962,0.00524453,0.695889
21620,PL,138,5,0,0,0.00342711,0.00530763,0.645694
21630,PL,73,4,0,0,0.0031725,0.004001,0.792926
21640,PL,137,6,23,3,0.00375947,0.00929595,0.40442
21650,PL,71,4,0,0,0.00373519,0.00394551,0.946694
21660,PL,140,6,0,0,0.00367133,0.00537811,0.682642
21670,PL,135,6,0,0,0.00361034,0.00482101,0.748875
21680,PL,196,7,0,0,0.00386144,0.00754413,0.511846
21690,PL,76,5,7,3,0.00351061,0.00627252,0.55968
21700,PL,54,5,0,0,0.00282622,0.00396707,0.712421
21710,PL,89,6,0,0,0.00324938,0.00472059,0.688343
21720,PL,110,5,0,0,0.0033449,0.00519631,0.643705
21730,PL,181,5,0,0,0.00327292,0.00635419,0.515081
21740,PL,25,3,0,0,0.00263059,0.00219867,1.19645
21750,PL,121,4,0,0,0.00367042,0.00512547,0.716113
21760,PL,92,4,5,3,0.00317396,0.00574592,0.552386
21770,PL,72,4,9,3,0.00287708,0.00481521,0.597499
21780,PL,77,3,0,0,0.00327726,0.00319282,1.02645
21790,PL,95,3,0,0,0.00344219,0.00303908,1.13264
21800,PL,75,4,49,6,0.00373973,0.00792806,0.471707
21810,PL,129,3,0,0,0.0033346,0.00372434,0.895353
21820,PL,125,4,6,3,0.00372162,0.0056574,0.657831
21830,PL,136,4,12,4,0.00332556,0.00649119,0.51232
21840,PL,140,5,0,0,0.00318781,0.00523092,0.609417
21850,PL,93,5,3,3,0.00335814,0.00587877,0.571233
21860,PL,106,6,6,3,0.00332763,0.00746823,0.445572
21870,PL,94,5,0,0,0.00376155,0.00495425,0.759256
21880,PL,102,4,0,0,0.00316263,0.00354274,0.892709
21890,PL,129,5,0,0,0.00376311,0.00573542,0.656118
21900,PL,226,7,0,0,0.00347,0.00717731,0.483467
21910,PL,120,6,66,4,0.00362229,0.0102523,0.353315
21920,PL,105,4,0,0,0.00328172,0.00503581,0.651675
21930,PL,146,5,0,0,0.00364971,0.00564483,0.646558
21940,PL,124,4,0,0,0.0030796,0.00437834,0.703373
21950,PL,87,4,0,0,0.00344629,0.00332337,1.03698
21960,PL,107,4,0,0,0.00338395,0.00405344,0.834833
21970,PL,146,8,0,0,0.00339712,0.00666792,0.509471
21980,PL,74,3,0,0,0.00271592,0.00247586,1.09696
21990,PL,103,5,5,4,0.00359478,0.00727261,0.49429
22000,PL,91,4,0,0,0.00304445,0.00453498,0.671327
22010,PL,88,4,111,8,0.00359027,0.0112953,0.317854
22020,PL,149,4,0,0,0.00348061,0.00478436,0.727497
22030,PL,70,4,1,3,0.00326453,0.00507778,0.642905
22040,PL,49,3,23,3,0.0026864,0.00480196,0.559438
22050,PL,93,4,27,3,0.00319992,0.0063029,0.507691
22060,PL,73,3,0,0,0.00355794,0.00270615,1.31476
22070,PL,97,4,14,4,0.00354599,0.00647569,0.547584
22080,PL,79,4,0,0,0.00286503,0.00361113,0.79339
22090,PL,37,6,0,0,0.00309078,0.0041624,0.742549
22100,PL,53,3,0,0,0.00373527,0.00308739,1.20984
22110,PL,6,3,0,0,0.00249365,0.00174184,1.43162
22120,PL,83,4,0,0,0.00291816,0.00399053,0.731272
22130,PL,123,4,0,0,0.00377942,0.00355301,1.06372
22140,PL,63,3,0,0,0.00311368,0.00315982,0.985398
22150,PL,121,8,0,0,0.00350362,0.00698061,0.501907
22160,PL,90,6,0,0,0.00322276,0.00415939,0.774817
22170,PL,148,6,14,3,0.00366745,0.00711338,0.51557
22180,PL,146,6,17,4,0.00337637,0.00900167,0.375082
22190,PL,118,5,0,0,0.00326998,0.0055548,0.588678
22200,PL,172,4,26,3,0.00347126,0.00646015,0.537334
22210,PL,79,4,0,0,0.0032884,0.00450496,0.729952
22220,PL,139,7,21,4,0.00347303,0.00899291,0.386196
22230,PL,99,5,15,4,0.00352154,0.00606689,0.580452
22240,PL,102,7,0,0,0.00394146,0.00587893,0.670438
22250,PL,102,4,0,0,0.00356088,0.00337925,1.05375
22260,PL,73,4,8,5,0.00330461,0.00550487,0.600308
22270,PL,146,5,0,0,0.00374314,0.0052401,0.714325
22280,PL,53,4,3,3,0.0032591,0.00537505,0.606339
22290,PL,62,4,32,5,0.00295435,0.0073449,0.402232
22300,PL,48,4,23,3,0.00316905,0.00604161,0.524538
22310,PL,98,4,13,3,0.00318243,0.00557591,0.570747
22320,PL,105,5,18,4,0.00373659,0.00753898,0.495635
22330,PL,150,6,5,3,0.00354935,0.00583558,0.608225
22340,PL,77,5,20,3,0.00379747,0.00554771,0.68451
22350,PL,93,5,0,0,0.00366048,0.00481167,0.760749
22360,PL,158,4,38,4,0.00370173,0.00988784,0.374372
22370,PL,111,8,0,0,0.00289014,0.00579863,0.498419
22380,PL,112,5,0,0,0.00301642,0.00523101,0.576642
22390,PL,73,5,0,0,0.00293949,0.00518876,0.566511
22400,PL,67,3,0,0,0.00301885,0.00247982,1.21737
22410,PL,120,5,16,3,0.0035536,0.00670576,0.529932
22420,PL,69,3,27,4,0.00343605,0.00618223,0.555794
22430,PL,48,3,14,3,0.0026447,0.00436062,0.606497
22440,PL,129,5,0,0,0.00326775,0.00612827,0.533226
22450,PL,108,6,0,0,0.00352833,0.00455604,0.774428
22460,PL,107,5,0,0,0.0032823,0.00440828,0.744577
22470,PL,74,6,5,3,0.0030901,0.00731809,0.422255
22480,PL,117,5,0,0,0.00347059,0.00444633,0.780553
22490,PL,182,5,7,4,0.00310644,0.00641673,0.484116
22500,PL,152,6,0,0,0.00329739,0.00532709,0.618986
22510,PL,92,5,0,0,0.00333155,0.00437144,0.762119
22520,PL,67,3,0,0,0.00323149,0.0026002,1.24279
22530,PL,103,4,0,0,0.00358412,0.00358488,0.999788
22540,PL,115,4,0,0,0.00369601,0.00468245,0.789331
22550,PL,0,3,9,4,0.0024963,0.00357507,0.698253
22560,PL,137,5,6,4,0.00361239,0.00689627,0.523817
22570,PL,77,4,21,4,0.00329439,0.00566358,0.58168
22580,PL,132,5,0,0,0.0036682,0.0052407,0.699943
22590,PL,88,4,0,0,0.00332768,0.00513083,0.648566
22600,PL,88,6,0,0,0.00311573,0.0046717,0.666938
22610,PL,50,4,60,7,0.00343443,0.00875981,0.392066
22620,PL,71,5,0,0,0.00347854,0.00540419,0.643673
22630,PL,102,5,1,3,0.00318302,0.00570702,0.557739
22640,PL,83,5,0,0,0.00319432,0.00454971,0.702092
22650,PL,134,5,10,3,0.0035901,0.00718364,0.49976
22660,PL,94,4,29,3,0.00324113,0.00650687,0.49811
22670,PL,48,3,82,4,0.00337009,0.006283,0.536383
22680,PL,102,4,0,0,0.00319487,0.00381154,0.838211
22690,PL,190,5,0,0,0.00386231,0.00577538,0.668754
22700,PL,162,6,0,0,0.00353204,0.00571099,0.618463
22710,PL,95,6,54,5,0.00329297,0.00961487,0.342487
22720,PL,170,7,0,0,0.00339182,0.00549578,0.617169
22730,PL,126,5,15,3,0.00356641,0.00594502,0.599898
22740,PL,139,4,0,0,0.00361319,0.00394209,0.916567
22750,PL,121,6,0,0,0.00351672,0.004695,0.749034
22760,PL,127,5,0,0,0.00378592,0.00410802,0.921592
22770,PL,145,4,0,0,0.00346278,0.00569916,0.607596
22780,PL,147,4,0,0,0.00327563,0.0046026,0.711692
22790,PL,66,4,46,6,0.00287433,0.00764533,0.375959
22800,PL,75,4,0,0,0.00315087,0.00424752,0.741815
22810,PL,70,4,0,0,0.00284184,0.00329687,0.861981
22820,PL,128,4,0,0,0.0032002,0.00430287,0.743737
22830,PL,81,4,7,3,0.00345666,0.00580218,0.595752
22840,PL,112,4,6,3,0.00323293,0.00651395,0.496309
22850,PL,118,4,0,0,0.00345494,0.00380016,0.909156
22860,PL,136,8,0,0,0.00356457,0.00672507,0.530041
22870,PL,42,3,0,0,0.00258879,0.00218264,1.18608
22880,PL,65,4,17,4,0.0036443,0.00619331,0.588425
22890,PL,75,3,18,3,0.00317722,0.00509766,0.623271
22900,PL,93,5,0,0,0.00331788,0.00456891,0.726185
22910,PL,129,5,0,0,0.00357182,0.00511462,0.698354
22920,PL,57,4,0,0,0.002667,0.00372635,0.715715
22930,PL,86,3,34,4,0.0032876,0.00677104,0.485539
22940,PL,127,4,15,5,0.00379991,0.00813557,0.467073
22950,PL,105,4,0,0,0.00341608,0.00446171,0.765643
22960,PL,182,5,0,0,0.00356584,0.00830198,0.429516
22970,PL,41,4,0,0,0.00311486,0.00345338,0.901977
22980,PL,79,4,72,5,0.00295611,0.00786844,0.375693
22990,PL,81,4,0,0,0.00362546,0.00384955,0.941788
23000,PL,84,3,9,3,0.00282309,0.00469532,0.601257
23010,PL,120,5,0,0,0.00384439,0.00400895,0.958952
23020,PL,98,7,1,3,0.00362027,0.00838664,0.431671
23030,PL,57,3,41,4,0.00292383,0.00689503,0.424049
23040,PL,101,5,0,0,0.00280149,0.00409066,0.684851
23050,PL,127,4,26,6,0.00341377,0.00764938,0.446281
23060,PL,86,3,0,0,0.00373649,0.003068,1.21789
23070,PL,149,4,12,5,0.00361248,0.00755597,0.478095
23080,PL,128,4,0,0,0.00345398,0.0048149,0.717351
23090,PL,78,5,0,0,0.00292543,0.00326869,0.894985
23100,PL,180,5,27,4,0.00362371,0.00972676,0.37255
23110,PL,163,4,6,3,0.00354643,0.0062307,0.569186
23120,PL,122,5,7,4,0.00305637,0.00761191,0.401525
23130,PL,129,5,13,3,0.00370784,0.00589303,0.629191
23140,PL,61,4,0,0,0.00329355,0.00414463,0.794654
23150,PL,130,6,0,0,0.00355681,0.00704773,0.504674
23160,PL,132,5,0,0,0.00360268,0.00588301,0.612387
23170,PL,124,4,0,0,0.00353264,0.00468226,0.754472
23180,PL,123,4,57,4,0.00337789,0.00743657,0.454226
23190,PL,38,3,68,4,0.00282027,0.00578657,0.487383
23200,PL,108,4,0,0,0.00347001,0.00388664,0.892804
23210,PL,62,4,95,6,0.0033474,0.00862849,0.387948
23220,PL,86,3,17,3,0.00373903,0.00495494,0.754606
23230,PL,69,5,7,3,0.00325004,0.00631791,0.514416
23240,PL,146,4,22,4,0.00348144,0.00791906,0.439628
23250,PL,66,3,0,0,0.00420523,0.00283833,1.48158
23260,PL,80,5,5,3,0.00304276,0.0065572,0.464034
23270,PL,148,4,21,5,0.00355996,0.00834914,0.426386
23280,PL,73,4,0,0,0.00366266,0.0038731,0.945666
23290,PL,73,4,0,0,0.00306205,0.0031883,0.960402
23300,PL,106,5,0,0,0.0034196,0.00355637,0.961542
23310,PL,151,6,31,5,0.00339528,0.00829903,0.409117
23320,PL,41,4,7,3,0.0028274,0.00536922,0.526594
23330,PL,53,3,7,3,0.00315482,0.00475117,0.66401
23340,PL,108,4,0,0,0.00344488,0.00378355,0.910491
23350,PL,120,4,0,0,0.00402512,0.00385996,1.04279
23360,PL,100,5,16,3,0.00363811,0.00711447,0.511367
23370,PL,178,5,0,0,0.0039276,0.00605296,0.648873
23380,PL,105,5,30,3,0.00332795,0.00758277,0.438882
23390,PL,60,4,51,3,0.00322102,0.00560635,0.574532
23400,PL,80,5,0,0,0.00305222,0.00421625,0.723919
23410,PL,131,6,0,0,0.00328319,0.00471577,0.696216
23420,PL,104,3,8,4,0.00331922,0.00574955,0.577301
23430,PL,148,3,7,3,0.00366879,0.00597204,0.614328
23440,PL,99,5,0,0,0.00341796,0.00548366,0.623299
23450,PL,97,5,0,0,0.00363723,0.00401867,0.905082
23460,PL,86,4,0,0,0.00310384,0.00460471,0.674059
23470,PL,124,4,0,0,0.00361119,0.00435642,0.828934
23480,PL,112,5,26,4,0.00341653,0.00753369,0.453499
23490,PL,158,4,34,5,0.00354258,0.00770395,0.459839
23500,PL,134,6,0,0,0.00315489,0.00600894,0.525034
23510,PL,72,5,39,4,0.00303645,0.00726786,0.417792
23520,PL,121,4,0,0,0.00361524,0.00402732,0.897678
23530,PL,70,4,0,0,0.0032459,0.00327543,0.990985
23540,PL,134,3,0,0,0.00351997,0.00390867,0.900556
23550,PL,136,6,0,0,0.00344927,0.00496518,0.694693
23560,PL,1,3,0,0,0.00251761,0.00148715,1.69291
23570,PL,117,5,0,0,0.00306794,0.00490617,0.625323
23580,PL,185,5,0,0,0.00354658,0.00522077,0.67932
23590,PL,120,4,17,6,0.00357221,0.00748238,0.477416
23600,PL,111,5,18,4,0.0036266,0.00619757,0.585164
23610,PL,101,5,5,3,0.00342326,0.00644057,0.531514
23620,PL,44,4,1,3,0.00271231,0.00408131,0.664569
23630,PL,129,4,0,0,0.00343824,0.00468785,0.733437
23640,PL,145,6,39,4,0.00365882,0.00935378,0.391159
23650,PL,96,4,1,3,0.00344951,0.00538744,0.640286
23660,PL,59,4,25,6,0.00316571,0.0072324,0.437713
23670,PL,24,3,0,0,0.00261411,0.00240854,1.08535
23680,PL,98,4,0,0,0.00329503,0.00451908,0.729138
23690,PL,144,5,0,0,0.00340932,0.00418875,0.813925
23700,PL,91,5,0,0,0.00356233,0.00424877,0.838437
23710,PL,78,4,0,0,0.00316227,0.00411305,0.768837
23720,PL,111,5,0,0,0.00389984,0.00493725,0.78988
23730,PL,32,3,18,5,0.00253982,0.00520073,0.488358
23740,PL,90,5,8,3,0.00320927,0.00547564,0.586098
23750,PL,31,4,0,0,0.00256494,0.00237983,1.07778
23760,PL,129,4,17,5,0.00376931,0.00733124,0.514143
23770,PL,100,4,31,3,0.00323434,0.00652529,0.495662
23780,PL,0,3,0,0,0.00248044,0.00132829,1.8674
23790,PL,113,4,0,0,0.00351567,0.00410556,0.856319
23800,PL,100,5,0,0,0.00266092,0.00424698,0.626544
23810,PL,117,6,0,0,0.00364403,0.00493872,0.737848
23820,PL,129,5,0,0,0.00329625,0.0044677,0.737795
23830,PL,76,3,0,0,0.00295661,0.00304479,0.971039
23840,PL,115,4,0,0,0.00357719,0.00461412,0.775269
23850,PL,135,5,0,0,0.00356485,0.00537488,0.663241
23860,PL,79,4,0,0,0.00358043,0.00339865,1.05349
23870,PL,117,4,0,0,0.00366378,0.00391641,0.935494
23880,PL,99,5,13,3,0.00369021,0.0073463,0.502322
23890,PL,142,4,0,0,0.00353631,0.00452469,0.781558
23900,PL,68,5,10,3,0.00324238,0.00659693,0.491498
23910,PL,75,4,0,0,0.00327889,0.00387638,0.845863
23920,PL,125,5,0,0,0.00332925,0.00450223,0.739466
23930,PL,117,5,11,3,0.00334285,0.00617257,0.541566
23940,PL,67,6,0,0,0.00322377,0.00469331,0.686887
23950,PL,129,4,0,0,0.00340375,0.00450929,0.754829
23960,PL,105,3,0,0,0.00332077,0.00304924,1.08905
23970,PL,157,4,0,0,0.00375698,0.00488997,0.768302
23980,PL,175,5,0,0,0.00346295,0.00516537,0.670415
23990,PL,118,4,0,0,0.00332017,0.00439117,0.756102
24000,PL,70,5,0,0,0.00295334,0.00459947,0.642105
24010,PL,100,6,0,0,0.00284456,0.00461024,0.61701
24020,PL,41,3,0,0,0.00328186,0.00284042,1.15541
24030,PL,55,4,0,0,0.00353464,0.00340819,1.0371
24040,PL,184,6,17,4,0.00356629,0.00925329,0.385407
24050,PL,143,5,0,0,0.00322442,0.00467684,0.689445
24060,PL,114,5,0,0,0.0034127,0.00454816,0.750348
24070,PL,56,3,0,0,0.00324082,0.00258831,1.2521
24080,PL,82,4,0,0,0.0034257,0.00365878,0.936298
24090,PL,104,7,0,0,0.00347073,0.00556302,0.623893
24100,PL,128,4,0,0,0.00341598,0.00450073,0.758983
24110,PL,86,5,32,5,0.00369424,0.00879936,0.41983
24120,PL,63,3,34,5,0.00343918,0.00680119,0.505674
24130,PL,132,5,0,0,0.00371137,0.00511957,0.724937
24140,PL,60,5,0,0,0.00304763,0.00406083,0.750496
24150,PL,102,4,0,0,0.00342253,0.00408923,0.836961
24160,PL,57,4,0,0,0.00327743,0.00382965,0.855806
24170,PL,69,3,0,0,0.00333957,0.00347174,0.96193
24180,PL,77,4,0,0,0.00321308,0.00355704,0.903304
24190,PL,148,5,0,0,0.00369505,0.00476384,0.775644
24200,PL,173,9,5,3,0.00334523,0.00861975,0.38809
24210,PL,136,6,0,0,0.00340612,0.00490961,0.693767
24220,PL,84,3,23,3,0.00293058,0.00552371,0.530547
24230,PL,89,4,0,0,0.00357494,0.00409712,0.872549
24240,PL,66,4,0,0,0.00355508,0.00386468,0.91989
24250,PL,178,5,0,0,0.00352776,0.00603706,0.58435
24260,PL,190,5,0,0,0.0036034,0.00595322,0.605286
24270,PL,172,4,8,3,0.00360782,0.00642147,0.561837
24280,PL,151,5,0,0,0.003489,0.00444601,0.78475
24290,PL,32,3,0,0,0.00392244,0.00215584,1.81945
24300,PL,154,5,0,0,0.00329532,0.00519314,0.634553
24310,PL,111,4,0,0,0.00322551,0.00375165,0.859759
24320,PL,51,5,2,3,0.00256987,0.00590047,0.435537
24330,PL,141,5,33,4,0.00372845,0.00804476,0.463463
24340,PL,139,8,0,0,0.00346445,0.00675138,0.513146
24350,PL,70,4,0,0,0.00329634,0.00357229,0.922755
24360,PL,40,3,19,6,0.00254008,0.00559693,0.453834
24370,PL,98,5,0,0,0.00296443,0.00416525,0.711706
24380,PL,86,4,0,0,0.00302689,0.00453514,0.667431
24390,PL,112,5,2,3,0.00388768,0.00552741,0.703345
24400,PL,105,4,0,0,0.00324231,0.00416959,0.777608
24410,PL,75,5,0,0,0.00339509,0.00481353,0.705323
24420,PL,82,7,0,0,0.00327385,0.00466221,0.702209
24430,PL,113,6,0,0,0.00357446,0.00463246,0.771611
24440,PL,129,4,0,0,0.003544,0.00394873,0.897505
24450,PL,95,4,0,0,0.00510128,0.00481536,1.05938
24460,PL,120,5,0,0,0.00309447,0.00579861,0.533658
24470,PL,134,5,0,0,0.00361256,0.00463491,0.779423
24480,PL,126,5,0,0,0.0034218,0.00467824,0.731428
24490,PL,124,6,0,0,0.00354886,0.00477941,0.74253
24500,PL,83,4,7,3,0.00330548,0.00592832,0.557576
24510,PL,81,4,0,0,0.00285246,0.00295317,0.965898
24520,PL,120,5,0,0,0.00328561,0.00488587,0.672471
24530,PL,84,6,0,0,0.00318206,0.00524442,0.606752
24540,PL,159,6,0,0,0.003397,0.00671173,0.506128
24550,PL,76,4,25,5,0.00343296,0.00769857,0.445921
24560,PL,157,5,0,0,0.0035116,0.00613269,0.572603
24570,PL,102,4,9,3,0.00334286,0.00707306,0.472618
24580,PL,98,4,0,0,0.00352034,0.00386211,0.911507
24590,PL,63,4,0,0,0.00358669,0.00429272,0.835528
24600,PL,94,5,3,3,0.00313649,0.00516558,0.607191
24610,PL,129,5,0,0,0.00346502,0.0057261,0.605127
24620,PL,128,5,2,3,0.00376164,0.00620694,0.606037
24630,PL,90,3,0,0,0.00365011,0.00374592,0.974423
24640,PL,98,4,2,3,0.00324681,0.00521139,0.623021
24650,PL,116,5,0,0,0.003395,0.00592364,0.573129
24660,PL,79,4,0,0,0.00318628,0.00331191,0.962065
24670,PL,36,3,0,0,0.002799,0.00249237,1.12303
24680,PL,147,5,0,0,0.00364556,0.00487204,0.74826
24690,PL,108,5,0,0,0.00378872,0.00476694,0.79479
24700,PL,121,4,1,3,0.00347973,0.00512525,0.678939
24710,PL,32,4,18,4,0.00253045,0.0066479,0.380639
24720,PL,108,5,0,0,0.00374544,0.00496653,0.754135
24730,PL,85,4,18,3,0.00367795,0.00557104,0.660191
24740,PL,101,4,5,3,0.00347895,0.0068323,0.509191
24750,PL,97,4,0,0,0.00291475,0.00343183,0.849328
24760,PL,128,4,49,3,0.0031778,0.00674087,0.471423
24770,PL,98,5,0,0,0.00328914,0.00462315,0.711451
24780,PL,77,3,0,0,0.00294285,0.0025769,1.14201
24790,PL,105,6,14,4,0.00360891,0.00660459,0.546424
24800,PL,92,4,2,3,0.00366659,0.00557911,0.657199
24810,PL,94,4,0,0,0.00331859,0.0054353,0.610561
24820,PL,201,6,0,0,0.00362879,0.00774767,0.468371
24830,PL,89,4,1,3,0.00333838,0.0056803,0.587711
24840,PL,129,4,0,0,0.0034117,0.00418904,0.814434
24850,PL,88,8,0,0,0.00316115,0.0069105,0.457442
24860,PL,51,7,0,0,0.00260722,0.00474559,0.549399
24870,PL,100,3,1,3,0.00309887,0.00485491,0.638297
24880,PL,78,4,0,0,0.00291177,0.00433626,0.671494
24890,PL,87,4,11,3,0.00302876,0.00571932,0.529567
24900,PL,128,5,0,0,0.00341664,0.00582253,0.586797
24910,PL,64,3,18,3,0.00348872,0.00556771,0.626599
24920,PL,179,7,0,0,0.00296739,0.00805647,0.368324
24930,PL,126,6,1,3,0.0034425,0.00751932,0.457821
24940,PL,187,4,79,5,0.00344013,0.00892106,0.385619
24950,PL,152,6,6,3,0.0033884,0.00773171,0.438247
24960,PL,91,4,0,0,0.00378686,0.00412341,0.918381
24970,PL,146,5,0,0,0.00356327,0.00533168,0.668321
24980,PL,64,4,0,0,0.00316546,0.00360316,0.878524
24990,PL,23,3,28,4,0.00256321,0.00622129,0.412007
25000,PL,154,4,32,3,0.00306671,0.00715069,0.428869
25010,PL,79,4,0,0,0.0032746,0.00433754,0.754945
25020,PL,126,6,8,3,0.00370687,0.00846656,0.437825
25030,PL,64,6,27,8,0.00332596,0.00922463,0.360552
25040,PL,107,5,0,0,0.00364186,0.00539944,0.674489
25050,PL,97,4,10,3,0.00317049,0.00640324,0.495138
25060,PL,61,4,0,0,0.0033698,0.00332355,1.01392
25070,PL,119,4,4,3,0.00352991,0.00645211,0.547094
25080,PL,125,4,24,4,0.00335249,0.00749969,0.447017
25090,PL,179,9,0,0,0.00348324,0.00935714,0.372255
25100,PL,44,3,0,0,0.00341835,0.00356297,0.959411
25110,PL,119,5,9,3,0.00332142,0.0070153,0.473454
25120,PL,120,6,0,0,0.00343813,0.00606951,0.56646
25130,PL,85,5,0,0,0.00337711,0.00543641,0.621203
25140,PL,116,4,3,3,0.00342368,0.00585004,0.58524
25150,PL,147,7,0,0,0.00365208,0.00637354,0.573006
25160,PL,87,6,0,0,0.00335463,0.0055588,0.603482
25170,PL,114,5,9,3,0.00317626,0.0067311,0.471879
25180,PL,151,7,0,0,0.00366528,0.00581379,0.630446
25190,PL,29,3,0,0,0.00336756,0.00293312,1.14811
25200,PL,106,5,6,3,0.00377557,0.00616304,0.612614
25210,PL,126,4,0,0,0.00343912,0.00439223,0.783002
25220,PL,134,3,0,0,0.00393059,0.00345283,1.13837
25230,PL,117,5,16,3,0.00314839,0.00592264,0.531585
25240,PL,85,5,0,0,0.00307955,0.00460864,0.668213
25250,PL,72,3,18,4,0.00323493,0.00644582,0.501865
25260,PL,168,5,0,0,0.00348068,0.00520636,0.668544
25270,PL,146,6,0,0,0.00363333,0.00558279,0.65081
25280,PL,112,4,0,0,0.00345722,0.0040475,0.854162
25290,PL,128,4,0,0,0.00321473,0.00381954,0.841654
25300,PL,100,4,7,3,0.00295413,0.00552816,0.534379
25310,PL,149,5,22,3,0.00359076,0.00646537,0.555383
25320,PL,89,4,0,0,0.00353044,0.00465422,0.758546
25330,PL,55,5,0,0,0.00321668,0.00422543,0.761267
25340,PL,74,3,33,5,0.00296467,0.00736898,0.402318
25350,PL,153,5,0,0,0.00357099,0.00499397,0.715061
25360,PL,116,4,0,0,0.00326883,0.0038579,0.847308
25370,PL,151,6,9,3,0.00358875,0.0080339,0.446701
25380,PL,90,5,0,0,0.00312061,0.00473002,0.659746
25390,PL,62,3,0,0,0.00356454,0.00255988,1.39246
25400,PL,54,4,0,0,0.00353463,0.00369349,0.956989
25410,PL,81,3,0,0,0.00330983,0.00302571,1.0939
25420,PL,52,4,32,3,0.00289827,0.00634124,0.457051
25430,PL,160,6,0,0,0.00373376,0.00569926,0.655131
25440,PL,110,3,22,5,0.00365819,0.00696626,0.52513
25450,PL,111,4,0,0,0.00345452,0.0038481,0.897721
25460,PL,105,4,0,0,0.00326376,0.00464741,0.702276
25470,PL,89,5,0,0,0.00324599,0.00379899,0.854436
25480,PL,64,3,0,0,0.00330567,0.00287036,1.15166
25490,PL,76,5,0,0,0.00308509,0.00398099,0.774956
25500,PL,205,5,12,3,0.00317542,0.00781146,0.406508
25510,PL,118,7,46,3,0.00340479,0.00872972,0.390023
25520,PL,65,3,0,0,0.00312243,0.00266967,1.16959
25530,PL,78,4,18,3,0.00371312,0.00586679,0.632905
25540,PL,118,4,0,0,0.00346593,0.00364858,0.949939
25550,PL,82,4,0,0,0.0028821,0.0041269,0.69837
25560,PL,65,4,11,4,0.00274521,0.00597546,0.459415
25570,PL,89,4,22,3,0.00347091,0.00676924,0.512747
25580,PL,108,5,14,4,0.00365658,0.00766779,0.476875
25590,PL,114,3,0,0,0.00359842,0.00396691,0.907109
25600,PL,121,5,0,0,0.00376802,0.00501656,0.751117
25610,PL,120,4,0,0,0.00301147,0.00457587,0.65812
25620,PL,70,4,0,0,0.00298203,0.00318717,0.935635
25630,PL,92,4,0,0,0.00318824,0.00376488,0.846837
25640,PL,121,5,29,4,0.00364916,0.00876779,0.416201
25650,PL,59,5,0,0,0.00347176,0.00398962,0.870199
25660,PL,126,5,0,0,0.00313955,0.00515143,0.609453
25670,PL,106,5,0,0,0.00341797,0.00450441,0.758806
25680,PL,94,6,0,0,0.00350741,0.00447048,0.784572
25690,PL,123,4,0,0,0.0035885,0.00468547,0.765879
25700,PL,129,5,7,3,0.00335581,0.00710092,0.472588
25710,PL,158,5,5,3,0.00324344,0.00647444,0.500961
25720,PL,93,4,0,0,0.00350997,0.00388182,0.904208
25730,PL,86,4,21,3,0.00327122,0.00593943,0.550763
25740,PL,178,5,0,0,0.00323015,0.00670168,0.481991
25750,PL,142,8,17,4,0.00340035,0.00928844,0.366084
25760,PL,71,6,2,3,0.00329378,0.00741418,0.444254
25770,PL,174,6,4,3,0.00370416,0.0076368,0.485041
25780,PL,141,5,0,0,0.00340041,0.00443423,0.766855
25790,PL,91,5,7,5,0.00372308,0.00631173,0.589866
25800,PL,96,4,0,0,0.00313192,0.00427591,0.732458
25810,PL,107,4,0,0,0.00356121,0.00375394,0.948659
25820,PL,129,4,8,4,0.00326736,0.00679808,0.48063
25830,PL,91,3,5,3,0.00364055,0.00536984,0.677963
25840,PL,119,5,0,0,0.00344306,0.00553508,0.622044
25850,PL,98,6,11,3,0.0030773,0.0073807,0.416939
25860,PL,117,5,0,0,0.00368891,0.00424639,0.868717
25870,PL,157,5,0,0,0.00351813,0.00660612,0.532556
25880,PL,120,5,0,0,0.00356011,0.00428381,0.831062
25890,PL,52,4,16,3,0.0026476,0.00472922,0.559839
25900,PL,184,5,12,3,0.00363072,0.00841552,0.431432
25910,PL,118,7,5,3,0.00356569,0.00801066,0.445118
25920,PL,71,4,0,0,0.00264876,0.00316726,0.836294
25930,PL,85,5,0,0,0.00313489,0.00458004,0.684469
25940,PL,129,5,0,0,0.00368445,0.00476801,0.772744
25950,PL,142,4,0,0,0.00332572,0.0038689,0.859604
25960,PL,106,4,0,0,0.00342008,0.00412658,0.828793
25970,PL,188,5,10,3,0.00350714,0.00692076,0.506756
25980,PL,69,4,12,3,0.00338961,0.00642952,0.527196
25990,PL,156,7,2,3,0.00367254,0.00856767,0.428651
26000,PL,114,5,0,0,0.00349363,0.00485154,0.720108
26010,PL,83,4,0,0,0.00320065,0.00412565,0.775793
26020,PL,183,5,3,3,0.00365015,0.00682176,0.535074
26030,PL,74,4,21,3,0.00283498,0.00527394,0.537546
26040,PL,81,3,0,0,0.0032601,0.00368167,0.885495
26050,PL,112,6,2,3,0.00322967,0.00657383,0.491292
26060,PL,52,3,0,0,0.00330954,0.00330548,1.00123
26070,PL,120,4,3,3,0.00345909,0.00619143,0.55869
26080,PL,134,8,5,3,0.00288152,0.00730663,0.394371
26090,PL,33,4,0,0,0.00260818,0.00282262,0.924028
26100,PL,167,6,0,0,0.00347853,0.00482948,0.720271
26110,PL,64,4,9,4,0.0031284,0.00559368,0.559275
26120,PL,111,4,0,0,0.00343828,0.00354226,0.970646
26130,PL,134,5,1,3,0.00358975,0.00739658,0.485326
26140,PL,59,3,8,3,0.00327853,0.00472913,0.693263
26150,PL,101,4,0,0,0.00355383,0.00411895,0.8628
26160,PL,132,5,0,0,0.00359559,0.00431836,0.832629
26170,PL,125,4,95,5,0.00386537,0.00957398,0.403737
26180,PL,83,4,3,3,0.00316658,0.00587164,0.539301
26190,PL,89,6,11,4,0.00336921,0.00707892,0.47595
26200,PL,88,5,0,0,0.00315034,0.00499327,0.630918
26210,PL,114,5,0,0,0.00300264,0.00529546,0.567022
26220,PL,178,6,0,0,0.00367887,0.00633661,0.580574
26230,PL,146,5,0,0,0.00373696,0.00502919,0.743055
26240,PL,100,6,8,3,0.00329401,0.00686674,0.479705
26250,PL,80,4,3,3,0.00279349,0.00540669,0.516674
26260,PL,85,3,9,3,0.00303569,0.00533513,0.569001
26270,PL,89,4,0,0,0.00344861,0.00348111,0.990664
26280,PL,116,5,0,0,0.00359627,0.00445494,0.807255
26290,PL,98,4,0,0,0.00356579,0.00402769,0.885319
26300,PL,139,6,7,3,0.0035095,0.00845593,0.415034
26310,PL,107,4,6,3,0.00349613,0.00624592,0.559746
26320,PL,152,4,0,0,0.00360183,0.00412653,0.872847
26330,PL,127,5,0,0,0.0033386,0.00488742,0.683101
26340,PL,123,5,16,3,0.0037948,0.00696057,0.545185
26350,PL,99,5,0,0,0.00322434,0.00434171,0.742643
26360,PL,73,5,17,4,0.00280102,0.00699118,0.400651
26370,PL,120,4,10,3,0.00359483,0.00570377,0.630256
26380,PL,134,6,0,0,0.00339054,0.00563985,0.601176
26390,PL,99,3,5,4,0.00331672,0.00475099,0.698112
26400,PL,82,3,0,0,0.00311324,0.00301948,1.03105
26410,PL,88,6,0,0,0.00268946,0.00414028,0.649585
26420,PL,85,6,6,3,0.00348463,0.00639471,0.544924
26430,PL,156,4,0,0,0.00360327,0.00482302,0.747099
26440,PL,117,4,14,4,0.00350797,0.00757261,0.463245
26450,PL,58,3,13,3,0.00334875,0.00537304,0.623251
26460,PL,56,4,0,0,0.00306252,0.00403633,0.758739
26470,PL,143,4,0,0,0.00350432,0.00485159,0.722304
26480,PL,40,3,5,3,0.00305264,0.00508777,0.599997
26490,PL,113,4,0,0,0.00378881,0.00384521,0.985332
26500,PL,133,6,2,3,0.003478,0.00683047,0.509189
26510,PL,86,3,0,0,0.00347689,0.00311153,1.11742
26520,PL,137,5,0,0,0.00346571,0.00593525,0.58392
26530,PL,118,7,5,3,0.00343149,0.0081066,0.423296
26540,PL,0,3,0,0,0.00248063,0.00132311,1.87486
26550,PL,139,6,0,0,0.00356483,0.0057418,0.620856
26560,PL,103,4,0,0,0.00368699,0.00406926,0.906059
26570,PL,52,4,0,0,0.00279167,0.00300878,0.927842
26580,PL,135,4,3,3,0.00373915,0.00629935,0.593577
26590,PL,153,5,7,3,0.00330729,0.00697546,0.474132
26600,PL,97,7,0,0,0.00310079,0.00569939,0.544057
26610,PL,84,4,0,0,0.00375772,0.00371216,1.01227
26620,PL,90,5,0,0,0.0033976,0.00472491,0.719083
26630,PL,144,4,109,5,0.00346803,0.0102223,0.33926
26640,PL,138,6,21,3,0.00353477,0.00879805,0.401768
26650,PL,130,6,0,0,0.0038137,0.00603814,0.631601
26660,PL,155,6,0,0,0.00383356,0.00633422,0.605214
26670,PL,79,4,0,0,0.00332932,0.00394027,0.844947
26680,PL,115,6,0,0,0.00352159,0.00466812,0.754392
26690,PL,174,5,0,0,0.00367793,0.00594529,0.618629
26700,PL,107,4,0,0,0.0029801,0.00484918,0.614558
26710,PL,33,4,12,3,0.00263336,0.00513572,0.512755
26720,PL,44,4,0,0,0.0034569,0.0030263,1.14229
26730,PL,53,3,0,0,0.00290271,0.00336592,0.862383
26740,PL,1,3,0,0,0.00251005,0.00166324,1.50914
26750,PL,117,3,0,0,0.00356345,0.00380846,0.935667
26760,PL,78,5,0,0,0.00317632,0.00464156,0.684322
26770,PL,107,6,0,0,0.00315042,0.00521925,0.603616
26780,PL,51,3,0,0,0.00367569,0.0031743,1.15795
26790,PL,80,3,0,0,0.00306775,0.00333633,0.919498
26800,PL,0,3,19,3,0.00249436,0.00323954,0.769975
26810,PL,95,4,0,0,0.00363567,0.00363522,1.00012
26820,PL,153,5,10,4,0.00361448,0.00830237,0.435355
26830,PL,68,4,2,3,0.00337233,0.00505491,0.66714
26840,PL,74,4,1,3,0.00305963,0.00557738,0.548579
26850,PL,122,4,0,0,0.00349206,0.00491308,0.710768
26860,PL,40,4,5,3,0.00257772,0.00447506,0.57602
26870,PL,144,7,62,7,0.00392065,0.0126427,0.310112
26880,PL,119,4,0,0,0.00350734,0.00444723,0.788658
26890,PL,98,4,0,0,0.00355726,0.00433872,0.819887
26900,PL,142,5,0,3,0.00333062,0.00583942,0.570369
26910,PL,76,6,0,0,0.00293256,0.00403304,0.727134
26920,PL,97,4,0,0,0.00326766,0.00403132,0.810569
26930,PL,87,5,0,0,0.00349427,0.00373883,0.934589
26940,PL,134,5,0,0,0.00362269,0.00471857,0.767752
26950,PL,98,4,0,0,0.00343279,0.00332151,1.0335
26960,PL,116,5,3,3,0.00329356,0.00646246,0.509645
26970,PL,161,4,0,0,0.00373789,0.0043975,0.850004
26980,PL,148,4,0,0,0.00307232,0.00439542,0.698983
26990,PL,196,6,0,0,0.00385941,0.0056483,0.683287
27000,PL,214,5,0,0,0.00380385,0.00608514,0.625105
27010,PL,87,3,0,0,0.00293224,0.00271388,1.08046
27020,PL,101,6,0,0,0.00367849,0.00548795,0.670285
27030,PL,202,6,29,5,0.00353037,0.010774,0.327676
27040,PL,84,4,15,5,0.00336244,0.00638196,0.526866
27050,PL,90,5,0,0,0.0037355,0.0043158,0.865541
27060,PL,8,3,18,4,0.0025168,0.00430458,0.584681
27070,PL,56,3,0,0,0.00270708,0.00246695,1.09734
27080,PL,72,4,19,3,0.00308204,0.00626819,0.491695
27090,PL,72,4,10,3,0.00269344,0.00483898,0.556614
27100,PL,74,4,3,3,0.00376729,0.00502255,0.750076
27110,PL,67,4,0,0,0.00301395,0.00307412,0.980427
27120,PL,76,3,0,0,0.00317581,0.00357198,0.88909
27130,PL,113,4,2,3,0.00327906,0.0060383,0.543044
27140,PL,83,6,18,5,0.00383478,0.00814233,0.470968
27150,PL,175,5,0,0,0.00361669,0.00604413,0.598381
27160,PL,105,4,15,5,0.0036709,0.00659968,0.556224
27170,PL,41,4,0,0,0.00256598,0.00315035,0.814507
27180,PL,107,5,11,3,0.00341004,0.00722598,0.471914
27190,PL,147,4,0,0,0.00319123,0.00445235,0.716752
27200,PL,136,5,0,0,0.00337549,0.00461746,0.731028
27210,PL,58,4,5,3,0.00280587,0.0052833,0.531084
27220,PL,120,4,7,3,0.00327685,0.00672451,0.487299
27230,PL,148,6,26,3,0.00370382,0.00799601,0.463209
27240,PL,96,5,0,0,0.00318265,0.00381513,0.834219
27250,PL,0,3,0,0,0.00251643,0.00142177,1.76994
27260,PL,84,5,18,4,0.00383208,0.00632699,0.605672
27270,PL,84,3,0,0,0.00319941,0.00314979,1.01575
27280,PL,125,5,5,3,0.00348825,0.0066247,0.526552
27290,PL,116,4,10,3,0.00355162,0.00693333,0.512253
27300,PL,65,4,59,4,0.00310156,0.00715549,0.433452
27310,PL,58,4,2,3,0.00288638,0.00563004,0.512676
27320,PL,106,5,9,3,0.00268702,0.00550322,0.488264
27330,PL,43,5,8,4,0.00262253,0.00563546,0.465363
27340,PL,67,5,0,0,0.00316612,0.00378907,0.835594
27350,PL,54,4,0,0,0.00304649,0.00375327,0.81169
27360,PL,0,3,0,0,0.00257122,0.00134345,1.9139
27370,PL,179,7,0,0,0.00312525,0.00716627,0.436106
27380,PL,80,5,21,4,0.00353657,0.00742731,0.476158
27390,PL,83,4,0,0,0.00340914,0.00423878,0.804274
27400,PL,102,3,4,3,0.00354906,0.00449397,0.789739
27410,PL,109,5,179,5,0.00352865,0.0112074,0.31485
27420,PL,50,4,0,0,0.00356201,0.00316358,1.12594
27430,PL,79,5,23,4,0.00310898,0.00722106,0.430544
27440,PL,108,6,0,0,0.00340273,0.0054719,0.621856
27450,PL,138,6,0,0,0.00383755,0.00475275,0.807438
27460,PL,83,5,0,0,0.0033087,0.00482843,0.685254
27470,PL,127,5,0,0,0.00327786,0.00523676,0.625934
27480,PL,70,4,25,5,0.00312111,0.00722856,0.431775
27490,PL,64,4,10,5,0.00332812,0.00592616,0.561598
27500,PL,129,4,0,0,0.00333665,0.00404588,0.824703
27510,PL,38,4,0,0,0.00327321,0.00314592,1.04046
27520,PL,70,4,0,0,0.00328254,0.00357665,0.91777
27530,PL,133,5,0,0,0.00342905,0.00496962,0.690003
27540,PL,52,5,0,0,0.0025669,0.0032254,0.79584
27550,PL,142,5,0,0,0.00341827,0.00617922,0.553188
27560,PL,32,3,0,0,0.00321765,0.00259142,1.24165
27570,PL,57,3,0,0,0.00284225,0.00235774,1.2055
27580,PL,36,3,0,0,0.00266894,0.00210625,1.26716
27590,PL,95,5,60,5,0.00307833,0.00930903,0.330682
27600,PL,74,4,0,0,0.00323769,0.00363683,0.890251
27610,PL,76,6,0,0,0.00327033,0.00490931,0.666149
27620,PL,53,4,0,0,0.00273777,0.00250112,1.09462
27630,PL,100,6,0,0,0.00351953,0.00452573,0.777672
27640,PL,101,3,0,0,0.00315447,0.00322792,0.977245
27650,PL,126,4,0,0,0.00352575,0.00409548,0.860888
27660,PL,50,4,23,5,0.00321708,0.00617182,0.521254
27670,PL,101,5,3,3,0.00330601,0.00524872,0.62987
27680,PL,116,6,28,3,0.00499295,0.00788725,0.63304
27690,PL,75,7,0,0,0.00341017,0.00511644,0.666513
27700,PL,64,4,72,5,0.00327068,0.00750532,0.435782
27710,PL,54,4,0,0,0.00286714,0.00331295,0.865435
27720,PL,102,6,0,0,0.00339947,0.00658849,0.515971
27730,PL,100,6,0,0,0.00342595,0.00526791,0.650344
27740,PL,75,5,0,0,0.00308329,0.00500585,0.615938
27750,PL,57,3,0,0,0.00313335,0.00329645,0.950523
27760,PL,77,6,0,0,0.00347483,0.00469077,0.740781
27770,PL,141,6,0,0,0.00370843,0.00423307,0.876062
27780,PL,107,6,29,4,0.00352169,0.00817057,0.431021
27790,PL,64,4,0,0,0.00348934,0.00302998,1.1516
27800,PL,154,6,0,0,0.0037214,0.00590327,0.630397
27810,PL,68,5,18,3,0.0035836,0.00690931,0.518662
27820,PL,71,4,2,3,0.00324394,0.0052926,0.612921
27830,PL,50,3,0,0,0.00273941,0.00266359,1.02847
27840,PL,52,5,0,0,0.00274195,0.00383364,0.715235
27850,PL,124,5,0,0,0.00315026,0.00444357,0.708949
27860,PL,93,4,0,0,0.00321516,0.00334334,0.961661
27870,PL,127,4,0,0,0.00320098,0.0034307,0.93304
27880,PL,176,5,0,0,0.00374079,0.00563727,0.663582
27890,PL,75,4,0,0,0.0027265,0.00348125,0.783196
27900,PL,148,5,0,0,0.00369185,0.00492892,0.749019
27910,PL,61,4,11,3,0.00312047,0.0059618,0.523411
27920,PL,110,4,0,0,0.00342398,0.00514672,0.665275
27930,PL,111,4,0,0,0.00358305,0.00414329,0.864784
27940,PL,95,3,29,3,0.00371439,0.00636045,0.583982
27950,PL,130,4,0,0,0.00361593,0.00455058,0.794609
27960,PL,176,7,0,0,0.00349204,0.00804391,0.434122
27970,PL,111,5,0,0,0.00333705,0.00415861,0.802444
27980,PL,46,3,0,0,0.00369978,0.00247775,1.4932
27990,PL,99,5,32,5,0.00336498,0.00852035,0.394935
28000,PL,47,4,5,3,0.00332746,0.00503614,0.660717
28010,PL,0,3,0,0,0.00247563,0.00142127,1.74185
28020,PL,41,3,0,0,0.00264303,0.00232804,1.1353
28030,PL,109,4,0,0,0.00347807,0.00455724,0.763197
28040,PL,123,4,0,0,0.00331201,0.00558154,0.593387
28050,PL,63,4,0,0,0.00292836,0.00326104,0.897984
28060,PL,86,5,0,0,0.00315291,0.00435517,0.723947
28070,PL,66,4,0,0,0.00281445,0.00328469,0.856839
28080,PL,20,3,0,0,0.00269559,0.00199224,1.35305
28090,PL,82,3,0,0,0.00340107,0.0030281,1.12317
28100,PL,121,6,3,3,0.00330648,0.00576379,0.573665
28110,PL,80,4,10,3,0.00341594,0.00578264,0.590723
28120,PL,96,3,0,0,0.00334305,0.00347195,0.962874
28130,PL,125,5,0,0,0.00363929,0.00526408,0.691345
28140,PL,58,4,0,0,0.00325069,0.00376108,0.864297
28150,PL,69,4,50,4,0.0033512,0.00669574,0.500497
28160,PL,131,4,6,3,0.00349247,0.00610881,0.57171
28170,PL,26,4,97,5,0.00284134,0.00845917,0.335889
28180,PL,37,6,0,0,0.00254998,0.00559659,0.455632
28190,PL,185,4,16,3,0.00343385,0.00623268,0.550943
28200,PL,119,5,0,0,0.00362175,0.00518186,0.698929
28210,PL,82,4,0,0,0.00368911,0.00430392,0.857152
28220,PL,84,3,0,0,0.00322239,0.00321535,1.00219
28230,PL,132,6,0,0,0.0035983,0.00486617,0.739453
28240,PL,134,5,0,0,0.00371176,0.00479428,0.774206
28250,PL,92,4,21,3,0.00369055,0.00644302,0.572798
28260,PL,104,3,0,0,0.00343101,0.00337922,1.01533
28270,PL,118,6,0,0,0.00350584,0.00562544,0.623212
28280,PL,151,5,0,0,0.0035678,0.00568811,0.627239
28290,PL,65,6,0,0,0.00338267,0.00477858,0.707883
28300,PL,69,3,0,0,0.00319857,0.00320399,0.998308
28310,PL,95,4,0,0,0.00371769,0.00463374,0.802309
28320,PL,132,6,0,0,0.003509,0.00539407,0.65053
28330,PL,112,5,0,0,0.00359479,0.00443855,0.809902
28340,PL,71,5,0,0,0.00354676,0.00427014,0.830596
28350,PL,73,4,0,0,0.00300231,0.00305014,0.984319
28360,PL,129,4,0,0,0.00342094,0.00393891,0.8685
28370,PL,101,3,0,0,0.00335391,0.00337718,0.99311
28380,PL,133,4,14,4,0.00380173,0.00555498,0.684383
28390,PL,132,6,22,3,0.00342864,0.00820498,0.417873
28400,PL,125,6,0,0,0.00324918,0.0055301,0.587545
28410,PL,135,5,33,5,0.00326444,0.0102036,0.319929
28420,PL,98,4,0,0,0.00275566,0.00368991,0.74681
28430,PL,140,6,14,4,0.00329191,0.00822911,0.400033
28440,PL,185,7,0,0,0.00374158,0.00655059,0.571182
28450,PL,174,7,6,3,0.00367155,0.00859585,0.427131
28460,PL,76,3,0,0,0.00357822,0.00478347,0.748039
28470,PL,52,6,0,0,0.00303284,0.00476568,0.636393
28480,PL,98,4,11,3,0.0035239,0.00552853,0.637403
28490,PL,87,4,0,0,0.00341655,0.00406282,0.840931
28500,PL,91,7,4,3,0.00309916,0.00676274,0.45827
28510,PL,129,6,0,0,0.00342784,0.00509784,0.672411
28520,PL,79,4,0,0,0.00340236,0.00342138,0.994441
28530,PL,64,4,0,0,0.00330636,0.00331881,0.996248
28540,PL,133,11,0,0,0.00379891,0.00859051,0.442222
28550,PL,163,3,4,3,0.00354644,0.00534009,0.664117
28560,PL,46,4,0,0,0.00340908,0.00326914,1.04281
28570,PL,191,5,29,5,0.00339591,0.00946979,0.358605
28580,PL,84,5,0,0,0.0032948,0.00445963,0.738806
28590,PL,83,4,17,4,0.00300651,0.00675011,0.445402
28600,PL,76,4,0,0,0.00330404,0.00313256,1.05474
28610,PL,140,5,0,0,0.00368263,0.00377239,0.976206
28620,PL,126,6,0,0,0.00360041,0.00447084,0.80531
28630,PL,125,4,24,3,0.00357531,0.00715781,0.499498
28640,PL,84,4,0,0,0.00319365,0.00384832,0.829882
28650,PL,114,5,0,0,0.00372215,0.00456434,0.815485
28660,PL,100,9,0,0,0.00295474,0.00555814,0.531607
28670,PL,101,4,3,3,0.0030773,0.004949,0.621803
28680,PL,152,6,0,0,0.00378798,0.00564009,0.671617
28690,PL,104,4,0,0,0.00361028,0.00377048,0.957512
28700,PL,116,5,0,0,0.00321036,0.00415319,0.772987
28710,PL,92,4,0,0,0.00341301,0.00330915,1.03139
28720,PL,92,3,0,0,0.00348394,0.0031014,1.12334
28730,PL,104,5,8,3,0.00322871,0.0060087,0.53734
28740,PL,67,4,18,3,0.00300368,0.00625963,0.47985
28750,PL,173,5,0,0,0.00351281,0.00610922,0.575001
28760,PL,112,4,7,3,0.0029938,0.00629588,0.475517
28770,PL,163,5,10,4,0.0038359,0.0086528,0.443313
28780,PL,56,4,0,0,0.00313495,0.00363848,0.86161
28790,PL,124,5,0,0,0.00306571,0.00484642,0.632573
28800,PL,111,5,9,3,0.00339256,0.00699642,0.4849
28810,PL,42,3,12,4,0.00306724,0.00582284,0.526761
28820,PL,123,7,5,3,0.00360337,0.00832409,0.432885
28830,PL,199,6,0,0,0.00357527,0.00798739,0.447614
28840,PL,61,5,0,0,0.00297229,0.00371113,0.800913
28850,PL,162,7,0,0,0.00387619,0.00607825,0.637715
28860,PL,113,5,0,0,0.00324669,0.00516432,0.628678
28870,PL,98,4,0,0,0.0035869,0.00426137,0.841725
28880,PL,77,4,0,0,0.00293211,0.00330561,0.88701
28890,PL,52,5,0,0,0.00306376,0.00364109,0.841441
28900,PL,95,4,0,0,0.00295888,0.00360071,0.821749
28910,PL,124,4,0,0,0.00363001,0.00416351,0.871863
28920,PL,96,10,0,0,0.0031138,0.00714653,0.435708
28930,PL,157,4,0,0,0.00381988,0.00452558,0.844065
28940,PL,0,3,0,0,0.00248325,0.00145563,1.70597
28950,PL,106,5,0,0,0.00360861,0.00446305,0.808553
28960,PL,97,5,9,3,0.00370979,0.00547813,0.677201
28970,PL,60,4,4,3,0.00334385,0.00539133,0.620228
28980,PL,129,4,10,3,0.00319661,0.00705465,0.453121
28990,PL,151,5,15,4,0.00339694,0.00829425,0.409554
29000,PL,116,4,0,0,0.00314064,0.00425232,0.738571
29010,PL,102,3,0,0,0.00347383,0.00277346,1.25253
29020,PL,70,5,30,4,0.00374327,0.0072544,0.516
29030,PL,86,4,0,0,0.00335171,0.00431663,0.776465
29040,PL,137,5,0,0,0.00366798,0.00551882,0.664632
29050,PL,117,6,0,0,0.00350601,0.00551191,0.63608
29060,PL,104,6,0,0,0.00349404,0.00508424,0.68723
29070,PL,197,5,17,3,0.00381221,0.00927923,0.410833
29080,PL,12,3,18,4,0.00251612,0.00426562,0.589861
29090,PL,179,6,0,0,0.00326892,0.0068141,0.479729
29100,PL,94,3,0,0,0.00322169,0.00320551,1.00505
29110,PL,127,6,0,0,0.00337967,0.00551336,0.612997
29120,PL,65,3,0,0,0.00316291,0.00305531,1.03522
29130,PL,89,3,0,0,0.00343166,0.00290285,1.18217
29140,PL,143,5,0,0,0.0034623,0.00549107,0.630533
29150,PL,30,4,0,0,0.00265819,0.00311535,0.853256
29160,PL,121,7,0,0,0.00308571,0.00694566,0.444265
29170,PL,88,5,0,0,0.00342658,0.00470454,0.728357
29180,PL,86,6,8,3,0.00352855,0.00656956,0.537106
29190,PL,112,5,0,0,0.0033572,0.00457091,0.734471
29200,PL,169,7,0,0,0.00361762,0.0073709,0.490798
29210,PL,53,3,0,0,0.00331404,0.00295836,1.12023
29220,PL,85,6,10,3,0.00283395,0.00683776,0.414456
29230,PL,83,8,7,3,0.00302906,0.0069997,0.432742
29240,PL,135,4,1,3,0.00355367,0.00533534,0.666063
29250,PL,106,7,4,3,0.00343684,0.00843053,0.407666
29260,PL,87,3,6,3,0.00376962,0.00574784,0.655832
29270,PL,0,3,0,0,0.00250971,0.00137539,1.82473
29280,PL,110,4,0,0,0.00361662,0.00378976,0.954314
29290,PL,124,6,45,6,0.00391975,0.0110949,0.353293
29300,PL,142,5,0,0,0.00341898,0.00416706,0.820478
29310,PL,77,5,0,0,0.00375916,0.00384231,0.97836
29320,PL,112,5,3,3,0.00345863,0.00639973,0.540434
29330,PL,75,5,0,0,0.00297409,0.00453782,0.655402
29340,PL,142,5,0,0,0.00379732,0.00491278,0.772948
29350,PL,159,7,0,0,0.00363881,0.00671223,0.542116
29360,PL,89,3,15,3,0.00339326,0.00564323,0.601297
29370,PL,160,7,0,0,0.0035533,0.00640493,0.554776
29380,PL,130,4,0,0,0.00363811,0.00472272,0.770343
29390,PL,124,5,0,0,0.00356741,0.0048881,0.729816
29400,PL,70,4,47,3,0.00349546,0.00671984,0.52017
29410,PL,65,3,0,0,0.00312873,0.00283229,1.10466
29420,PL,108,5,0,0,0.00382434,0.0043331,0.882588
29430,PL,113,5,0,0,0.00355947,0.00429393,0.828954
29440,PL,130,4,0,0,0.00370358,0.00435662,0.850104
29450,PL,87,6,107,7,0.00339574,0.013118,0.258861
29460,PL,103,4,11,5,0.00377733,0.00718822,0.525489
29470,PL,84,5,0,0,0.00296869,0.00475295,0.6246
29480,PL,76,3,10,3,0.00317572,0.00479313,0.662557
29490,PL,120,6,0,0,0.00344782,0.00521279,0.661416
29500,PL,126,4,2,3,0.00366028,0.00631597,0.579528
29510,PL,98,4,12,4,0.00324513,0.00599659,0.541163
29520,PL,115,4,0,0,0.00358833,0.00441059,0.813572
29530,PL,58,4,7,3,0.0026889,0.00536609,0.501092
29540,PL,107,5,0,0,0.00272815,0.00415049,0.657309
29550,PL,153,6,9,3,0.00367735,0.00818409,0.449329
29560,PL,77,5,0,0,0.00329409,0.0047069,0.699843
29570,PL,112,6,0,0,0.00347665,0.00506428,0.686503
29580,PL,26,4,23,3,0.00261513,0.00556244,0.47014
29590,PL,172,5,0,0,0.00358075,0.00522444,0.685384
29600,PL,137,4,5,3,0.00378056,0.00658288,0.574302
29610,PL,54,4,0,0,0.00313005,0.00245687,1.274
29620,PL,133,3,11,4,0.00335263,0.00605499,0.553697
29630,PL,89,7,5,3,0.00326889,0.00710952,0.45979
29640,PL,81,5,0,0,0.00350898,0.0039436,0.889791
29650,PL,122,4,0,0,0.00333725,0.00405766,0.822456
29660,PL,104,5,0,0,0.0033892,0.00433843,0.781204
29670,PL,96,3,0,0,0.00295955,0.00346296,0.85463
29680,PL,121,3,0,0,0.00336249,0.00305226,1.10164
29690,PL,123,4,0,0,0.00358191,0.00404427,0.885675
29700,PL,152,4,78,5,0.00304508,0.00854342,0.356424
29710,PL,101,4,9,3,0.00372055,0.00555083,0.670268
29720,PL,94,3,0,0,0.00347287,0.00308734,1.12487
29730,PL,103,5,0,0,0.00327695,0.00504106,0.650051
29740,PL,62,4,0,0,0.00299669,0.00349373,0.857733
29750,PL,128,3,0,0,0.00339136,0.00361875,0.937163
29760,PL,135,4,19,3,0.00332268,0.00781449,0.425194
29770,PL,56,4,0,0,0.00330313,0.00328551,1.00536
29780,PL,72,4,0,0,0.00349938,0.00374591,0.934187
29790,PL,80,5,9,5,0.0030591,0.00726616,0.421006
29800,PL,145,5,0,0,0.00317162,0.00485642,0.653077
29810,PL,147,4,0,0,0.00330003,0.004625,0.713519
29820,PL,81,4,0,0,0.00315306,0.00360893,0.873682
29830,PL,153,5,0,0,0.00377552,0.00576098,0.65536
29840,PL,130,6,31,4,0.00364688,0.00896031,0.407004
29850,PL,90,4,0,0,0.00310983,0.00371556,0.836974
29860,PL,190,5,0,0,0.00357339,0.00625062,0.571686
29870,PL,5,3,0,0,0.00248825,0.00159876,1.55636
29880,PL,57,3,27,3,0.00283703,0.00492182,0.576418
29890,PL,117,6,21,3,0.00323336,0.0074151,0.436051
29900,PL,169,6,0,0,0.00344117,0.00688016,0.500158
29910,PL,56,4,0,0,0.00281643,0.00281156,1.00173
29920,PL,79,7,0,0,0.00333368,0.00501927,0.664175
29930,PL,126,5,0,0,0.00340418,0.0038005,0.895719
29940,PL,132,5,31,3,0.0037688,0.0071891,0.524238
29950,PL,117,5,0,0,0.0034901,0.00519988,0.671188
29960,PL,127,8,0,0,0.00360084,0.00731659,0.492147
29970,PL,151,4,0,0,0.00349771,0.004545,0.769573
29980,PL,50,3,0,0,0.00312551,0.00259758,1.20324
29990,PL,220,6,17,4,0.00373827,0.0104657,0.357192
30000,PL,114,6,0,0,0.00314124,0.00555652,0.565324
30010,PL,73,3,0,0,0.00320511,0.00355661,0.90117
30020,PL,78,3,7,3,0.00318436,0.00531496,0.59913
30030,PL,79,3,0,0,0.00332101,0.00323233,1.02744
30040,PL,96,4,25,4,0.00316465,0.00678641,0.466322
30050,PL,77,6,0,0,0.00356294,0.00481402,0.740117
30060,PL,99,6,0,0,0.00313406,0.00513403,0.610448
30070,PL,85,5,40,4,0.00362137,0.00719951,0.503002
30080,PL,120,5,9,3,0.0035556,0.00648148,0.548579
30090,PL,49,4,0,0,0.00326259,0.00329971,0.98875
30100,PL,77,3,0,0,0.00362957,0.00294086,1.23419
30110,PL,30,3,20,4,0.00270764,0.00566596,0.477878
30120,PL,131,4,8,3,0.00366936,0.00605692,0.605812
30130,PL,159,4,0,0,0.00385582,0.0050302,0.766533
30140,PL,78,3,0,0,0.0032,0.00315564,1.01406
30150,PL,1,3,0,0,0.00249661,0.00153966,1.62153
30160,PL,116,3,0,0,0.00364665,0.003058,1.1925
30170,PL,79,5,0,0,0.00358022,0.00413839,0.865123
30180,PL,64,4,11,3,0.0026432,0.00531359,0.49744
30190,PL,131,5,0,0,0.00489166,0.0049056,0.997159
30200,PL,74,3,0,0,0.00311865,0.00332004,0.939341
30210,PL,52,4,24,4,0.00292313,0.00636705,0.459102
30220,PL,66,3,0,0,0.00283459,0.00260196,1.08941
30230,PL,122,4,6,3,0.00358712,0.00545565,0.657505
30240,PL,121,4,2,3,0.00307591,0.00580094,0.530243
30250,PL,171,6,45,6,0.00341286,0.0116823,0.292139
30260,PL,114,4,6,4,0.00304531,0.00603208,0.504852
30270,PL,76,4,0,0,0.00330561,0.00338371,0.976919
30280,PL,97,6,0,0,0.00378134,0.00481704,0.784992
30290,PL,112,6,0,0,0.00353155,0.00515138,0.685554
30300,PL,141,5,35,7,0.00375747,0.0101323,0.370842
30310,PL,112,7,0,0,0.00275807,0.00653188,0.422247
30320,PL,152,5,0,0,0.00362993,0.0048432,0.749489
30330,PL,120,5,7,3,0.00340892,0.00694135,0.491103
30340,PL,127,4,18,5,0.00323659,0.00811621,0.398781
30350,PL,142,4,12,4,0.00363814,0.00693352,0.524718
30360,PL,66,5,0,0,0.00307234,0.00376525,0.815972
30370,PL,156,6,0,0,0.00369132,0.0065411,0.564327
30380,PL,79,5,4,3,0.00292207,0.00572694,0.510231
30390,PL,153,4,0,0,0.00355272,0.00455721,0.779581
30400,PL,98,3,8,3,0.00323107,0.00488699,0.661157
30410,PL,63,3,0,0,0.00352143,0.00338349,1.04077
30420,PL,78,4,0,0,0.00325197,0.00347536,0.935722
30430,PL,169,4,26,4,0.00364029,0.00736079,0.494551
30440,PL,144,4,0,0,0.00356449,0.00380938,0.935713
30450,PL,94,5,0,0,0.00315981,0.00414311,0.762666
30460,PL,119,4,0,0,0.00373265,0.00332574,1.12235
30470,PL,118,4,0,0,0.00356596,0.00401834,0.887421
30480,PL,113,4,0,0,0.00360162,0.00364745,0.987435
30490,PL,80,5,27,4,0.00281005,0.00652636,0.430569
30500,PL,94,4,15,3,0.00344117,0.00551837,0.623584
30510,PL,179,5,8,3,0.00351776,0.00612688,0.574152
30520,PL,114,5,5,3,0.00325022,0.00529975,0.613277
30530,PL,110,5,25,4,0.00297063,0.00709311,0.418805
30540,PL,80,4,0,0,0.00322449,0.00389875,0.827057
30550,PL,159,6,0,0,0.00367979,0.00665361,0.553052
30560,PL,106,5,0,0,0.00353769,0.00550202,0.64298
30570,PL,151,6,0,0,0.00348955,0.00620598,0.562288
30580,PL,24,3,0,0,0.00301773,0.00202729,1.48856
30590,PL,78,5,0,0,0.00320813,0.00489749,0.655055
30600,PL,126,3,0,0,0.00344678,0.00374708,0.919857
30610,PL,150,4,14,4,0.00369499,0.00727765,0.507717
30620,PL,169,5,19,3,0.00350863,0.00681635,0.514737
30630,PL,132,6,0,0,0.0038406,0.00495886,0.774492
30640,PL,109,4,0,0,0.00353694,0.0044492,0.79496
30650,PL,146,6,0,3,0.00359781,0.00689405,0.521872
30660,PL,91,5,9,3,0.00355084,0.00660347,0.537723
30670,PL,0,3,0,0,0.00248924,0.00142389,1.74819
30680,PL,95,4,40,4,0.00367761,0.00663873,0.553963
30690,PL,119,4,0,0,0.00320505,0.00353315,0.907136
30700,PL,99,5,0,0,0.00282732,0.00482447,0.586036
30710,PL,174,6,8,3,0.00348354,0.00776968,0.44835
30720,PL,57,4,5,3,0.00337709,0.00528311,0.639223
30730,PL,102,6,13,3,0.00312114,0.0067165,0.464697
30740,PL,160,5,0,0,0.00339149,0.00672636,0.504209
30750,PL,111,4,10,3,0.00363039,0.00588882,0.616489
30760,PL,92,5,8,3,0.00312034,0.00645974,0.483044
30770,PL,81,3,0,0,0.00347345,0.00323411,1.074
30780,PL,139,6,6,4,0.00322651,0.00685587,0.47062
30790,PL,116,6,0,0,0.00329992,0.0056743,0.581555
30800,PL,67,3,0,0,0.00370732,0.00259544,1.4284
30810,PL,0,3,0,0,0.00252045,0.00136317,1.84895
30820,PL,71,5,5,3,0.00332946,0.00608671,0.547004
30830,PL,97,4,0,0,0.0031146,0.00313692,0.992885
30840,PL,97,4,63,5,0.00306224,0.00957689,0.319753
30850,PL,81,5,3,3,0.00346419,0.0057356,0.60398
30860,PL,116,4,14,4,0.0037619,0.00700324,0.537166
30870,PL,124,4,9,3,0.00345345,0.00631698,0.546693
30880,PL,119,5,7,3,0.00359939,0.00575978,0.624917
30890,PL,103,6,11,3,0.00300118,0.00688474,0.435918
30900,PL,184,5,3,3,0.00349252,0.00703639,0.496351
30910,PL,92,3,0,0,0.00350849,0.00358819,0.977788
30920,PL,135,7,5,3,0.00365525,0.00900697,0.405824
30930,PL,92,4,0,0,0.00309745,0.00445133,0.695848
30940,PL,76,4,2,3,0.00348185,0.00530707,0.656077
30950,PL,100,8,0,0,0.00372754,0.0063348,0.588423
30960,PL,65,4,5,3,0.00317505,0.00520436,0.610074
30970,PL,78,3,0,0,0.00307014,0.00391711,0.783776
30980,PL,55,3,6,3,0.00289014,0.00398971,0.724398
30990,PL,86,4,3,3,0.00324438,0.00524821,0.618187
31000,PL,169,5,8,3,0.00370278,0.00730809,0.506669
31010,PL,82,6,39,3,0.00322988,0.008663,0.372836
31020,PL,54,4,0,0,0.00316951,0.0036521,0.867859
31030,PL,103,5,0,0,0.00319718,0.0052509,0.608882
31040,PL,44,3,0,0,0.00332517,0.00333096,0.998262
31050,PL,155,5,3,3,0.00364623,0.00689612,0.528737
31060,PL,73,5,41,3,0.00317967,0.00722342,0.440189
31070,PL,100,3,0,0,0.00353527,0.00383971,0.920712
31080,PL,151,5,0,0,0.00355717,0.00523301,0.679755
31090,PL,116,3,0,0,0.00361089,0.00360403,1.0019
31100,PL,96,4,0,0,0.00319382,0.00346579,0.921527
31110,PL,120,4,18,3,0.00334449,0.00577732,0.578899
31120,PL,15,3,9,6,0.00259517,0.00536738,0.483507
31130,PL,129,4,0,0,0.00355829,0.00443561,0.802209
31140,PL,137,5,0,0,0.00339108,0.00478693,0.708404
31150,PL,133,6,0,0,0.00304142,0.00569569,0.533985
31160,PL,56,3,0,0,0.00373996,0.00323921,1.15459
31170,PL,25,4,0,0,0.00258102,0.00238755,1.08103
31180,PL,96,4,26,4,0.00295414,0.00641004,0.460861
31190,PL,86,5,0,0,0.00353103,0.00453006,0.779466
31200,PL,142,5,0,0,0.00345196,0.00551145,0.626325
31210,PL,60,4,0,0,0.00337197,0.00353397,0.954159
31220,PL,134,6,0,0,0.0037838,0.00497194,0.76103
31230,PL,119,4,0,0,0.0031808,0.00407835,0.779923
31240,PL,87,5,0,0,0.00306329,0.00415254,0.73769
31250,PL,46,4,0,0,0.00274989,0.00337392,0.815042
31260,PL,108,4,17,4,0.0035256,0.00605122,0.582627
31270,PL,76,4,0,0,0.00324395,0.0041417,0.783241
31280,PL,26,3,0,0,0.00272536,0.0022172,1.22919
31290,PL,119,4,0,0,0.00360378,0.00398583,0.904148
31300,PL,126,4,0,0,0.00348636,0.00416492,0.837077
31310,PL,111,5,2,3,0.00349051,0.00584837,0.596834
31320,PL,95,4,13,3,0.00301773,0.00674483,0.447414
31330,PL,137,5,0,0,0.00357236,0.00455974,0.783456
31340,PL,90,7,0,0,0.00265947,0.00503313,0.528392
31350,PL,98,5,9,3,0.00323326,0.00746978,0.432845
31360,PL,71,4,0,0,0.00342413,0.00370757,0.923551
31370,PL,149,5,0,0,0.00347645,0.00482339,0.720748
31380,PL,118,4,23,4,0.00322754,0.00754497,0.427774
31390,PL,148,4,0,0,0.00367689,0.00428088,0.858909
31400,PL,99,4,27,5,0.00337893,0.00674411,0.501019
31410,PL,79,7,0,0,0.00306739,0.00695453,0.441063
31420,PL,105,4,0,0,0.00339864,0.00401923,0.845594
31430,PL,111,5,0,0,0.00346638,0.0044484,0.779241
31440,PL,147,4,0,0,0.00370188,0.00456994,0.81005
31450,PL,87,5,1,3,0.00341825,0.00606969,0.563167
31460,PL,79,3,0,0,0.00312099,0.00301213,1.03614
31470,PL,98,3,1,3,0.00324748,0.00497863,0.652283
31480,PL,56,5,14,3,0.00333522,0.00562325,0.593112
31490,PL,60,3,0,0,0.00308948,0.00305676,1.0107
31500,PL,192,7,0,0,0.00335397,0.00695039,0.482558
31510,PL,100,4,0,0,0.00331594,0.00371792,0.89188
31520,PL,76,3,0,0,0.00372712,0.00356646,1.04505
31530,PL,96,3,0,0,0.00353844,0.00379867,0.931494
31540,PL,116,5,0,0,0.00327888,0.00432404,0.75829
31550,PL,51,5,0,0,0.00311186,0.00350789,0.887103
31560,PL,84,6,6,3,0.0035783,0.00711644,0.502822
31570,PL,94,4,0,0,0.00323035,0.00404426,0.798749
31580,PL,133,4,0,0,0.00351242,0.00434111,0.809106
31590,PL,113,5,0,0,0.00329869,0.00453472,0.727429
31600,PL,128,7,0,0,0.00353361,0.00586617,0.60237
31610,PL,88,5,0,0,0.00333109,0.00542175,0.614393
31620,PL,97,5,0,0,0.00349716,0.00487671,0.717114
31630,PL,46,4,0,0,0.00255049,0.00318743,0.800171
31640,PL,146,7,0,0,0.00383969,0.00669814,0.573248
31650,PL,65,4,0,0,0.00288364,0.00379767,0.759318
31660,PL,149,4,0,0,0.00352757,0.00431443,0.817621
31670,PL,114,5,0,0,0.00310647,0.00563165,0.551608
31680,PL,63,4,0,0,0.00315676,0.00386668,0.8164
31690,PL,57,3,0,0,0.00353798,0.00289232,1.22323
31700,PL,14,3,0,0,0.0025505,0.00187407,1.36094
31710,PL,101,6,18,5,0.0035608,0.00749443,0.475126
31720,PL,122,6,8,3,0.00330634,0.0071379,0.463209
31730,PL,95,4,0,0,0.00337501,0.00341956,0.986972
31740,PL,87,4,0,0,0.00311662,0.00427318,0.729344
31750,PL,60,4,0,0,0.0034036,0.00369534,0.921052
31760,PL,107,5,94,4,0.00342341,0.0104862,0.326468
31770,PL,52,4,21,4,0.00305373,0.00695783,0.438891
31780,PL,57,3,57,3,0.0032716,0.00620615,0.527154
31790,PL,70,4,0,0,0.00347314,0.00359243,0.966794
31800,PL,84,3,2,3,0.00386034,0.0047171,0.818371
31810,PL,69,5,30,3,0.00299879,0.0061481,0.487759
31820,PL,82,4,0,0,0.0034554,0.00390714,0.884381
31830,PL,0,3,12,3,0.00248375,0.00345641,0.718591
31840,PL,82,5,0,0,0.00315797,0.00447027,0.706438
31850,PL,129,7,0,0,0.00366703,0.00570323,0.642974
31860,PL,22,3,0,0,0.0025484,0.00187075,1.36223
31870,PL,94,4,53,8,0.00333406,0.0101229,0.329358
31880,PL,115,4,0,0,0.00321708,0.00444396,0.723921
31890,PL,88,6,0,0,0.00346157,0.00465578,0.743499
31900,PL,94,7,0,0,0.00371845,0.00572527,0.64948
31910,PL,129,5,10,3,0.00310096,0.00612861,0.505981
31920,PL,96,4,0,0,0.00346239,0.00436534,0.793154
31930,PL,149,6,0,0,0.0034597,0.00433229,0.798584
31940,PL,87,4,7,3,0.00311644,0.00582239,0.53525
31950,PL,87,6,3,3,0.00355815,0.00649182,0.548098
31960,PL,109,5,0,0,0.00359475,0.00485393,0.740585
31970,PL,105,6,1,3,0.00346715,0.00729746,0.475117
31980,PL,78,3,18,3,0.00346531,0.00484296,0.715535
31990,PL,120,5,0,0,0.00304493,0.00410739,0.741329
32000,PL,158,5,0,0,0.00322599,0.00546843,0.589929
32010,PL,56,3,9,3,0.00326079,0.0052614,0.619756
32020,PL,74,4,0,0,0.00308075,0.00419793,0.733873
32030,PL,127,5,0,0,0.00377283,0.00403805,0.93432
32040,PL,67,4,0,0,0.0029512,0.0040192,0.734275
32050,PL,0,3,0,0,0.0025123,0.0013534,1.85628
32060,PL,81,3,0,0,0.00338661,0.0032256,1.04992
32070,PL,64,5,0,0,0.00323609,0.00469535,0.689211
32080,PL,59,4,0,0,0.00277985,0.00342778,0.810976
32090,PL,90,5,0,0,0.00329924,0.00464901,0.709664
32100,PL,33,3,0,0,0.00318379,0.00241334,1.31924
32110,PL,68,5,0,0,0.00271814,0.00382065,0.711433
32120,PL,131,3,72,5,0.00361335,0.00880486,0.410381
32130,PL,75,4,0,0,0.00300962,0.00343363,0.876512
32140,PL,119,5,0,0,0.00411218,0.00503704,0.816388
32150,PL,91,4,9,3,0.00330586,0.0067693,0.48836
32160,PL,125,7,0,0,0.00298345,0.00549771,0.542671
32170,PL,114,7,1,3,0.00329904,0.00763889,0.431874
32180,PL,129,3,13,3,0.00308618,0.00478369,0.645146
32190,PL,67,4,0,0,0.00330636,0.00396031,0.834874
32200,PL,51,8,0,0,0.00341785,0.00542558,0.62995
32210,PL,116,4,0,0,0.00320018,0.00404916,0.790331
32220,PL,98,5,0,0,0.00349679,0.00405683,0.861951
32230,PL,91,4,4,3,0.00308317,0.00600115,0.513762
32240,PL,156,5,111,4,0.00340672,0.00985294,0.345756
32250,PL,90,4,0,0,0.00321963,0.00413006,0.77956
32260,PL,47,4,9,3,0.00298834,0.00549782,0.543549
32270,PL,125,5,0,0,0.00329593,0.00433627,0.760084
32280,PL,69,4,1,3,0.00310705,0.00474528,0.654766
32290,PL,52,3,0,0,0.00350192,0.00272831,1.28355
32300,PL,156,5,0,0,0.00364482,0.00480663,0.758289
32310,PL,72,3,0,0,0.00360525,0.00316027,1.1408
32320,PL,90,4,2,3,0.00309372,0.00537444,0.575635
32330,PL,155,5,5,3,0.00375521,0.00631522,0.594628
32340,PL,120,5,0,3,0.00355694,0.00617066,0.576427
32350,PL,137,4,0,0,0.00369198,0.00498871,0.740067
32360,PL,119,3,8,3,0.0036834,0.00575579,0.639946
32370,PL,83,5,6,3,0.00344754,0.00558565,0.617213
32380,PL,74,4,23,4,0.00279647,0.0068679,0.407179
32390,PL,90,4,24,3,0.00296481,0.0063058,0.470171
32400,PL,94,4,0,0,0.00291997,0.0035686,0.818239
32410,PL,144,6,3,3,0.00368464,0.00711813,0.517641
32420,PL,94,4,0,0,0.00319201,0.0042477,0.751467
32430,PL,96,4,0,0,0.00384941,0.00367336,1.04793
32440,PL,52,4,0,0,0.0031713,0.00388039,0.817263
32450,PL,81,4,12,4,0.00343256,0.00659906,0.520158
32460,PL,31,3,17,4,0.00253213,0.00443781,0.57058
32470,PL,87,6,0,0,0.00358809,0.00473454,0.757854
32480,PL,155,4,16,3,0.00338774,0.00729336,0.464496
32490,PL,103,4,0,0,0.00362987,0.00359062,1.01093
32500,PL,94,7,0,0,0.00368464,0.00558509,0.659727
32510,PL,162,8,16,3,0.00356715,0.00905818,0.393804
32520,PL,0,3,25,4,0.00248993,0.00394377,0.631357
32530,PL,104,4,0,0,0.00334055,0.00369928,0.903027
32540,PL,126,4,0,0,0.00320814,0.00415547,0.772028
32550,PL,94,3,0,0,0.00375027,0.00332215,1.12887
32560,PL,132,4,0,0,0.00312592,0.00365632,0.854936
32570,PL,97,5,1,3,0.0030614,0.00613628,0.498901
32580,PL,181,6,0,0,0.00311526,0.00685081,0.454728
32590,PL,103,3,0,0,0.00303856,0.00327418,0.928037
32600,PL,184,4,0,0,0.00348278,0.00460186,0.75682
32610,PL,100,5,0,0,0.00337992,0.0050851,0.664671
32620,PL,81,5,0,0,0.00320084,0.00373527,0.856923
32630,PL,76,4,11,3,0.00308773,0.00551322,0.560059
32640,PL,105,6,0,0,0.00309575,0.00559,0.553801
32650,PL,156,7,161,6,0.00364742,0.0122028,0.298901
32660,PL,74,4,22,4,0.00296012,0.00645956,0.458253
32670,PL,95,4,0,0,0.00298607,0.00396587,0.752941
32680,PL,118,5,0,0,0.0037703,0.00415869,0.906607
32690,PL,111,5,0,0,0.003823,0.00402497,0.949821
32700,PL,47,3,4,3,0.00380055,0.00511477,0.743054
32710,PL,121,7,0,0,0.00333479,0.00559415,0.59612
32720,PL,100,5,6,3,0.00319846,0.00652433,0.490235
32730,PL,73,4,0,0,0.00390376,0.00390745,0.999056
32740,PL,56,4,0,0,0.00319097,0.00314981,1.01307
32750,PL,72,6,2,3,0.00362302,0.00698551,0.518647
32760,PL,199,5,0,0,0.00361198,0.00686949,0.5258
32770,PL,78,3,0,0,0.00347036,0.00385805,0.899511
32780,PL,131,6,0,0,0.00328267,0.0049898,0.657875
32790,PL,138,5,0,0,0.00370803,0.00458524,0.808688
32800,PL,178,6,0,0,0.00373331,0.00518327,0.720261
32810,PL,130,4,5,3,0.0034456,0.0057955,0.59453
32820,PL,133,5,3,3,0.00324173,0.00784912,0.413005
32830,PL,80,6,0,0,0.00370773,0.00486259,0.7625
32840,PL,15,3,0,0,0.00250222,0.00197422,1.26745
32850,PL,83,4,11,4,0.00263957,0.00542223,0.486806
32860,PL,97,6,36,4,0.00374308,0.00787821,0.475118
32870,PL,29,4,0,0,0.00273091,0.00272373,1.00264
32880,PL,123,6,8,3,0.00309047,0.00726557,0.425358
32890,PL,101,3,0,0,0.00348646,0.00319667,1.09065
32900,PL,79,6,0,0,0.00328807,0.00522883,0.628834
32910,PL,87,5,0,0,0.00342832,0.00515529,0.66501
32920,PL,116,5,6,3,0.00372955,0.00662849,0.562654
32930,PL,1,3,2,3,0.00249592,0.00336143,0.74252
32940,PL,65,7,0,0,0.00262911,0.00485507,0.541518
32950,PL,85,5,0,0,0.00357577,0.00456473,0.783347
32960,PL,97,4,2,3,0.00373012,0.00568328,0.656332
32970,PL,145,5,67,5,0.003494,0.00910915,0.38357
32980,PL,91,5,52,4,0.00350405,0.00961078,0.364596
32990,PL,71,5,0,0,0.00323378,0.00401115,0.806197
33000,PL,104,4,2,3,0.0036983,0.00543873,0.679993
33010,PL,69,6,38,4,0.00252016,0.008487,0.296943
33020,PL,135,5,0,0,0.00332246,0.00509364,0.652276
33030,PL,54,5,19,3,0.00322742,0.00562776,0.573481
33040,PL,105,4,0,0,0.00342424,0.00439191,0.779669
33050,PL,145,4,0,0,0.00322993,0.00518637,0.622772
33060,PL,86,5,0,0,0.00374008,0.00489441,0.764153
33070,PL,150,4,0,0,0.00368723,0.00420902,0.87603
33080,PL,76,4,0,0,0.0033215,0.00375362,0.884879
33090,PL,167,5,13,4,0.00349127,0.00765495,0.45608
33100,PL,90,4,0,0,0.00326421,0.0037937,0.860429
33110,PL,142,5,3,3,0.00313822,0.00666874,0.470586
33120,PL,127,8,166,9,0.0027998,0.0164757,0.169935
33130,PL,91,5,51,3,0.00392602,0.00814528,0.482
33140,PL,141,8,0,0,0.00365042,0.00809726,0.450821
33150,PL,138,6,4,3,0.00317017,0.00710005,0.446499
33160,PL,39,4,0,0,0.00336094,0.00321267,1.04615
33170,PL,70,5,6,3,0.00332813,0.00643862,0.5169
33180,PL,213,8,0,0,0.00355632,0.00711912,0.499544
33190,PL,99,6,0,0,0.00333205,0.00443225,0.751773
33200,PL,113,3,0,0,0.0032425,0.00342267,0.94736
33210,PL,142,7,0,0,0.00337139,0.00723137,0.466216
33220,PL,100,3,0,0,0.00340169,0.0036984,0.919773
33230,PL,99,7,0,0,0.00314412,0.00513062,0.612814
33240,PL,68,4,36,4,0.00312969,0.00719009,0.435278
33250,PL,110,4,0,0,0.00338408,0.00421507,0.802852
33260,PL,78,3,0,0,0.00322601,0.00297793,1.08331
33270,PL,101,3,0,0,0.00315222,0.00315567,0.998907
33280,PL,106,5,0,0,0.00329515,0.00461116,0.714602
33290,PL,40,4,0,0,0.00304778,0.00277137,1.09974
33300,PL,78,4,10,3,0.00293424,0.00522485,0.561592
33310,PL,80,4,9,3,0.0032839,0.00508571,0.645711
33320,PL,55,3,13,3,0.00355372,0.00475985,0.746603
33330,PL,127,6,0,0,0.00340253,0.00648913,0.524342
33340,PL,133,3,7,3,0.00356601,0.00649208,0.549285
33350,PL,147,5,100,6,0.00361477,0.0112646,0.320897
33360,PL,93,4,0,0,0.00328183,0.00371289,0.883901
33370,PL,151,6,15,4,0.00315913,0.00868515,0.363739
33380,PL,36,3,0,0,0.0029444,0.00247862,1.18792
33390,PL,95,3,0,3,0.00371335,0.00505715,0.734276
33400,PL,37,4,0,0,0.00324498,0.0033773,0.960821
33410,PL,124,6,12,4,0.00366884,0.00713468,0.514226
33420,PL,151,9,0,0,0.00370933,0.00756734,0.490176
33430,PL,147,7,9,3,0.00361294,0.00720755,0.501272
33440,PL,129,4,0,0,0.00349982,0.00434724,0.805067
33450,PL,116,5,0,0,0.00325378,0.00401147,0.811119
33460,PL,111,6,0,0,0.00333231,0.00473828,0.703274
33470,PL,136,6,0,0,0.00342125,0.00555505,0.61588
33480,PL,69,4,18,4,0.00304434,0.00538441,0.565398
33490,PL,92,5,25,5,0.00412992,0.00926632,0.445691
33500,PL,72,6,9,3,0.00313735,0.00809359,0.387634
33510,PL,99,5,0,0,0.0037494,0.00455308,0.823486
33520,PL,102,6,16,3,0.0034051,0.00714809,0.476365
33530,PL,116,5,0,0,0.00343509,0.00437963,0.784333
33540,PL,183,6,0,0,0.00367715,0.00564964,0.650864
33550,PL,53,4,0,0,0.00365114,0.00354415,1.03019
33560,PL,0,3,0,0,0.00250204,0.0013742,1.82072
33570,PL,150,5,73,7,0.00358954,0.0113941,0.315035
33580,PL,123,4,0,0,0.00375748,0.00422926,0.888449
33590,PL,92,5,0,0,0.00341699,0.00440035,0.776526
33600,PL,96,5,11,3,0.00337593,0.00610788,0.552717
33610,PL,68,3,0,0,0.00336039,0.00313106,1.07324
33620,PL,91,6,4,3,0.00311502,0.0062062,0.50192
33630,PL,76,6,0,0,0.0026546,0.00459971,0.577123
33640,PL,116,7,0,0,0.00314296,0.00498813,0.630087
33650,PL,116,7,0,0,0.00372239,0.00599499,0.620916
33660,PL,175,6,8,5,0.00356095,0.00956249,0.372387
33670,PL,142,4,0,0,0.00357563,0.0047962,0.745512
33680,PL,85,6,0,0,0.0028424,0.00503063,0.565018
33690,PL,130,4,0,0,0.00334018,0.0044774,0.746008
33700,PL,77,3,30,5,0.00342146,0.00714786,0.478668
33710,PL,86,5,35,4,0.00351902,0.00783441,0.449175
33720,PL,57,5,0,0,0.00361017,0.00446899,0.807827
33730,PL,175,5,0,0,0.00322398,0.00474869,0.678919
33740,PL,173,5,0,0,0.00373773,0.00515922,0.724475
33750,PL,171,6,0,0,0.00323632,0.00492503,0.657116
33760,PL,123,4,0,0,0.00360452,0.00480362,0.750375
33770,PL,49,4,0,0,0.00308922,0.00288684,1.0701
33780,PL,74,4,36,7,0.00349332,0.00813967,0.429172
33790,PL,116,5,7,3,0.00311,0.0068133,0.45646
33800,PL,76,5,9,3,0.00396424,0.00618771,0.640663
33810,PL,141,8,21,4,0.00297804,0.00879193,0.338724
33820,PL,133,5,9,3,0.00378221,0.00729246,0.518646
33830,PL,131,7,94,5,0.00380455,0.0115102,0.330536
33840,PL,52,3,0,0,0.00330654,0.00238887,1.38414
33850,PL,79,5,2,3,0.00342761,0.00544296,0.629732
33860,PL,92,7,10,3,0.00404264,0.00699879,0.577619
33870,PL,98,4,0,0,0.00310479,0.00384524,0.807437
33880,PL,88,3,36,3,0.00349605,0.00688294,0.507929
33890,PL,81,4,0,0,0.00304267,0.00360962,0.842933
33900,PL,153,7,66,6,0.00376141,0.0124055,0.303204
33910,PL,146,5,18,3,0.00377991,0.00730243,0.517623
33920,PL,125,5,0,0,0.00364371,0.00488342,0.746139
33930,PL,157,4,0,0,0.00347723,0.00466349,0.745628
33940,PL,101,5,2,3,0.00330573,0.00616449,0.536253
33950,PL,164,6,0,0,0.00354787,0.00632354,0.561057
33960,PL,82,5,0,0,0.0032918,0.00361261,0.911197
33970,PL,63,5,4,3,0.00374515,0.00476071,0.786678
33980,PL,91,3,11,3,0.0031459,0.00553955,0.567897
33990,PL,86,8,0,0,0.00314226,0.00518812,0.605664
34000,PL,131,5,62,6,0.00391127,0.0108364,0.360937
34010,PL,88,4,0,0,0.00304413,0.00376403,0.808742
34020,PL,82,5,7,4,0.003415,0.00614559,0.555682
34030,PL,97,5,0,0,0.00366076,0.00551401,0.663901
34040,PL,158,6,7,3,0.00375022,0.00843121,0.444802
34050,PL,117,6,0,0,0.00308051,0.00505844,0.608983
34060,PL,125,5,0,0,0.0036106,0.00535815,0.673851
34070,PL,41,4,0,0,0.00295408,0.00260275,1.13498
34080,PL,145,13,8,3,0.00367098,0.0113208,0.324269
34090,PL,87,4,0,0,0.00338196,0.0035748,0.946055
34100,PL,58,3,15,4,0.0034638,0.00531889,0.651225
34110,PL,106,3,0,0,0.00326043,0.00277334,1.17563
34120,PL,50,4,0,0,0.00338058,0.00266637,1.26786
34130,PL,117,5,0,0,0.00366089,0.00498538,0.734324
34140,PL,151,6,2,3,0.00329837,0.00719834,0.458212
34150,PL,155,6,0,0,0.00369226,0.00579891,0.636715
34160,PL,158,5,0,0,0.00370858,0.00548719,0.675861
34170,PL,113,5,0,0,0.00352656,0.00541968,0.650695
34180,PL,177,7,0,0,0.00363414,0.0069338,0.524119
34190,PL,9,3,0,0,0.00255794,0.00220103,1.16216
34200,PL,150,5,0,0,0.00323552,0.00598254,0.540826
34210,PL,0,3,0,0,0.00250064,0.00138949,1.79968
34220,PL,68,3,5,3,0.00303692,0.00479067,0.633923
34230,PL,99,4,51,8,0.0031679,0.010766,0.294251
34240,PL,65,5,0,0,0.00283616,0.0038424,0.738121
34250,PL,82,5,18,3,0.00310664,0.0055644,0.558306
34260,PL,111,4,0,0,0.00354484,0.00371899,0.953173
34270,PL,66,4,22,3,0.00276824,0.00520026,0.532326
34280,PL,109,4,0,0,0.00349943,0.00409088,0.855422
34290,PL,138,4,50,5,0.00368445,0.00886184,0.415766
34300,PL,80,3,0,0,0.00353209,0.00329521,1.07189
34310,PL,60,6,6,3,0.0030202,0.005665,0.533132
34320,PL,56,3,10,3,0.00282995,0.00439858,0.643377
34330,PL,88,5,8,3,0.00346442,0.00563708,0.614576
34340,PL,87,7,0,0,0.00361167,0.00592704,0.609354
34350,PL,117,5,4,3,0.00311271,0.00535364,0.581419
34360,PL,146,5,0,0,0.00314107,0.00465199,0.675209
34370,PL,117,6,0,0,0.00313971,0.00477072,0.65812
34380,PL,142,4,11,3,0.00368343,0.00560906,0.656692
34390,PL,115,4,0,0,0.00353233,0.00360427,0.98004
34400,PL,164,6,0,0,0.00370784,0.0055982,0.662326
34410,PL,117,5,16,4,0.00359989,0.00813425,0.442559
34420,PL,76,5,0,0,0.0029524,0.00293624,1.0055
34430,PL,153,5,0,0,0.00369932,0.00522916,0.70744
34440,PL,80,4,1,3,0.00355941,0.00510975,0.696591
34450,PL,119,4,0,0,0.00352923,0.00438943,0.804029
34460,PL,115,4,4,3,0.00333061,0.00658814,0.505546
34470,PL,92,4,21,4,0.00313689,0.00636187,0.493076
34480,PL,170,4,0,0,0.00378536,0.0047038,0.804745
34490,PL,68,4,0,0,0.00326056,0.0032038,1.01772
34500,PL,148,4,3,3,0.00334094,0.0052955,0.630901
34510,PL,109,4,0,0,0.00355144,0.00347032,1.02338
34520,PL,114,3,0,0,0.00335868,0.00353379,0.950447
34530,PL,69,3,0,0,0.00313925,0.00328577,0.955407
34540,PL,96,6,0,0,0.00358617,0.00590241,0.607576
34550,PL,94,4,46,6,0.0034823,0.00793312,0.438957
34560,PL,127,4,0,0,0.00336187,0.00404636,0.830838
34570,PL,145,3,0,0,0.00361176,0.00376445,0.959439
34580,PL,122,4,0,0,0.0036372,0.00351126,1.03587
34590,PL,88,4,41,5,0.00362082,0.00841706,0.430176
34600,PL,107,4,12,4,0.00380759,0.00651956,0.584025
34610,PL,92,5,15,3,0.00338206,0.00705403,0.47945
34620,PL,129,4,0,0,0.00374685,0.00323288,1.15898
34630,PL,121,5,0,0,0.00311365,0.00544222,0.572128
34640,PL,89,5,0,0,0.0034399,0.00515779,0.666932
34650,PL,101,4,13,3,0.00353857,0.0060301,0.586817
34660,PL,142,6,0,0,0.00304562,0.00472026,0.645222
34670,PL,48,4,0,0,0.00349553,0.00318603,1.09714
34680,PL,147,5,0,0,0.00361587,0.00480242,0.752926
34690,PL,113,5,15,4,0.00330917,0.00641481,0.515863
34700,PL,165,7,85,4,0.0037293,0.0113589,0.328316
34710,PL,127,5,3,3,0.00365029,0.00738603,0.494215
34720,PL,103,6,30,6,0.00338286,0.0102217,0.330949
34730,PL,108,4,124,5,0.0036107,0.00950459,0.37989
34740,PL,95,5,17,5,0.00353786,0.00693817,0.509912
34750,PL,177,6,6,4,0.0037311,0.00848221,0.439873
34760,PL,98,6,0,0,0.00307682,0.00462361,0.665458
34770,PL,120,5,0,0,0.00366826,0.00393219,0.932879
34780,PL,124,4,0,0,0.00311485,0.00344558,0.904013
34790,PL,142,5,0,0,0.00378428,0.00542257,0.697875
34800,PL,97,6,15,3,0.00321306,0.00783522,0.410079
34810,PL,148,5,0,0,0.00349889,0.00516608,0.677281
34820,PL,110,3,0,0,0.00308892,0.00400367,0.771522
34830,PL,119,4,2,3,0.00348564,0.00589611,0.591176
34840,PL,110,5,0,0,0.0031088,0.00488474,0.63643
34850,PL,91,7,12,5,0.00310098,0.00814546,0.3807
34860,PL,176,5,0,0,0.00333812,0.00393784,0.847703
34870,PL,138,4,0,0,0.00336258,0.00405752,0.828727
34880,PL,107,5,0,0,0.0034055,0.00419087,0.812599
34890,PL,135,6,0,0,0.00364135,0.00530983,0.685775
34900,PL,67,4,23,4,0.00355746,0.0078499,0.453185
34910,PL,106,4,1,3,0.00378676,0.00587112,0.64498
34920,PL,127,3,39,3,0.00337214,0.005759,0.585542
34930,PL,125,4,0,0,0.00351887,0.00395964,0.888684
34940,PL,77,4,15,4,0.00333172,0.00554735,0.600596
34950,PL,76,5,0,0,0.00339535,0.00406107,0.836072
34960,PL,118,5,11,3,0.00351914,0.00707025,0.497739
34970,PL,92,6,0,0,0.00328767,0.0046356,0.709222
34980,PL,77,4,37,3,0.00326912,0.00670353,0.487671
34990,PL,149,4,0,0,0.00306615,0.00404531,0.757951
35000,PL,107,5,0,0,0.00309865,0.00380771,0.813782
35010,PL,144,5,0,0,0.00336131,0.00502601,0.668782
35020,PL,141,5,0,0,0.00373884,0.00521233,0.717306
35030,PL,84,3,17,4,0.00316125,0.00537478,0.588163
35040,PL,195,4,0,0,0.00320427,0.00479896,0.6677
35050,PL,63,5,0,0,0.0029636,0.00420597,0.704617
35060,PL,142,4,0,0,0.00350793,0.00483933,0.724879
35070,PL,102,4,0,0,0.00323911,0.0042116,0.769092
35080,PL,96,7,0,0,0.00321254,0.00580905,0.553022
35090,PL,150,4,0,0,0.00365192,0.00477447,0.764884
35100,PL,82,4,0,0,0.00321352,0.00432752,0.742577
35110,PL,134,5,0,0,0.00364936,0.00458023,0.796763
35120,PL,41,3,23,4,0.0031003,0.00626289,0.495026
35130,PL,118,4,0,0,0.00362681,0.00409969,0.884655
35140,PL,104,4,11,3,0.00367074,0.00556611,0.65948
35150,PL,158,4,0,0,0.00310021,0.00474261,0.653692
35160,PL,113,4,1,3,0.00326858,0.00588395,0.555507
35170,PL,155,8,0,0,0.0031278,0.00718088,0.435573
35180,PL,124,4,14,3,0.00345511,0.00582658,0.592991
35190,PL,75,6,10,3,0.00294814,0.00622769,0.473391
35200,PL,167,6,0,0,0.00357383,0.00521233,0.685649
35210,PL,119,3,0,0,0.00364125,0.00417758,0.871617
35220,PL,128,5,0,0,0.00311018,0.00540208,0.575737
35230,PL,0,3,0,0,0.00249138,0.00137462,1.81241
35240,PL,122,5,0,0,0.00342036,0.00449624,0.760715
35250,PL,108,4,3,3,0.0036839,0.00495302,0.743768
35260,PL,176,6,0,0,0.00349813,0.00784803,0.445733
35270,PL,85,4,24,4,0.00363961,0.00650426,0.559572
35280,PL,107,5,0,0,0.00359058,0.00391574,0.91696
35290,PL,103,4,0,0,0.00357254,0.00546638,0.653547
35300,PL,112,7,1,3,0.00345465,0.00757826,0.455863
35310,PL,101,4,0,0,0.00364944,0.00461077,0.791503
35320,PL,0,3,15,3,0.00251768,0.00308247,0.816773
35330,PL,141,5,0,0,0.00365797,0.00472914,0.773495
35340,PL,148,6,16,3,0.00350818,0.0075243,0.466247
35350,PL,129,4,0,0,0.00334376,0.00411436,0.812704
35360,PL,163,6,0,0,0.00342935,0.00689353,0.497473
35370,PL,79,5,8,3,0.00307638,0.0067252,0.45744
35380,PL,114,4,9,3,0.0032684,0.00539503,0.605816
35390,PL,64,7,60,4,0.00368237,0.0102577,0.358986
35400,PL,171,4,42,4,0.00350722,0.00790516,0.443662
35410,PL,131,4,15,4,0.00369256,0.00663552,0.556483
35420,PL,33,5,25,5,0.00296083,0.00662955,0.44661
35430,PL,167,4,24,6,0.00321071,0.00891718,0.360059
35440,PL,124,6,12,4,0.0036663,0.00735216,0.49867
35450,PL,84,4,25,4,0.00336074,0.00705615,0.476284
35460,PL,186,6,0,0,0.00357518,0.00668719,0.534631
35470,PL,95,4,4,3,0.00338668,0.0058451,0.579404
35480,PL,187,7,0,0,0.00354636,0.00702297,0.504965
35490,PL,115,3,0,0,0.00358119,0.0031624,1.13243
35500,PL,174,7,0,0,0.00313768,0.00702675,0.446533
35510,PL,185,5,0,0,0.00321897,0.00613726,0.524496
35520,PL,55,4,0,0,0.00335985,0.00348783,0.963307
35530,PL,119,5,0,0,0.0036309,0.0176515,0.205699
35540,PL,107,5,30,3,0.00315125,0.00678637,0.464349
35550,PL,42,4,0,0,0.0033787,0.00327094,1.03294
35560,PL,95,5,0,0,0.00339769,0.00580828,0.584973
35570,PL,119,4,0,0,0.00316735,0.00427779,0.740417
35580,PL,92,4,20,4,0.00369034,0.00681542,0.541468
35590,PL,0,3,0,0,0.00248549,0.0014409,1.72496
35600,PL,157,5,0,0,0.00329144,0.00494941,0.665016
35610,PL,197,6,3,3,0.00379467,0.00894287,0.424323
