iteration,crossover_type,feasible_before,feasible_after,dist_p1p2_edge,dist_p1p2_pl,edge_p1_before,edge_p2_before,edge_p1_after,edge_p2_after,pl_p1_before,pl_p2_before,pl_p1_after,pl_p2_after
0,EAX,0,0,0.395161,6.8,0.0666667,0.408333,0.322581,0.322581,3.33333,8.93333,4.8,4
50,EAX,0,0,0.403226,7.06667,0.0756303,0.386555,0.241935,0.41129,6.13333,9.6,4.26667,7.6
100,EAX,0,0,0.395161,7.46667,0.394958,0.0504202,0.322581,0.185484,10.4,6,5.6,3.6
150,EAX,0,0,0.419355,7.46667,0.322314,0.173554,0.443548,0.322581,7.86667,6.4,7.2,5.73333
200,EAX,0,0,0.282258,6.26667,0.10084,0.260504,0.317073,0.390244,6.13333,8.4,5.86667,6.66667
250,EAX,0,0,0.330645,6,0.05,0.341667,0.266129,0.41129,5.33333,9.46667,4.93333,9.06667
300,EAX,0,0,0.322581,4.4,0.210084,0.193277,0.362903,0.120968,8.26667,7.73333,5.6,2
350,EAX,0,0,0.362903,6.53333,0.260504,0.151261,0.379032,0.225806,7.2,6.93333,7.06667,4.4
400,EAX,0,0,0.41129,9.46667,0.0588235,0.436975,0.233871,0.403226,6.26667,10.4,4.53333,9.33333
450,EAX,0,1,0.290323,4.4,0.0588235,0.302521,0.25,0.330645,5.73333,7.06667,5.2,6.53333
500,EAX,0,1,0.33871,5.86667,0.0840336,0.302521,0.322581,0.233871,5.2,9.06667,7.06667,4.66667
550,EAX,0,0,0.129032,2.4,0.0416667,0.15,0.357724,0.398374,4.93333,6,7.6,8.8
600,EAX,0,0,0.379032,6.8,0.201681,0.235294,0.258065,0.322581,8.66667,8.53333,5.33333,5.2
650,EAX,0,0,0.266129,4.26667,0.0504202,0.268908,0.284553,0.284553,7.33333,10.4,3.86667,5.6
700,EAX,0,0,0.379032,6.8,0.15,0.275,0.362903,0.185484,6.66667,6.53333,7.86667,4.8
750,EAX,0,0,0.362903,5.06667,0.319328,0.117647,0.282258,0.387097,8.8,5.86667,4.4,6.13333
800,EAX,0,1,0.33871,5.6,0.092437,0.319328,0.153226,0.346774,6.8,7.73333,2.66667,6.53333
850,EAX,0,0,0.33871,5.06667,0.108333,0.291667,0.25,0.362903,5.73333,6.93333,4.53333,5.86667
900,EAX,0,0,0.233871,3.46667,0.0756303,0.201681,0.217742,0.282258,5.06667,8.8,4.13333,4.8
950,EAX,0,0,0.233871,4.13333,0.0672269,0.235294,0.169355,0.266129,5.86667,7.33333,1.46667,4.4
1000,EAX,0,0,0.266129,3.46667,0.159664,0.184874,0.25,0.25,9.2,8.4,3.86667,3.06667
1050,EAX,0,0,0.443548,8.53333,0.325,0.183333,0.403226,0.25,9.2,9.06667,8.13333,4.93333
1100,EAX,0,0,0.362903,7.46667,0.092437,0.336134,0.357724,0.422764,6.66667,9.73333,6.66667,10
1150,EAX,0,0,0.370968,6.53333,0.133333,0.291667,0.33871,0.387097,6.93333,8.4,6.66667,6.53333
1200,EAX,0,0,0.504065,9.46667,0.0588235,0.495798,0.379032,0.419355,6.66667,12.1333,5.46667,8.4
1250,EAX,0,0,0.317073,6.93333,0.0504202,0.319328,0.300813,0.422764,8.53333,10.6667,5.6,7.46667
1300,EAX,0,0,0.406504,8.13333,0.0588235,0.420168,0.258065,0.403226,4.53333,10.1333,4.26667,7.73333
1350,EAX,0,0,0.346774,8.13333,0.208333,0.225,0.241935,0.33871,8.4,7.46667,5.86667,6
1400,EAX,0,0,0.298387,4.13333,0.117647,0.243697,0.333333,0.398374,5.86667,8.8,6.53333,9.06667
1450,EAX,0,0,0.414634,7.86667,0.05,0.416667,0.451613,0.370968,6.13333,10.8,7.33333,6.8
1500,EAX,0,1,0.314516,6.53333,0.285714,0.092437,0.282258,0.387097,9.33333,7.46667,6,6.26667
1550,EAX,0,0,0.354839,4.26667,0.0416667,0.366667,0.193548,0.395161,5.46667,8.4,2.53333,5.86667
1600,EAX,0,0,0.322581,5.86667,0.316667,0.0583333,0.266129,0.274194,9.2,4.26667,5.6,4
1650,EAX,0,1,0.16129,3.2,0.183333,0.0333333,0.274194,0.169355,8.26667,5.2,5.73333,5.33333
1700,EAX,0,0,0.487805,7.2,0.0588235,0.487395,0.41129,0.25,6.13333,9.06667,6.26667,3.6
1750,EAX,0,0,0.322581,6.53333,0.294118,0.092437,0.354839,0.290323,10.4,5.46667,6.93333,4.13333
1800,EAX,0,0,0.282258,6.13333,0.181818,0.173554,0.137097,0.274194,7.06667,9.2,1.86667,5.2
1850,EAX,0,0,0.25,5.6,0.260504,0.0756303,0.362903,0.330645,9.73333,7.33333,7.2,5.86667
1900,EAX,0,0,0.346774,7.06667,0.302521,0.109244,0.357724,0.439024,10.6667,6.66667,6,8.13333
1950,EAX,0,0,0.33871,7.2,0.109244,0.302521,0.365854,0.406504,6.4,9.33333,7.33333,7.2
2000,EAX,0,0,0.467742,9.86667,0.201681,0.336134,0.298387,0.403226,7.86667,9.33333,6.26667,8.66667
2050,EAX,0,0,0.330645,7.73333,0.0666667,0.316667,0.201613,0.370968,5.46667,9.46667,4.13333,8.66667
2100,EAX,0,0,0.266129,4.8,0.10084,0.218487,0.314516,0.370968,9.33333,9.06667,6.4,8.8
2150,EAX,0,0,0.290323,5.86667,0.0840336,0.285714,0.274194,0.427419,6.4,9.46667,3.33333,7.33333
2200,EAX,0,0,0.241935,3.33333,0.0840336,0.218487,0.290323,0.241935,6.53333,6.66667,4.26667,4
2250,EAX,0,0,0.419355,7.33333,0.235294,0.252101,0.322581,0.306452,8.93333,9.73333,6.8,4.66667
2300,EAX,0,0,0.414634,8.13333,0.10084,0.378151,0.520325,0.382114,5.73333,10.5333,9.86667,7.06667
2350,EAX,0,1,0.193548,3.06667,0.12605,0.151261,0.290323,0.370968,7.73333,7.33333,5.86667,7.33333
2400,EAX,0,1,0.233871,4,0.0588235,0.226891,0.33871,0.395161,5.86667,8,5.6,6.13333
2450,EAX,0,1,0.354839,6.13333,0.275,0.141667,0.314516,0.258065,8,7.33333,6.53333,4.13333
2500,EAX,0,0,0.475806,8.93333,0.0588235,0.470588,0.33871,0.387097,5.6,12.1333,6.93333,7.6
2550,EAX,0,0,0.298387,7.2,0.275,0.0833333,0.379032,0.330645,10.2667,7.46667,6.53333,5.86667
2600,EAX,0,0,0.33871,7.73333,0.115702,0.280992,0.379032,0.443548,6.8,8.93333,6.93333,7.73333
2650,EAX,0,1,0.379032,5.06667,0.0672269,0.361345,0.379032,0.419355,4.53333,9.06667,6.4,7.2
2700,EAX,0,0,0.266129,6,0.233333,0.0916667,0.306452,0.120968,6.4,4.4,6.8,2.8
2750,EAX,0,1,0.243902,5.73333,0.0420168,0.252101,0.370968,0.387097,5.46667,9.06667,6.8,6.93333
2800,EAX,0,1,0.354839,4.26667,0.0672269,0.361345,0.314516,0.427419,6.93333,9.86667,4.53333,6.66667
2850,EAX,0,0,0.346774,8.66667,0.0588235,0.352941,0.317073,0.471545,5.6,11.0667,6,8.66667
2900,EAX,0,1,0.427419,8.66667,0.235294,0.260504,0.403226,0.233871,7.33333,9.46667,7.6,4.13333
2950,EAX,0,0,0.112903,1.2,0.0840336,0.109244,0.33871,0.322581,5.46667,6.13333,6.26667,5.73333
3000,EAX,0,0,0.435484,8,0.0588235,0.436975,0.322581,0.354839,5.86667,10.9333,5.73333,6.13333
3050,EAX,0,1,0.235772,3.6,0.0588235,0.226891,0.41129,0.395161,5.73333,8.8,7.46667,7.2
3100,EAX,0,0,0.419355,6.26667,0.0916667,0.383333,0.330645,0.370968,4.66667,8.13333,5.86667,6.26667
3150,EAX,0,0,0.233871,4.93333,0.109244,0.210084,0.333333,0.373984,6.4,9.33333,5.6,5.6
3200,EAX,0,0,0,0,0,0,0,0,0,0,0,0
3250,EAX,0,1,0.33871,7.46667,0.0588235,0.352941,0.104839,0.346774,6.8,10.4,1.73333,6.53333
3300,EAX,0,1,0.483871,9.2,0.218487,0.319328,0.370968,0.354839,9.06667,8.13333,5.6,7.33333
3350,EAX,0,1,0.258065,5.33333,0.0588235,0.268908,0.274194,0.217742,6.93333,9.06667,5.2,2.93333
3400,EAX,0,1,0.298387,7.73333,0.0588235,0.319328,0.217742,0.314516,5.33333,9.06667,4.13333,8.53333
3450,EAX,0,0,0.430894,7.33333,0.0840336,0.394958,0.362903,0.314516,6.26667,10.5333,5.6,7.46667
3500,EAX,0,0,0,0,0,0,0,0,0,0,0,0
3550,EAX,0,0,0.112903,1.86667,0.0916667,0.0916667,0.306452,0.217742,6.66667,5.2,5.46667,3.73333
3600,EAX,0,0,0.241935,6,0.0588235,0.252101,0.185484,0.362903,6.26667,10.4,2.93333,7.06667
3650,EAX,0,0,0.346774,5.86667,0.184874,0.226891,0.233871,0.33871,8.4,8.66667,4,6.53333
3700,EAX,0,0,0.169355,4.26667,0.0416667,0.183333,0.203252,0.292683,4.26667,7.6,4.26667,7.73333
3750,EAX,0,0,0.422764,7.46667,0.403361,0.0672269,0.467742,0.354839,9.73333,4.4,8.13333,6.26667
3800,EAX,0,0,0.137097,2.4,0.141667,0.0416667,0.317073,0.276423,6.4,4.8,6,4.8
3850,EAX,0,0,0.217742,3.86667,0.0588235,0.226891,0.25,0.322581,6.53333,6,5.06667,6.93333
3900,EAX,0,0,0.357724,6.8,0.151261,0.252101,0.435484,0.346774,7.33333,8.93333,7.6,7.46667
3950,EAX,0,0,0.209677,3.2,0.201681,0.0840336,0.266129,0.346774,7.06667,7.6,4.26667,5.86667
4000,EAX,0,0,0.370968,7.06667,0.308333,0.133333,0.33871,0.290323,8.13333,7.46667,6.4,5.33333
4050,EAX,0,0,0.298387,6.53333,0.294118,0.0756303,0.290323,0.25,7.86667,7.06667,5.2,5.6
4100,EAX,0,1,0.362903,6.8,0.210084,0.218487,0.33871,0.354839,6.53333,10,7.06667,7.2
4150,EAX,0,0,0.274194,5.73333,0.208333,0.116667,0.357724,0.300813,8,5.73333,6.93333,5.46667
4200,EAX,0,0,0.475806,9.6,0.268908,0.277311,0.403226,0.451613,8.66667,10.2667,7.2,6.8
4250,EAX,0,0,0.300813,6.93333,0.235294,0.12605,0.362903,0.266129,8.4,6.93333,7.46667,5.06667
4300,EAX,0,0,0.25,6.53333,0.142857,0.193277,0.169355,0.225806,7.2,9.2,4.26667,3.86667
4350,EAX,0,0,0.258065,5.33333,0.183333,0.125,0.217742,0.233871,8.93333,4.8,4.66667,3.6
4400,EAX,0,0,0.41129,9.73333,0.22314,0.256198,0.362903,0.322581,6.66667,10.5333,6.13333,7.6
4450,EAX,0,1,0.370968,9.06667,0.05,0.391667,0.322581,0.314516,5.86667,11.6,6,6.93333
4500,EAX,0,1,0.25,4.53333,0.0583333,0.241667,0.312,0.28,4.26667,7.33333,5.86667,5.2
4550,EAX,0,0,0.258065,6,0.201681,0.142857,0.33871,0.298387,8.13333,8.13333,7.73333,5.73333
4600,EAX,0,0,0.241935,6.13333,0.0588235,0.252101,0.241935,0.241935,6,9.73333,3.46667,4
4650,EAX,0,0,0.427419,8,0.369748,0.109244,0.443548,0.282258,10.6667,6.8,8.4,6
4700,EAX,0,0,0.282258,5.46667,0.117647,0.235294,0.365854,0.422764,6.26667,9.33333,5.6,8
4750,EAX,0,1,0.406504,7.6,0.184874,0.277311,0.346774,0.25,7.86667,8.13333,4.93333,6.13333
4800,EAX,0,0,0.373984,8,0.0840336,0.378151,0.387097,0.282258,6.8,9.86667,5.86667,4.26667
4850,EAX,0,0,0.370968,7.6,0.327731,0.092437,0.322581,0.379032,8.66667,6.4,6.93333,6.13333
4900,EAX,0,0,0.241935,3.86667,0.0583333,0.241667,0.241935,0.330645,3.86667,7.46667,3.6,5.86667
4950,EAX,0,0,0.306452,5.46667,0.0916667,0.266667,0.284553,0.365854,7.73333,8.8,6,7.06667
5000,EAX,0,0,0.435484,7.6,0.361345,0.142857,0.16129,0.33871,10.4,9.06667,2.8,7.2
5050,EAX,0,0,0.33871,6.8,0.0991736,0.297521,0.276423,0.317073,7.2,9.2,5.06667,6.53333
5100,EAX,0,0,0.346774,8.93333,0.075,0.333333,0.349593,0.365854,5.33333,10.4,7.86667,8.13333
5150,EAX,0,0,0.330645,8.13333,0.10084,0.268908,0.322581,0.330645,5.6,7.46667,6.66667,7.33333
5200,EAX,0,0,0.379032,6.66667,0.05,0.383333,0.330645,0.475806,5.06667,8.26667,5.06667,7.6
5250,EAX,0,1,0.209677,3.6,0.0756303,0.210084,0.282258,0.282258,6,6.66667,4.4,6.4
5300,EAX,0,1,0.266129,6.8,0.0588235,0.294118,0.282258,0.370968,5.73333,9.33333,5.2,7.73333
5350,EAX,0,0,0.225806,4.4,0.05,0.216667,0.266129,0.298387,4.66667,8.13333,5.46667,6.53333
5400,EAX,0,0,0.354839,8,0.168067,0.235294,0.306452,0.33871,8.4,10.5333,5.46667,7.06667
5450,EAX,0,1,0.362903,6.93333,0.210084,0.226891,0.314516,0.346774,8.13333,7.86667,6.53333,6.53333
5500,EAX,0,1,0.241935,3.06667,0.15,0.166667,0.266129,0.290323,6.4,6,4.13333,5.2
5550,EAX,0,0,0.282258,6.13333,0.1,0.241667,0.282258,0.290323,7.06667,10.1333,4.4,6.53333
5600,EAX,0,0,0.443548,8.53333,0.0672269,0.445378,0.209677,0.435484,6.53333,10.2667,4.66667,6.93333
5650,EAX,0,0,0.382114,8.26667,0.0840336,0.378151,0.430894,0.268293,7.6,9.46667,8.4,3.73333
5700,EAX,0,0,0.322581,7.33333,0.05,0.333333,0.268293,0.317073,4.8,9.2,4.26667,6.8
5750,EAX,0,0,0.201613,2.66667,0.0672269,0.193277,0.217742,0.314516,4.4,6.53333,2.8,4.4
5800,EAX,0,0,0.382114,8.66667,0.218487,0.218487,0.346774,0.387097,9.33333,10.4,7.46667,6.8
5850,EAX,0,0,0.414634,6.53333,0.0504202,0.386555,0.306452,0.362903,6,9.33333,6.53333,6.93333
5900,EAX,0,0,0.362903,7.46667,0.0661157,0.347107,0.258065,0.193548,6.66667,9.73333,6.4,3.86667
5950,EAX,0,1,0.520325,9.33333,0.0420168,0.521008,0.387097,0.370968,6,10.2667,6.4,6.8
6000,EAX,0,0,0.314516,4.13333,0.243697,0.151261,0.296,0.36,6.53333,4.8,6.93333,7.2
6050,EAX,0,0,0.362903,6.66667,0.352941,0.0756303,0.346774,0.306452,10.9333,6.66667,8.8,5.46667
6100,EAX,0,0,0.225806,4.4,0.05,0.216667,0.300813,0.349593,4.53333,8.53333,4.53333,6.13333
6150,EAX,0,1,0.354839,6.53333,0.142857,0.268908,0.346774,0.25,6.8,7.73333,6.8,4.8
6200,EAX,0,1,0.41129,7.2,0.416667,0.05,0.41129,0.233871,9.33333,5.06667,8,4.8
6250,EAX,0,1,0.395161,7.86667,0.125,0.333333,0.443548,0.330645,5.86667,8.66667,6.4,5.73333
6300,EAX,0,0,0.322581,3.46667,0.0588235,0.327731,0.314516,0.153226,5.2,6.8,5.73333,3.46667
6350,EAX,0,0,0.354839,5.33333,0.117647,0.285714,0.292683,0.317073,4.8,8.8,5.73333,5.06667
6400,EAX,0,0,0.274194,4.13333,0.0588235,0.277311,0.290323,0.33871,6.53333,8.13333,4.66667,5.86667
6450,EAX,0,0,0.193548,2.4,0.191667,0.05,0.274194,0.233871,6,4.53333,4.4,3.06667
6500,EAX,0,1,0.209677,3.6,0.0578512,0.22314,0.33871,0.346774,6.4,8.4,6.66667,7.73333
6550,EAX,1,1,0,0,0,0,0,0,0,0,0,0
6600,EAX,0,0,0.354839,6,0.0504202,0.352941,0.145161,0.362903,5.46667,10,2,6.8
6650,EAX,0,0,0.314516,7.2,0.0756303,0.294118,0.178862,0.317073,4.66667,9.06667,3.6,6.53333
6700,EAX,0,0,0.314516,6.26667,0.0588235,0.344538,0.284553,0.373984,7.33333,9.6,5.46667,8.53333
6750,EAX,0,0,0.0483871,0.4,0.0420168,0.0588235,0.203252,0.227642,4.93333,4.93333,4.66667,4.8
6800,EAX,0,0,0.0241935,0.4,0.0672269,0.0420168,0.16129,0.153226,6.13333,6.13333,2.66667,2.26667
6850,EAX,0,1,0.25,5.33333,0.0840336,0.235294,0.306452,0.314516,5.46667,6.26667,6.53333,6.66667
6900,EAX,0,0,0.427419,8.53333,0.168067,0.327731,0.365854,0.414634,7.46667,10.2667,6.93333,7.86667
6950,EAX,0,1,0.322581,7.73333,0.12605,0.252101,0.193548,0.314516,7.6,9.73333,2.66667,7.6
7000,EAX,0,1,0.193548,3.86667,0.075,0.233333,0.217742,0.209677,4.66667,6.26667,3.86667,4.26667
7050,EAX,0,0,0.241935,5.46667,0.184874,0.134454,0.306452,0.346774,9.06667,8.66667,6.26667,7.2
7100,EAX,0,0,0.346774,5.6,0.0588235,0.361345,0.427419,0.451613,5.86667,8.13333,7.86667,10.1333
7150,EAX,0,0,0.145161,1.33333,0.10084,0.10084,0.330645,0.330645,6.53333,6.53333,6.8,6.26667
7200,EAX,0,1,0.298387,6.93333,0.159664,0.226891,0.266129,0.322581,7.46667,6.13333,5.2,7.06667
7250,EAX,0,0,0.395161,8.66667,0.0672269,0.403361,0.330645,0.467742,5.6,10.6667,7.46667,7.06667
7300,EAX,0,0,0.451613,8.26667,0.0588235,0.470588,0.322581,0.427419,4.66667,10.5333,5.33333,8.4
7350,EAX,0,0,0.365854,7.2,0.366667,0.0666667,0.387097,0.104839,8.4,5.6,6.93333,2
7400,EAX,0,0,0.435484,8,0.0743802,0.413223,0.379032,0.387097,4.8,9.33333,5.6,7.46667
7450,EAX,0,0,0.403226,9.86667,0.0588235,0.386555,0.298387,0.379032,5.06667,10.6667,6.8,8.66667
7500,EAX,0,0,0.387097,8.26667,0.241667,0.2,0.260163,0.390244,10.5333,8.93333,4.8,7.33333
7550,EAX,0,0,0.346774,6.93333,0.327731,0.0672269,0.290323,0.209677,10.1333,6.66667,6.4,3.06667
7600,EAX,0,0,0.354839,6.93333,0.0756303,0.386555,0.292683,0.276423,5.6,8.8,6.4,5.73333
7650,EAX,0,0,0.422764,8.4,0.369748,0.109244,0.398374,0.333333,9.06667,6.53333,7.86667,7.6
7700,EAX,0,0,0.41129,9.33333,0.0416667,0.4,0.258065,0.41129,5.73333,10,4.93333,8.4
7750,EAX,0,0,0.325203,8,0.0588235,0.327731,0.322581,0.298387,6,9.2,7.6,5.33333
7800,EAX,0,0,0.225806,4.93333,0.12605,0.159664,0.25,0.362903,6.13333,7.6,4.53333,7.06667
7850,EAX,0,0,0.370968,5.46667,0.0416667,0.383333,0.241935,0.435484,5.73333,8.53333,3.46667,6.66667
7900,EAX,0,0,0.0806452,1.06667,0.0588235,0.10084,0.25,0.169355,5.46667,5.33333,4.13333,3.33333
7950,EAX,0,0,0.274194,5.73333,0.285714,0.0420168,0.354839,0.241935,8.66667,5.6,7.2,4.93333
8000,EAX,0,0,0.346774,8.4,0.268908,0.159664,0.362903,0.330645,10.1333,8,5.86667,6.66667
8050,EAX,0,0,0.298387,6.66667,0.0588235,0.302521,0.16129,0.258065,4.53333,7.86667,2.93333,5.06667
8100,EAX,0,1,0.217742,2.93333,0.0833333,0.2,0.306452,0.290323,5.6,5.86667,5.46667,4.26667
8150,EAX,0,0,0.330645,5.86667,0.283333,0.1,0.455285,0.365854,9.33333,5.33333,8,6.93333
8200,EAX,0,0,0.298387,4.8,0.116667,0.233333,0.306452,0.306452,6,8.53333,5.86667,4.66667
8250,EAX,0,0,0.330645,8,0.0840336,0.294118,0.266129,0.346774,7.06667,7.73333,4.4,6.4
8300,EAX,0,0,0.435484,8.53333,0.0672269,0.420168,0.258065,0.41129,6.8,11.2,5.2,8.13333
8350,EAX,0,0,0.41129,7.2,0.352941,0.10084,0.298387,0.298387,10.4,6.13333,4,5.6
8400,EAX,0,0,0.362903,8.26667,0.0588235,0.369748,0.258065,0.282258,5.86667,9.86667,5.06667,5.06667
8450,EAX,0,0,0.306452,4.26667,0.268908,0.109244,0.25,0.290323,6.53333,4.93333,4.26667,4.8
8500,EAX,0,0,0.0806452,0.933333,0.109244,0.0588235,0.284553,0.211382,4.8,4.4,4.4,3.6
8550,EAX,0,0,0.435484,7.06667,0.116667,0.391667,0.306452,0.491935,5.33333,9.2,5.46667,6.53333
8600,EAX,0,1,0.241935,5.2,0.151261,0.159664,0.266129,0.266129,6.13333,7.6,5.06667,4.8
8650,EAX,0,0,0.330645,6.53333,0.260504,0.151261,0.422764,0.463415,7.73333,7.86667,7.86667,8.66667
8700,EAX,0,0,0.282258,6.53333,0.092437,0.235294,0.282258,0.217742,7.33333,9.06667,6.8,5.33333
8750,EAX,0,1,0.346774,6.13333,0.0420168,0.361345,0.201613,0.435484,6.53333,9.06667,4.13333,8.93333
8800,EAX,1,1,0,0,0,0,0,0,0,0,0,0
8850,EAX,0,0,0.177419,2.8,0.15,0.075,0.290323,0.241935,7.06667,5.86667,6.53333,4
8900,EAX,0,0,0.495935,10,0.193277,0.352941,0.422764,0.317073,9.06667,11.3333,7.86667,4.8
8950,EAX,0,0,0.137097,2.4,0.134454,0.0672269,0.145161,0.129032,8.4,6.26667,2.66667,1.6
9000,EAX,0,0,0.314516,7.86667,0.176471,0.210084,0.387097,0.282258,8.53333,8.26667,8.93333,4.8
9050,EAX,0,1,0.362903,6.4,0.109244,0.319328,0.330645,0.435484,5.73333,9.6,7.6,7.33333
9100,EAX,0,0,0.403226,8.53333,0.05,0.408333,0.25,0.435484,4.93333,10.8,5.46667,10.2667
9150,EAX,0,0,0.483871,8.93333,0.05,0.483333,0.292683,0.528455,4.66667,10.9333,3.86667,9.86667
9200,EAX,0,0,0.322581,6.26667,0.193277,0.193277,0.341463,0.268293,10.4,8.53333,7.46667,5.46667
9250,EAX,0,0,0.33871,7.73333,0.0416667,0.35,0.298387,0.290323,5.06667,9.6,5.06667,6.13333
9300,EAX,0,0,0.306452,5.86667,0.0588235,0.302521,0.365854,0.333333,4.26667,8.26667,8.4,7.2
9350,EAX,0,0,0.370968,8,0.302521,0.134454,0.379032,0.201613,11.6,5.73333,7.6,2.53333
9400,EAX,0,0,0.16129,1.33333,0.0672269,0.176471,0.357724,0.365854,5.2,5.73333,7.86667,8.4
9450,EAX,0,0,0.346774,5.06667,0.0504202,0.352941,0.308943,0.373984,5.6,9.33333,6.8,6.4
9500,EAX,0,0,0.306452,4.13333,0.142857,0.235294,0.346774,0.274194,7.2,7.2,5.46667,5.06667
9550,EAX,0,1,0.298387,5.46667,0.235294,0.12605,0.322581,0.201613,8,8.4,6.13333,2.8
9600,EAX,0,0,0.282258,4.53333,0.0840336,0.268908,0.258065,0.241935,6.66667,9.33333,4.93333,3.73333
9650,EAX,0,0,0.341463,8,0.158333,0.241667,0.300813,0.268293,7.33333,7.73333,4.66667,5.46667
9700,EAX,0,0,0.306452,6.8,0.166667,0.191667,0.317073,0.390244,5.73333,8.93333,6.66667,8
9750,EAX,0,0,0.354839,7.33333,0.075,0.308333,0.290323,0.233871,4.93333,8.53333,5.46667,4.53333
9800,EAX,0,0,0.290323,5.46667,0.235294,0.092437,0.33871,0.217742,8.66667,5.73333,4.93333,4.53333
9850,EAX,0,1,0.419355,9.06667,0.0588235,0.420168,0.25,0.443548,6.8,9.46667,4.8,7.33333
9900,EAX,0,0,0.346774,7.06667,0.116667,0.275,0.185484,0.314516,6.4,7.46667,2.8,6.26667
9950,EAX,0,0,0.290323,4.66667,0.0672269,0.277311,0.414634,0.317073,5.6,7.73333,8.53333,6.93333
10000,EAX,0,0,0.379032,7.06667,0.0588235,0.378151,0.201613,0.379032,8,10.4,3.86667,6.8
10050,EAX,0,0,0.357724,7.06667,0.108333,0.291667,0.306452,0.362903,9.2,8.8,6.66667,7.46667
10100,EAX,0,0,0.306452,5.46667,0.0588235,0.310924,0.346774,0.33871,6.8,10.1333,7.06667,7.2
10150,EAX,0,1,0.306452,6.4,0.252101,0.117647,0.282258,0.225806,9.46667,8.66667,5.33333,5.2
10200,EAX,0,0,0.504065,9.73333,0.0583333,0.516667,0.419355,0.322581,5.2,12,6.13333,5.73333
10250,EAX,0,0,0.306452,6,0.0416667,0.3,0.177419,0.282258,4.8,7.6,3.46667,5.33333
10300,EAX,0,0,0.241935,3.73333,0.158333,0.158333,0.33871,0.322581,6.8,7.33333,6,7.73333
10350,EAX,0,0,0.274194,5.46667,0.12605,0.218487,0.365854,0.414634,5.86667,7.86667,5.86667,8.4
10400,EAX,0,0,0.422764,7.33333,0.0504202,0.420168,0.398374,0.276423,5.86667,10.5333,6.53333,4.93333
10450,EAX,0,0,0.0806452,1.2,0.10084,0.0672269,0.266129,0.209677,7.06667,5.6,5.06667,4.13333
10500,EAX,0,0,0.233871,4.26667,0.168067,0.134454,0.258065,0.403226,7.6,6.26667,4.66667,5.06667
10550,EAX,0,0,0.349593,7.2,0.0588235,0.361345,0.365854,0.414634,5.33333,9.86667,4.26667,7.86667
10600,EAX,0,0,0.298387,6.26667,0.0991736,0.264463,0.209677,0.379032,4.93333,8.26667,3.2,7.06667
10650,EAX,0,1,0.314516,4.4,0.117647,0.235294,0.370968,0.362903,7.33333,8.4,7.46667,6.4
10700,EAX,0,0,0.346774,7.33333,0.235294,0.168067,0.290323,0.241935,8.66667,6.53333,4.93333,5.6
10750,EAX,0,0,0.387097,6.53333,0.391667,0.0333333,0.354839,0.25,10.4,4.66667,6.8,3.2
10800,EAX,0,1,0.443548,9.06667,0.0588235,0.462185,0.379032,0.467742,5.06667,11.8667,6.8,8
10850,EAX,0,1,0.274194,5.6,0.133333,0.216667,0.145161,0.322581,7.06667,7.46667,2.4,7.73333
10900,EAX,0,0,0.298387,4.8,0.3,0.05,0.258065,0.274194,8.53333,5.06667,4.8,5.2
10950,EAX,0,1,0.290323,4.66667,0.0588235,0.294118,0.258065,0.298387,5.33333,8.53333,6,7.33333
11000,EAX,0,0,0.330645,6.93333,0.0756303,0.336134,0.298387,0.314516,5.6,9.46667,5.46667,5.06667
11050,EAX,0,1,0.387097,6.4,0.310924,0.134454,0.33871,0.387097,7.6,7.06667,6.66667,6.8
11100,EAX,0,1,0.282258,6,0.1,0.233333,0.266129,0.274194,4.93333,7.33333,5.06667,5.06667
11150,EAX,0,0,0.354839,5.46667,0.35,0.05,0.427419,0.258065,9.73333,5.6,8.13333,4.8
11200,EAX,0,0,0.298387,3.86667,0.184874,0.159664,0.406504,0.398374,5.46667,4.66667,7.86667,7.73333
11250,EAX,0,0,0.390244,8,0.0504202,0.394958,0.395161,0.387097,5.6,9.2,8.13333,9.2
11300,EAX,0,0,0.209677,3.6,0.151261,0.151261,0.258065,0.225806,6.13333,7.2,6.26667,4.93333
11350,EAX,0,0,0.241935,3.46667,0.225,0.0916667,0.258065,0.282258,8.26667,6.4,2.66667,4.53333
11400,EAX,0,0,0.145161,3.33333,0.12605,0.092437,0.292683,0.235772,6.26667,7.46667,6.26667,6.26667
11450,EAX,0,0,0.346774,6.93333,0.0588235,0.352941,0.322581,0.362903,6.13333,9.6,4.93333,8.4
11500,EAX,0,0,0.346774,6.53333,0.05,0.341667,0.185484,0.258065,4.93333,10,2.8,5.2
11550,EAX,0,1,0.216,4,0.158333,0.133333,0.225806,0.145161,9.33333,5.06667,3.73333,2
11600,EAX,0,0,0.306452,4.93333,0.193277,0.176471,0.322581,0.112903,6,6.8,5.86667,1.86667
11650,EAX,0,0,0.306452,6.13333,0.235294,0.134454,0.346774,0.362903,8.8,7.46667,6.93333,6.26667
11700,EAX,0,0,0.370968,7.6,0.191667,0.25,0.346774,0.104839,8.8,10.9333,9.2,3.46667
11750,EAX,0,0,0.41129,6,0.0588235,0.403361,0.512195,0.373984,5.33333,9.6,8.66667,6.26667
11800,EAX,0,0,0.282258,3.86667,0.218487,0.134454,0.306452,0.209677,8.66667,8.93333,6.26667,4.4
11850,EAX,0,1,0.346774,6,0.0583333,0.35,0.33871,0.370968,5.33333,10,6.4,7.86667
11900,EAX,0,0,0.298387,5.33333,0.0840336,0.294118,0.322581,0.306452,6.13333,8.8,6.13333,7.2
11950,EAX,0,0,0.298387,8,0.14876,0.214876,0.241935,0.290323,8,8.4,4.8,7.46667
12000,EAX,0,0,0.33871,6.26667,0.0916667,0.333333,0.406504,0.357724,6,9.46667,8.26667,6.4
12050,EAX,0,1,0.185484,2.8,0.168067,0.092437,0.225806,0.282258,8.13333,5.6,2.8,3.33333
12100,EAX,0,0,0.120968,2.4,0.0756303,0.134454,0.16129,0.241935,5.33333,5.6,2.53333,4.4
12150,EAX,0,0,0.129032,2,0.05,0.133333,0.300813,0.341463,4.53333,5.46667,4.93333,5.33333
12200,EAX,0,0,0.306452,6,0.116667,0.233333,0.308943,0.235772,6.93333,7.6,5.33333,4.8
12250,EAX,0,0,0.459677,8.53333,0.375,0.133333,0.276423,0.414634,9.6,6.93333,5.6,5.86667
12300,EAX,0,0,0.201613,5.73333,0.109244,0.151261,0.354839,0.395161,8,7.6,6.66667,8.66667
12350,EAX,0,1,0.419355,7.06667,0.436975,0.0420168,0.362903,0.33871,9.73333,5.73333,6.53333,7.73333
12400,EAX,0,1,0.443548,7.86667,0.12605,0.394958,0.306452,0.322581,8,10.4,5.06667,7.73333
12450,EAX,0,0,0.330645,5.06667,0.302521,0.0840336,0.390244,0.357724,8.4,4.26667,7.2,8.13333
12500,EAX,0,0,0.471545,8.4,0.302521,0.218487,0.491935,0.266129,8.53333,6.93333,9.33333,6.26667
12550,EAX,0,0,0.403226,8.4,0.201681,0.277311,0.406504,0.390244,8.8,9.46667,7.86667,6.93333
12600,EAX,0,1,0.395161,6.26667,0.0504202,0.403361,0.256,0.328,6,8.8,3.2,5.86667
12650,EAX,0,0,0.282258,5.33333,0.092437,0.235294,0.268293,0.243902,7.2,7.46667,4.66667,5.2
12700,EAX,0,0,0.443548,8.8,0.441667,0.075,0.308943,0.471545,12.4,5.86667,6.8,8.53333
12750,EAX,0,0,0.467742,9.06667,0.116667,0.416667,0.322581,0.435484,6.13333,9.86667,5.46667,9.86667
12800,EAX,0,0,0.346774,7.86667,0.0588235,0.352941,0.365854,0.325203,5.6,9.2,6.8,6.53333
12850,EAX,0,1,0.41129,10,0.0833333,0.383333,0.120968,0.459677,7.46667,11.2,2.4,9.6
12900,EAX,0,0,0.241935,5.86667,0.0672269,0.243697,0.282258,0.354839,6.93333,11.0667,3.6,5.73333
12950,EAX,0,0,0.129032,1.6,0.0588235,0.142857,0.241935,0.177419,5.46667,7.33333,3.6,2.13333
13000,EAX,0,0,0.209677,3.06667,0.0504202,0.218487,0.153226,0.274194,4.93333,5.73333,2.13333,3.46667
13050,EAX,0,0,0.346774,7.6,0.0588235,0.361345,0.258065,0.233871,6,8.8,5.33333,4.8
13100,EAX,0,0,0.298387,5.86667,0.0588235,0.310924,0.365854,0.292683,5.46667,10,7.6,6.53333
13150,EAX,0,0,0.201613,3.2,0.168067,0.109244,0.325203,0.325203,8.4,8.4,6,7.06667
13200,EAX,0,0,0.258065,5.2,0.05,0.258333,0.314516,0.201613,4.8,8.4,5.46667,3.86667
13250,EAX,0,0,0.258065,7.46667,0.0756303,0.260504,0.341463,0.317073,7.2,11.8667,6.8,6.4
13300,EAX,0,0,0.370968,7.33333,0.383333,0.05,0.276423,0.341463,10.4,4.8,5.6,6.66667
13350,EAX,0,1,0.354839,6.4,0.0756303,0.344538,0.298387,0.129032,6,9.73333,4.53333,2.53333
13400,EAX,0,0,0.314516,5.2,0.218487,0.159664,0.274194,0.322581,10.6667,7.6,4.53333,5.33333
13450,EAX,0,0,0.524194,8.66667,0.0916667,0.466667,0.463415,0.300813,6.8,9.73333,8.53333,4.8
13500,EAX,0,0,0.298387,4.26667,0.0672269,0.277311,0.33871,0.306452,5.2,7.86667,7.46667,8
13550,EAX,0,0,0.463415,7.86667,0.193277,0.310924,0.430894,0.300813,8,11.6,7.2,5.33333
13600,EAX,0,0,0.483871,8.53333,0.243697,0.310924,0.243902,0.439024,9.73333,9.33333,4.66667,8.66667
13650,EAX,0,0,0.298387,5.33333,0.294118,0.0588235,0.25,0.266129,9.33333,6.53333,4.93333,4.53333
13700,EAX,0,0,0.25,4.8,0.0504202,0.243697,0.298387,0.370968,5.46667,9.86667,4.66667,7.46667
13750,EAX,0,1,0.41129,7.06667,0.05,0.416667,0.256,0.392,6.13333,8.66667,2.66667,7.2
13800,EAX,0,1,0.209677,2.66667,0.0588235,0.218487,0.241935,0.290323,4.13333,5.73333,5.46667,6.53333
13850,EAX,0,0,0.137097,2.53333,0.0666667,0.141667,0.233871,0.209677,6.8,7.33333,4.93333,3.73333
13900,EAX,0,1,0.379032,6.26667,0.191667,0.25,0.185484,0.379032,6.93333,8,3.06667,7.06667
13950,EAX,0,1,0.346774,6.66667,0.05,0.358333,0.233871,0.274194,5.2,9.06667,4.4,6
14000,EAX,0,0,0.201613,3.6,0.0672269,0.201681,0.25,0.233871,5.73333,8.13333,4.4,3.06667
14050,EAX,0,1,0.314516,6.93333,0.0833333,0.291667,0.314516,0.266129,4.66667,7.73333,6,3.86667
14100,EAX,0,0,0.346774,6.4,0.0833333,0.308333,0.233871,0.354839,5.2,8,3.2,7.06667
14150,EAX,0,1,0.274194,5.2,0.0588235,0.277311,0.314516,0.379032,5.86667,8.93333,4.93333,6.8
14200,EAX,0,0,0.354839,7.46667,0.0672269,0.352941,0.260163,0.357724,5.86667,10,6.93333,7.6
14250,EAX,0,0,0.322581,7.46667,0.134454,0.260504,0.314516,0.33871,6.26667,8.26667,6.8,6.8
14300,EAX,0,0,0.354839,6.93333,0.341667,0.0833333,0.306452,0.395161,8.13333,4.53333,5.33333,7.6
14350,EAX,0,0,0.395161,8,0.316667,0.158333,0.268293,0.390244,9.73333,5.46667,4.53333,7.2
14400,EAX,0,1,0.266129,6.26667,0.05,0.275,0.290323,0.217742,4.93333,8,5.33333,3.46667
14450,EAX,0,1,0.241935,4.26667,0.0588235,0.268908,0.266129,0.290323,5.33333,8.26667,3.2,4.26667
14500,EAX,0,0,0,0,0,0,0,0,0,0,0,0
14550,EAX,0,0,0.0483871,0.533333,0.0833333,0.0333333,0.282258,0.274194,4.66667,4.4,7.2,6.93333
14600,EAX,0,0,0.258065,5.2,0.0583333,0.258333,0.274194,0.298387,5.2,8.53333,4.26667,5.06667
14650,EAX,0,0,0.25,5.06667,0.0504202,0.260504,0.330645,0.330645,6.13333,9.06667,5.6,7.6
14700,EAX,0,0,0.33871,6.66667,0.243697,0.168067,0.330645,0.177419,9.73333,6,6.13333,3.46667
14750,EAX,0,0,0.322581,6,0.15,0.233333,0.258065,0.290323,6.93333,10.2667,5.06667,6
14800,EAX,0,0,0.0645161,0.8,0.1,0.0333333,0.282258,0.298387,5.06667,4.53333,5.46667,6
14850,EAX,0,1,0.282258,4.8,0.0504202,0.294118,0.201613,0.274194,5.33333,7.33333,2.4,4.4
14900,EAX,0,0,0.346774,5.46667,0.0420168,0.344538,0.346774,0.330645,8.13333,9.2,5.06667,4.53333
14950,EAX,0,0,0.483871,9.46667,0.291667,0.233333,0.419355,0.395161,7.6,6.26667,7.6,8.66667
15000,EAX,0,0,0.41129,8.53333,0.10084,0.369748,0.387097,0.290323,6.8,7.33333,7.73333,4
15050,EAX,0,0,0.330645,7.73333,0.12605,0.268908,0.370968,0.435484,8.13333,10.2667,8.8,6.93333
15100,EAX,0,0,0.406504,8.8,0.0833333,0.366667,0.346774,0.346774,7.86667,11.3333,5.6,6.4
15150,EAX,0,1,0.419355,8.53333,0.0588235,0.445378,0.354839,0.274194,6.4,11.0667,5.2,7.06667
15200,EAX,0,0,0.317073,5.73333,0.12605,0.243697,0.346774,0.258065,6.53333,8.26667,6.13333,5.06667
15250,EAX,0,1,0.435484,8.53333,0.0588235,0.436975,0.362903,0.41129,6.66667,10.1333,5.86667,8.26667
15300,EAX,0,1,0.322581,5.2,0.108333,0.291667,0.193548,0.290323,4.66667,8,3.6,5.33333
15350,EAX,0,0,0.467742,8.13333,0.133333,0.391667,0.373984,0.414634,5.46667,10,5.2,6.4
15400,EAX,0,0,0.322581,6.53333,0.241667,0.175,0.487805,0.479675,7.06667,7.73333,8.13333,9.2
15450,EAX,0,0,0.370968,7.6,0.117647,0.319328,0.258065,0.322581,6,10.1333,4.13333,7.6
15500,EAX,0,0,0.274194,7.33333,0.0416667,0.291667,0.322581,0.33871,5.2,10.1333,7.86667,5.6
15550,EAX,0,0,0.443548,8,0.394958,0.117647,0.379032,0.387097,9.73333,5.6,6.93333,7.86667
15600,EAX,0,0,0.0887097,0.8,0.1,0.05,0.322581,0.290323,5.46667,5.33333,5.33333,5.06667
15650,EAX,0,0,0.354839,7.46667,0.075,0.325,0.193548,0.362903,4.93333,9.73333,3.6,8.13333
15700,EAX,0,0,0.322581,6.26667,0.294118,0.10084,0.406504,0.422764,8.8,8.93333,6.8,8.13333
15750,EAX,0,0,0.354839,8.26667,0.358333,0.0666667,0.306452,0.346774,10.1333,6.13333,7.2,6.53333
15800,EAX,0,0,0.362903,5.46667,0.125,0.275,0.120968,0.314516,6.26667,7.6,2.53333,5.46667
15850,EAX,0,0,0.241935,5.6,0.0583333,0.25,0.290323,0.322581,5.06667,9.06667,3.73333,6.4
15900,EAX,0,0,0.298387,6.26667,0.0583333,0.283333,0.290323,0.137097,4.66667,8.4,5.33333,1.73333
15950,EAX,0,0,0.395161,6.93333,0.092437,0.369748,0.193548,0.379032,6.93333,9.6,3.2,6.13333
16000,EAX,0,0,0.382114,7.6,0.0588235,0.369748,0.387097,0.298387,6.26667,9.33333,7.06667,4.8
16050,EAX,0,0,0.274194,6.8,0.218487,0.117647,0.382114,0.349593,7.73333,8.8,8.93333,5.33333
16100,EAX,0,1,0.217742,3.33333,0.1,0.175,0.177419,0.274194,5.2,7.2,2.4,5.2
16150,EAX,0,0,0.33871,5.46667,0.0588235,0.352941,0.225806,0.322581,5.33333,8.66667,5.86667,7.2
16200,EAX,0,1,0.0806452,1.46667,0.0583333,0.075,0.322581,0.282258,5.33333,6.13333,6.26667,6.26667
16250,EAX,0,0,0.282258,6,0.159664,0.193277,0.266129,0.354839,7.86667,8.53333,6.26667,7.33333
16300,EAX,0,0,0,0,0,0,0,0,0,0,0,0
16350,EAX,0,0,0.390244,8.8,0.285714,0.142857,0.292683,0.390244,9.2,9.33333,6.13333,8.8
16400,EAX,0,0,0.395161,5.86667,0.109244,0.344538,0.290323,0.379032,5.06667,7.33333,4.8,7.6
16450,EAX,0,0,0.430894,8.53333,0.0672269,0.411765,0.260163,0.439024,4.8,10.6667,4.93333,7.46667
16500,EAX,0,0,0.314516,4.93333,0.266667,0.133333,0.298387,0.33871,7.2,6.66667,5.33333,6.93333
16550,EAX,0,0,0.33871,7.06667,0.235294,0.184874,0.354839,0.41129,7.86667,7.06667,7.2,8.26667
16600,EAX,0,0,0.33871,6.66667,0.0504202,0.361345,0.382114,0.398374,5.33333,9.2,7.73333,7.46667
16650,EAX,0,0,0.362903,7.33333,0.252101,0.193277,0.241935,0.346774,6.8,8.66667,3.6,7.6
16700,EAX,0,0,0.463415,8,0.142857,0.378151,0.536585,0.317073,8.66667,10,9.06667,7.33333
16750,EAX,0,0,0.362903,8.13333,0.0588235,0.336134,0.330645,0.395161,6.13333,11.2,5.06667,7.73333
16800,EAX,0,0,0.443548,8.66667,0.168067,0.327731,0.241935,0.516129,6.13333,11.0667,4.4,7.86667
16850,EAX,0,1,0.276423,4.53333,0.2,0.133333,0.354839,0.290323,5.6,8.93333,6,6
16900,EAX,0,0,0.382114,7.46667,0.241667,0.183333,0.508065,0.419355,8.4,7.86667,8.8,9.33333
16950,EAX,0,0,0.463415,10,0.25,0.266667,0.252033,0.487805,7.6,8.53333,3.46667,8.93333
17000,EAX,0,0,0.491935,7.86667,0.344538,0.201681,0.382114,0.422764,9.06667,7.6,7.06667,6.8
17050,EAX,0,1,0.346774,7.33333,0.10084,0.294118,0.304,0.352,6.8,9.6,4.93333,7.33333
17100,EAX,0,0,0.370968,6.4,0.0588235,0.386555,0.225806,0.419355,5.33333,8.66667,4.93333,8.93333
17150,EAX,0,0,0.556452,8.53333,0.243697,0.369748,0.447154,0.471545,9.33333,10,7.86667,9.06667
17200,EAX,0,0,0.471545,8.53333,0.436975,0.10084,0.395161,0.290323,9.6,7.06667,7.06667,5.6
17250,EAX,0,1,0.41129,8.4,0.225,0.241667,0.225806,0.306452,8.13333,7.86667,3.6,6
17300,EAX,0,1,0.25,2.66667,0.15,0.15,0.274194,0.33871,5.6,4.66667,5.06667,6
17350,EAX,0,0,0.346774,7.2,0.193277,0.226891,0.274194,0.233871,7.33333,6.66667,6.26667,4.26667
17400,EAX,0,0,0.177419,2.53333,0.168067,0.0756303,0.282258,0.274194,8.13333,7.73333,5.6,5.06667
17450,EAX,0,0,0.274194,4.93333,0.252101,0.092437,0.300813,0.292683,9.46667,6,7.46667,4.13333
17500,EAX,0,0,0.266129,5.86667,0.0916667,0.275,0.241935,0.233871,4.53333,9.2,5.06667,7.2
17550,EAX,0,1,0.349593,5.46667,0.092437,0.302521,0.346774,0.290323,5.46667,7.2,5.86667,4.8
17600,EAX,0,0,0.322581,6.93333,0.283333,0.125,0.290323,0.120968,8.53333,6.53333,6.13333,2.53333
17650,EAX,0,0,0.479675,9.06667,0.110169,0.40678,0.475806,0.322581,9.06667,11.3333,8.13333,7.2
17700,EAX,0,1,0.398374,7.33333,0.151261,0.336134,0.290323,0.241935,9.86667,9.86667,6.13333,5.6
17750,EAX,0,1,0.387097,9.6,0.235294,0.218487,0.233871,0.379032,8.93333,7.33333,3.2,7.2
17800,EAX,0,1,0.241935,6,0.05,0.258333,0.120968,0.298387,4.93333,9.46667,1.46667,7.06667
17850,EAX,0,0,0.455285,10,0.0504202,0.453782,0.430894,0.325203,5.6,11.8667,10,5.86667
17900,EAX,0,0,0.306452,3.86667,0.0420168,0.310924,0.233871,0.322581,6.66667,8.26667,4.66667,6.13333
17950,EAX,0,0,0.395161,8,0.0588235,0.411765,0.219512,0.439024,6,9.46667,4,7.46667
18000,EAX,0,0,0.382114,7.46667,0.0833333,0.358333,0.209677,0.266129,5.46667,9.6,3.6,4.53333
18050,EAX,0,1,0.298387,7.2,0.159664,0.226891,0.282258,0.354839,8.4,8.53333,6.13333,6.8
18100,EAX,0,1,0.479675,8.93333,0.0416667,0.491667,0.395161,0.403226,4.93333,11.3333,7.06667,7.33333
18150,EAX,0,0,0.233871,5.46667,0.108333,0.191667,0.266129,0.419355,7.33333,5.73333,8.13333,9.86667
18200,EAX,0,0,0.145161,2.66667,0.15,0.05,0.25,0.201613,5.6,4.8,4.93333,3.46667
18250,EAX,0,1,0.379032,7.2,0.117647,0.319328,0.129032,0.403226,8,10,2.13333,7.86667
18300,EAX,0,0,0.104839,0.933333,0.0672269,0.10084,0.258065,0.282258,5.86667,5.86667,4.4,5.06667
18350,EAX,0,0,0.398374,7.33333,0.0672269,0.378151,0.362903,0.346774,4.53333,9.73333,7.2,6
18400,EAX,0,0,0.357724,7.46667,0.0504202,0.378151,0.252033,0.317073,4.8,10.9333,2.26667,7.2
18450,EAX,0,0,0.298387,6,0.092437,0.268908,0.266129,0.330645,5.73333,9.86667,6.66667,8
18500,EAX,0,0,0.330645,7.2,0.05,0.341667,0.252033,0.252033,6.8,10.6667,5.2,6.26667
18550,EAX,0,0,0.362903,4.93333,0.0588235,0.361345,0.317073,0.373984,5.73333,8.66667,6.93333,7.46667
18600,EAX,0,0,0.0564516,0.8,0.10084,0.0420168,0.298387,0.298387,5.33333,4.93333,5.33333,5.06667
18650,EAX,0,0,0.104839,1.06667,0.0756303,0.109244,0.349593,0.365854,7.33333,5.73333,5.33333,5.33333
18700,EAX,0,0,0.145161,3.2,0.108333,0.0916667,0.306452,0.258065,6,5.33333,4.66667,4.66667
18750,EAX,0,0,0.266129,5.73333,0.191667,0.125,0.290323,0.306452,8.66667,6.53333,5.2,5.46667
18800,EAX,0,0,0.185484,3.73333,0.176471,0.0588235,0.266129,0.225806,8.8,6,6.4,3.86667
18850,EAX,0,0,0.365854,8.13333,0.168067,0.260504,0.322581,0.330645,6.8,9.46667,7.46667,6.4
18900,EAX,0,0,0.354839,5.06667,0.075,0.375,0.209677,0.330645,6,6.53333,2.93333,5.73333
18950,EAX,0,0,0.33871,7.73333,0.266667,0.158333,0.325203,0.382114,8.53333,10.4,7.46667,5.33333
19000,EAX,0,0,0.274194,5.33333,0.0840336,0.268908,0.317073,0.365854,6.93333,8.66667,4.66667,7.2
19050,EAX,0,0,0.373984,8.13333,0.175,0.25,0.395161,0.185484,12.1333,10.5333,8.66667,3.06667
19100,EAX,0,0,0.346774,7.06667,0.132231,0.297521,0.370968,0.330645,6.4,8.8,5.46667,6.4
19150,EAX,0,0,0.185484,3.73333,0.134454,0.12605,0.306452,0.322581,6.66667,8.4,6.4,5.46667
19200,EAX,0,0,0.354839,7.06667,0.134454,0.285714,0.241935,0.370968,8,9.46667,4.53333,6.26667
19250,EAX,0,0,0.346774,7.73333,0.361345,0.0588235,0.322581,0.322581,8.93333,6.4,6.13333,6.53333
19300,EAX,0,0,0.266129,6.13333,0.0672269,0.268908,0.379032,0.379032,5.86667,9.2,6.13333,7.6
19350,EAX,0,0,0.330645,6.53333,0.05,0.341667,0.16129,0.354839,5.06667,9.2,2.4,6
19400,EAX,0,0,0.266129,5.06667,0.0672269,0.277311,0.260163,0.284553,4.93333,8.13333,4.53333,5.2
19450,EAX,0,0,0.447154,7.46667,0.0672269,0.428571,0.354839,0.370968,6.8,10.5333,6.26667,7.33333
19500,EAX,0,0,0.266129,4.53333,0.0756303,0.252101,0.292683,0.365854,6.26667,8.66667,7.6,8.53333
19550,EAX,0,0,0.274194,4.93333,0.10084,0.226891,0.225806,0.346774,6.66667,9.33333,4,5.2
19600,EAX,0,0,0.282258,5.6,0.0588235,0.285714,0.357724,0.268293,6,9.2,8.26667,6.4
19650,EAX,0,0,0.354839,7.2,0.133333,0.308333,0.290323,0.346774,8.26667,8.26667,6.8,8.4
19700,EAX,0,0,0.330645,6.13333,0.0504202,0.327731,0.282258,0.274194,4.26667,8.8,5.33333,4.8
19750,EAX,0,0,0.306452,6.26667,0.0588235,0.302521,0.235772,0.349593,5.73333,8.93333,4.53333,6.93333
19800,EAX,0,0,0.370968,6.4,0.0672269,0.361345,0.427419,0.435484,6.13333,8.4,8.66667,8.93333
19850,EAX,0,0,0.443548,7.33333,0.0420168,0.436975,0.201613,0.362903,8.66667,9.33333,3.06667,6.93333
19900,EAX,0,0,0.282258,5.2,0.0672269,0.268908,0.185484,0.354839,4.93333,8.26667,3.46667,5.73333
19950,EAX,0,1,0.290323,4.93333,0.266667,0.0916667,0.266129,0.274194,6.93333,4.4,6.4,4.13333
20000,EAX,0,0,0.346774,7.73333,0.108333,0.308333,0.258065,0.25,6.4,10,5.73333,5.06667
20050,EAX,0,0,0.209677,3.73333,0.158333,0.108333,0.365854,0.284553,7.46667,5.06667,6.26667,5.86667
20100,EAX,0,0,0.395161,8.93333,0.3,0.166667,0.258065,0.419355,8.4,7.33333,6.26667,7.33333
20150,EAX,0,0,0.487805,9.33333,0.233333,0.291667,0.317073,0.390244,8.4,10.1333,6,9.33333
20200,EAX,0,0,0.333333,6.8,0.168067,0.210084,0.354839,0.298387,10.2667,11.2,7.73333,6.66667
20250,EAX,0,0,0.314516,7.46667,0.310924,0.0756303,0.379032,0.33871,8.26667,6.13333,9.33333,7.86667
20300,EAX,0,0,0.314516,4.93333,0.266667,0.108333,0.387097,0.33871,8,5.46667,6.53333,6.93333
20350,EAX,0,0,0.33871,5.06667,0.151261,0.235294,0.241935,0.346774,5.86667,8.93333,2.8,4.8
20400,EAX,0,0,0.346774,7.73333,0.141667,0.258333,0.370968,0.330645,4.8,8.4,7.6,9.2
20450,EAX,0,0,0.314516,6.66667,0.241667,0.116667,0.298387,0.274194,9.06667,6.4,4.66667,5.06667
20500,EAX,0,0,0.330645,4.53333,0.344538,0.0588235,0.25,0.306452,11.0667,6.93333,4.26667,3.73333
20550,EAX,0,0,0.346774,4.53333,0.05,0.35,0.370968,0.258065,5.33333,7.33333,6.26667,4.4
20600,EAX,0,1,0.419355,9.2,0.260504,0.210084,0.370968,0.403226,8.26667,10.1333,7.2,6.8
20650,EAX,0,0,0.290323,5.06667,0.0588235,0.302521,0.25,0.330645,5.86667,9.06667,5.06667,8.4
20700,EAX,0,1,0.362903,6.4,0.0672269,0.361345,0.225806,0.322581,6,9.46667,4.26667,4.8
20750,EAX,0,0,0.395161,7.73333,0.0672269,0.378151,0.225806,0.403226,6.26667,11.4667,2.26667,7.86667
20800,EAX,0,0,0.443548,7.86667,0.0588235,0.445378,0.406504,0.365854,5.73333,11.6,5.86667,8.8
20850,EAX,0,0,0.266129,4.93333,0.0588235,0.252101,0.322581,0.112903,4.26667,8.13333,6.53333,2
20900,EAX,0,1,0.266129,5.06667,0.10084,0.226891,0.145161,0.370968,5.2,6.8,2.4,6.66667
20950,EAX,0,1,0.145161,3.2,0.176471,0.0420168,0.258065,0.25,8,5.2,4.4,3.46667
21000,EAX,0,0,0.306452,4.93333,0.283333,0.15,0.317073,0.325203,8.53333,6.66667,7.06667,6
21050,EAX,0,0,0.475806,8.66667,0.445378,0.109244,0.322581,0.516129,11.3333,7.6,7.73333,9.06667
21100,EAX,0,0,0.451613,9.86667,0.458333,0.05,0.314516,0.362903,10.5333,4.93333,6.66667,5.06667
21150,EAX,0,0,0.225806,3.06667,0.0916667,0.233333,0.233871,0.258065,6.93333,7.46667,6.26667,5.73333
21200,EAX,0,0,0.290323,4.93333,0.10084,0.260504,0.314516,0.298387,8.26667,10.5333,6.26667,7.46667
21250,EAX,0,0,0.362903,5.86667,0.260504,0.168067,0.292683,0.317073,8.13333,6.53333,6.66667,5.86667
21300,EAX,0,1,0.362903,8.53333,0.12605,0.302521,0.282258,0.314516,8.66667,10,5.33333,6.4
21350,EAX,0,0,0.33871,5.2,0.133333,0.275,0.314516,0.298387,5.6,6.13333,5.33333,7.2
21400,EAX,0,0,0.241935,3.86667,0.05,0.241667,0.282258,0.201613,5.6,7.73333,7.33333,6.13333
21450,EAX,0,0,0.354839,5.86667,0.243697,0.184874,0.282258,0.354839,8,7.06667,4.26667,4.26667
21500,EAX,0,0,0.463415,8.93333,0.0672269,0.453782,0.354839,0.362903,5.73333,11.7333,7.73333,7.86667
21550,EAX,0,0,0.241935,4,0.0588235,0.243697,0.325203,0.414634,7.46667,8.66667,5.33333,7.06667
21600,EAX,0,0,0.41129,7.2,0.0756303,0.394958,0.322581,0.370968,7.46667,10.8,6.93333,7.46667
21650,EAX,0,0,0.362903,8.4,0.175,0.266667,0.290323,0.266129,6.26667,10,5.6,5.86667
21700,EAX,0,0,0.33871,6.66667,0.361345,0.0588235,0.387097,0.185484,10.8,7.73333,8.13333,3.46667
21750,EAX,0,1,0.395161,6.13333,0.0666667,0.4,0.193548,0.354839,5.73333,11.2,4.13333,6.66667
21800,EAX,0,0,0.459677,7.86667,0.05,0.458333,0.354839,0.387097,4.93333,9.33333,6.8,6.53333
21850,EAX,0,0,0.330645,5.2,0.0672269,0.302521,0.395161,0.266129,5.46667,8.26667,7.33333,4.8
21900,EAX,0,0,0.330645,7.06667,0.327731,0.0756303,0.308943,0.333333,9.2,7.06667,5.73333,7.2
21950,EAX,0,0,0.322581,8,0.316667,0.0833333,0.314516,0.241935,10.9333,7.86667,7.06667,3.73333
22000,EAX,0,0,0.330645,6.13333,0.0826446,0.297521,0.129032,0.266129,5.2,8.53333,1.6,5.2
22050,EAX,0,0,0.322581,7.46667,0.05,0.333333,0.129032,0.290323,5.46667,8.93333,2.93333,7.2
22100,EAX,0,0,0.330645,5.6,0.0672269,0.327731,0.346774,0.266129,5.6,9.46667,6.8,5.33333
22150,EAX,0,1,0.354839,6.8,0.168067,0.268908,0.306452,0.217742,7.33333,7.73333,4.93333,4.4
22200,EAX,0,0,0.379032,6.13333,0.193277,0.260504,0.298387,0.354839,6.8,8.8,5.46667,6.8
22250,EAX,0,0,0.370968,6.66667,0.0916667,0.333333,0.268293,0.398374,7.86667,10.4,5.2,7.6
22300,EAX,0,0,0.398374,6.53333,0.0840336,0.369748,0.290323,0.290323,5.33333,9.06667,6.8,7.6
22350,EAX,0,0,0.362903,6.13333,0.316667,0.1,0.435484,0.274194,8.26667,4.93333,8.53333,5.2
22400,EAX,0,1,0.379032,6.66667,0.25,0.2,0.290323,0.258065,7.86667,7.6,8.13333,4.26667
22450,EAX,0,0,0.33871,6,0.142857,0.252101,0.185484,0.298387,6.93333,9.46667,2.93333,4.8
22500,EAX,0,1,0.406504,7.73333,0.0672269,0.394958,0.306452,0.475806,6.66667,10.6667,5.73333,7.73333
22550,EAX,0,0,0.455285,10,0.0588235,0.478992,0.362903,0.362903,5.2,11.8667,8,7.2
22600,EAX,0,0,0.459677,7.86667,0.352941,0.159664,0.33871,0.435484,9.33333,6.13333,5.46667,8.26667
22650,EAX,0,1,0.33871,6.26667,0.05,0.358333,0.258065,0.379032,5.2,9.06667,5.6,9.2
22700,EAX,0,0,0.362903,8.66667,0.0420168,0.369748,0.346774,0.298387,6.4,10.9333,6.4,5.86667
22750,EAX,0,0,0.370968,6.93333,0.0666667,0.358333,0.330645,0.354839,4.8,9.06667,4.93333,4.66667
22800,EAX,0,0,0.443548,8.66667,0.12605,0.394958,0.225806,0.379032,5.2,11.7333,3.46667,7.6
22850,EAX,0,0,0.306452,4.93333,0.0672269,0.277311,0.177419,0.298387,5.46667,9.6,3.33333,5.2
22900,EAX,0,1,0.322581,7.46667,0.108333,0.258333,0.201613,0.258065,5.6,9.2,4.13333,5.46667
22950,EAX,0,1,0.41129,6.93333,0.275,0.191667,0.306452,0.354839,7.6,6.4,6,8.26667
23000,EAX,0,0,0.317073,8.26667,0.226891,0.142857,0.325203,0.365854,8.66667,7.46667,8.13333,8
23050,EAX,0,0,0.403226,6.93333,0.0588235,0.403361,0.370968,0.41129,5.33333,10.4,7.46667,8.26667
23100,EAX,0,0,0.387097,5.86667,0.151261,0.302521,0.298387,0.41129,7.86667,8.53333,5.06667,8.13333
23150,EAX,0,0,0,0,0,0,0,0,0,0,0,0
23200,EAX,0,0,0.354839,6.4,0.0588235,0.378151,0.274194,0.25,6.26667,9.2,4.53333,5.46667
23250,EAX,0,1,0.532258,8.26667,0.0588235,0.512605,0.467742,0.25,5.73333,10.6667,6.4,5.2
23300,EAX,0,0,0.290323,6,0.15,0.2,0.330645,0.362903,7.6,7.2,7.73333,6.53333
23350,EAX,0,0,0.41129,6.8,0.0672269,0.411765,0.153226,0.403226,6,10,2.8,6.66667
23400,EAX,0,0,0.193548,3.2,0.0588235,0.201681,0.346774,0.241935,4.53333,6.26667,6.93333,6.26667
23450,EAX,0,0,0.370968,7.46667,0.12605,0.344538,0.314516,0.145161,6.13333,9.73333,6.13333,2.8
23500,EAX,0,0,0.169355,3.6,0.0666667,0.175,0.201613,0.258065,5.46667,6.66667,5.6,4.53333
23550,EAX,0,0,0.217742,5.06667,0.133333,0.141667,0.0403226,0.177419,6.26667,8.53333,0.8,4.26667
23600,EAX,0,0,0.403226,6.13333,0.310924,0.176471,0.219512,0.463415,8.66667,7.2,4.26667,7.46667
23650,EAX,0,0,0.25,3.33333,0.140496,0.190083,0.274194,0.193548,4.26667,5.46667,5.06667,2.93333
23700,EAX,0,0,0.258065,4.13333,0.075,0.25,0.258065,0.258065,4.8,8.66667,4.26667,3.73333
23750,EAX,0,0,0.25,4.53333,0.0588235,0.260504,0.233871,0.274194,5.2,8,5.2,6.66667
23800,EAX,0,0,0.357724,6.8,0.151261,0.260504,0.274194,0.266129,7.2,8.13333,4.53333,5.73333
23850,EAX,0,0,0.314516,7.06667,0.241667,0.15,0.403226,0.209677,5.86667,6.8,6.66667,4.66667
23900,EAX,0,1,0.398374,8.53333,0.05,0.391667,0.354839,0.306452,5.73333,10.9333,6,6.4
23950,EAX,0,0,0.266129,3.6,0.0840336,0.252101,0.298387,0.266129,5.2,7.33333,5.86667,4.26667
24000,EAX,0,0,0.266129,5.2,0.166667,0.175,0.379032,0.370968,6.93333,6.4,8,9.06667
24050,EAX,0,0,0.258065,4,0.0588235,0.277311,0.306452,0.354839,8,7.73333,5.6,5.46667
24100,EAX,0,1,0.379032,6.13333,0.235294,0.210084,0.306452,0.274194,9.33333,8.4,5.33333,4
24150,EAX,0,0,0.475806,9.6,0.168067,0.369748,0.274194,0.443548,9.33333,9.33333,5.2,8.66667
24200,EAX,0,0,0.33871,4.93333,0.0916667,0.308333,0.290323,0.395161,5.2,8.26667,4.8,7.86667
24250,EAX,0,0,0.346774,6.26667,0.0672269,0.336134,0.330645,0.233871,6,9.73333,6.4,4.26667
24300,EAX,0,0,0.298387,5.46667,0.327731,0.0588235,0.241935,0.233871,7.86667,5.2,3.86667,3.46667
24350,EAX,0,0,0.266129,3.33333,0.0588235,0.277311,0.284553,0.308943,5.86667,8.93333,6.66667,7.33333
24400,EAX,0,0,0.516129,10,0.05,0.525,0.370968,0.451613,3.86667,11.3333,7.86667,8.53333
24450,EAX,0,0,0.387097,5.46667,0.225,0.258333,0.362903,0.346774,7.2,8.26667,6.4,7.6
24500,EAX,0,1,0.354839,5.86667,0.0672269,0.344538,0.258065,0.475806,6,7.33333,5.73333,8.13333
24550,EAX,0,0,0.491935,9.86667,0.0588235,0.487395,0.290323,0.451613,8,11.0667,6,8.66667
24600,EAX,0,0,0.387097,6.66667,0.151261,0.302521,0.298387,0.314516,8.13333,7.46667,4.8,8
24650,EAX,0,0,0.330645,5.2,0.291667,0.116667,0.370968,0.379032,8.8,6.26667,6.93333,5.86667
24700,EAX,0,0,0.282258,5.86667,0.0588235,0.294118,0.153226,0.33871,6.8,10.9333,3.73333,6.8
24750,EAX,0,0,0.209677,3.33333,0.092437,0.184874,0.306452,0.314516,5.46667,6.4,6.53333,6.26667
24800,EAX,0,0,0.308943,6.13333,0.144068,0.211864,0.379032,0.354839,8.4,9.46667,8,6.13333
24850,EAX,0,0,0.314516,5.86667,0.243697,0.117647,0.349593,0.284553,9.33333,7.2,7.86667,5.33333
24900,EAX,0,1,0.333333,7.86667,0.168067,0.226891,0.41129,0.306452,6.8,8.8,8.4,6
24950,EAX,0,0,0.298387,5.46667,0.0840336,0.310924,0.306452,0.233871,6.66667,8.26667,6,4.66667
25000,EAX,0,0,0.395161,6.93333,0.341667,0.116667,0.241935,0.346774,9.46667,6,3.46667,5.06667
25050,EAX,0,0,0.435484,7.46667,0.198347,0.305785,0.258065,0.395161,6.26667,8.8,3.6,8.13333
25100,EAX,0,0,0.459677,10,0.092437,0.445378,0.16129,0.427419,8,11.4667,4,8.66667
25150,EAX,0,0,0.298387,7.6,0.109244,0.252101,0.274194,0.314516,7.46667,11.4667,5.33333,6
25200,EAX,0,0,0.354839,4.93333,0.0588235,0.344538,0.241935,0.330645,5.73333,9.46667,3.6,4.26667
25250,EAX,0,0,0.233871,2.66667,0.0588235,0.226891,0.241935,0.403226,6.4,8.53333,5.46667,6.93333
25300,EAX,0,1,0.354839,5.86667,0.075,0.341667,0.322581,0.25,6.53333,8.4,4,4.26667
25350,EAX,0,1,0.41129,7.6,0.396694,0.0826446,0.346774,0.266129,8.8,4.8,5.73333,3.86667
25400,EAX,0,1,0.290323,4.53333,0.159664,0.193277,0.346774,0.169355,6.26667,6.8,5.2,4
25450,EAX,0,1,0.33871,6.13333,0.344538,0.0672269,0.336,0.168,9.86667,5.86667,6.93333,1.86667
25500,EAX,0,0,0.387097,8,0.140496,0.289256,0.274194,0.33871,6.4,9.6,4.93333,6.66667
25550,EAX,0,0,0.314516,7.6,0.0916667,0.291667,0.314516,0.306452,6.13333,8.66667,6.66667,5.06667
25600,EAX,1,1,0,0,0,0,0,0,0,0,0,0
25650,EAX,0,0,0.406504,7.46667,0.0504202,0.403361,0.41129,0.346774,6.93333,10.1333,8.66667,7.2
25700,EAX,0,0,0.274194,7.73333,0.142857,0.226891,0.308943,0.300813,7.06667,7.86667,6.26667,7.33333
25750,EAX,0,0,0.193548,3.06667,0.193277,0.0840336,0.330645,0.314516,8.53333,6.26667,7.46667,6
25800,EAX,0,0,0.314516,7.06667,0.0588235,0.327731,0.25,0.330645,6.26667,9.6,3.33333,5.46667
25850,EAX,0,0,0.387097,6.53333,0.0588235,0.369748,0.233871,0.314516,6.53333,9.73333,3.46667,5.86667
25900,EAX,0,0,0.403226,8.13333,0.0583333,0.383333,0.137097,0.403226,4.8,11.2,1.6,8.13333
25950,EAX,0,0,0.322581,6.93333,0.151261,0.243697,0.362903,0.387097,6.26667,9.6,5.33333,7.2
26000,EAX,0,0,0.419355,7.6,0.05,0.408333,0.330645,0.25,5.06667,9.46667,5.73333,5.06667
26050,EAX,0,0,0.322581,3.86667,0.108333,0.275,0.379032,0.354839,5.46667,7.2,6.13333,5.6
26100,EAX,0,1,0.314516,5.86667,0.157025,0.206612,0.282258,0.314516,7.33333,9.6,5.2,5.46667
26150,EAX,0,0,0.382114,6.66667,0.05,0.383333,0.333333,0.276423,4.13333,9.73333,5.33333,4.4
26200,EAX,0,0,0.266129,5.46667,0.0588235,0.277311,0.290323,0.225806,6.26667,9.06667,4.93333,4.53333
26250,EAX,0,0,0.443548,8.26667,0.12605,0.369748,0.290323,0.451613,4.8,9.33333,5.06667,7.33333
26300,EAX,0,0,0.298387,7.06667,0.0588235,0.302521,0.290323,0.419355,5.6,9.6,5.73333,7.33333
26350,EAX,0,0,0.370968,6.13333,0.319328,0.109244,0.330645,0.282258,9.6,6.93333,5.86667,4
26400,EAX,0,0,0.322581,6.4,0.336134,0.0588235,0.349593,0.211382,10.9333,6,7.6,4.26667
26450,EAX,0,0,0.266129,4.4,0.0588235,0.260504,0.314516,0.258065,5.86667,9.2,6.53333,6.13333
26500,EAX,0,0,0.379032,6.26667,0.319328,0.12605,0.382114,0.333333,9.06667,5.86667,8.53333,6.53333
26550,EAX,0,0,0.398374,7.06667,0.225,0.225,0.403226,0.306452,8.26667,8.4,6.8,6.93333
26600,EAX,0,0,0.137097,3.33333,0.134454,0.0756303,0.317073,0.341463,6.8,7.2,5.86667,6.66667
26650,EAX,0,0,0.398374,7.33333,0.0508475,0.364407,0.322581,0.217742,6.4,11.2,6.66667,3.33333
26700,EAX,0,0,0.365854,7.2,0.352941,0.0756303,0.395161,0.241935,9.33333,5.86667,8.26667,4.26667
26750,EAX,0,0,0.282258,5.86667,0.310924,0.0420168,0.217742,0.258065,10.1333,5.46667,4.66667,4.4
26800,EAX,0,0,0.419355,7.86667,0.0588235,0.445378,0.475806,0.354839,6,11.3333,8.53333,9.33333
26850,EAX,0,1,0.282258,5.2,0.0840336,0.268908,0.322581,0.266129,6.8,10.1333,6.26667,7.2
26900,EAX,0,1,0.443548,7.46667,0.0588235,0.445378,0.368,0.384,5.73333,9.6,6,7.33333
26950,EAX,0,0,0.346774,5.73333,0.0672269,0.352941,0.290323,0.233871,6.4,10.6667,4.13333,5.33333
27000,EAX,0,0,0.201613,3.73333,0.151261,0.12605,0.225806,0.290323,6.93333,6.53333,5.33333,6
27050,EAX,0,0,0.341463,6.93333,0.319328,0.0756303,0.300813,0.390244,10.4,7.86667,5.2,7.33333
27100,EAX,0,1,0.298387,7.46667,0.151261,0.218487,0.322581,0.209677,8.8,8.53333,6.66667,4.4
27150,EAX,0,1,0.0967742,1.06667,0.05,0.108333,0.185484,0.169355,4.93333,5.46667,2.13333,1.73333
27200,EAX,0,0,0.370968,7.73333,0.0916667,0.358333,0.145161,0.314516,7.2,8.13333,3.06667,6.4
27250,EAX,0,1,0.330645,4.26667,0.0588235,0.344538,0.306452,0.330645,6.13333,9.46667,5.46667,5.2
27300,EAX,0,1,0.306452,6.13333,0.258333,0.125,0.379032,0.298387,10.4,7.73333,8,6
27350,EAX,0,1,0.451613,8.66667,0.12605,0.386555,0.306452,0.41129,6.26667,12.2667,6,8.26667
27400,EAX,0,0,0.217742,4.8,0.141667,0.133333,0.370968,0.217742,6,5.46667,6.4,5.33333
27450,EAX,0,0,0.266129,4.66667,0.0672269,0.277311,0.403226,0.346774,5.2,8.13333,5.73333,6.8
27500,EAX,0,0,0.370968,7.33333,0.0588235,0.369748,0.379032,0.379032,6.13333,9.6,7.2,7.2
27550,EAX,0,0,0.354839,6,0.233333,0.183333,0.422764,0.463415,7.33333,7.86667,7.06667,8.26667
27600,EAX,0,0,0.354839,6.13333,0.327731,0.10084,0.317073,0.357724,8.93333,6,6.26667,5.73333
27650,EAX,0,0,0.390244,7.2,0.0504202,0.394958,0.298387,0.330645,4.53333,8.53333,4.8,6.4
27700,EAX,0,0,0.306452,7.33333,0.336134,0.0588235,0.25,0.314516,10.1333,6.26667,4.66667,6.93333
27750,EAX,0,0,0.322581,5.86667,0.0588235,0.327731,0.439024,0.414634,5.6,9.2,7.33333,7.33333
27800,EAX,0,0,0.33871,6.26667,0.159664,0.235294,0.25,0.370968,7.33333,7.2,4.66667,8.4
27850,EAX,0,1,0.333333,6.13333,0.3,0.0833333,0.448,0.408,9.06667,7.46667,8.93333,8.93333
27900,EAX,0,1,0.290323,6,0.0672269,0.285714,0.185484,0.370968,5.06667,8.93333,2.8,6.4
27950,EAX,0,0,0.25,4.53333,0.258333,0.0333333,0.258065,0.225806,8.13333,4.93333,4.26667,3.86667
28000,EAX,0,0,0.443548,7.33333,0.0504202,0.445378,0.414634,0.292683,7.2,9.2,8.13333,5.33333
28050,EAX,0,0,0.290323,6.26667,0.0756303,0.277311,0.185484,0.233871,8,8.66667,4.4,4.26667
28100,EAX,0,0,0.282258,5.06667,0.294118,0.0672269,0.370968,0.274194,8.4,6.66667,6.66667,5.2
28150,EAX,0,1,0.379032,7.06667,0.0756303,0.361345,0.33871,0.370968,5.06667,9.46667,5.46667,8.13333
28200,EAX,0,0,0.325203,7.33333,0.134454,0.252101,0.260163,0.308943,6.4,9.86667,5.2,7.86667
28250,EAX,0,0,0.419355,8.4,0.0756303,0.420168,0.362903,0.419355,5.46667,10.5333,7.33333,8.13333
28300,EAX,0,0,0.398374,8.13333,0.0916667,0.358333,0.362903,0.362903,6.53333,10,5.6,7.6
28350,EAX,0,0,0.290323,7.06667,0.05,0.308333,0.290323,0.266129,5.73333,9.6,5.6,7.06667
28400,EAX,0,0,0.233871,3.33333,0.0583333,0.233333,0.325203,0.308943,5.06667,6.93333,6.13333,5.46667
28450,EAX,0,0,0.330645,5.2,0.226891,0.168067,0.314516,0.33871,8.8,4.93333,5.86667,5.86667
28500,EAX,0,0,0.25,4.53333,0.0756303,0.226891,0.129032,0.25,5.6,8.13333,2,4.8
28550,EAX,0,0,0.322581,6.13333,0.0583333,0.325,0.354839,0.387097,4.66667,8.8,6.8,6.66667
28600,EAX,0,0,0.414634,6.93333,0.0672269,0.386555,0.330645,0.330645,5.2,9.2,5.73333,6.53333
28650,EAX,0,0,0.398374,6.53333,0.159664,0.294118,0.306452,0.241935,6.8,9.2,5.33333,4
28700,EAX,0,1,0.379032,7.33333,0.243697,0.201681,0.41129,0.362903,8.93333,7.33333,7.86667,6.8
28750,EAX,0,0,0.365854,6.93333,0.159664,0.260504,0.314516,0.266129,6.53333,9.33333,6.4,5.2
28800,EAX,0,0,0.317073,5.2,0.0932203,0.271186,0.349593,0.349593,6.13333,8.26667,5.2,7.06667
28850,EAX,0,0,0.25,4.13333,0.168067,0.134454,0.308943,0.333333,8.93333,6.13333,6.53333,7.2
28900,EAX,0,0,0.209677,3.33333,0.0583333,0.25,0.284553,0.300813,4.53333,7.06667,7.33333,6.8
28950,EAX,0,1,0.362903,7.6,0.319328,0.10084,0.370968,0.346774,9.46667,8.53333,6.53333,5.06667
29000,EAX,0,0,0.314516,5.2,0.0672269,0.327731,0.387097,0.370968,7.86667,8.26667,6.26667,8
29050,EAX,0,0,0.322581,5.06667,0.0756303,0.285714,0.282258,0.25,6.26667,7.46667,4.4,4.8
29100,EAX,0,0,0.266129,7.2,0.0588235,0.260504,0.193548,0.314516,4.4,8.93333,3.46667,8.26667
29150,EAX,0,0,0.306452,5.73333,0.142857,0.243697,0.233871,0.209677,6.93333,7.33333,4.13333,2.8
29200,EAX,0,0,0.451613,7.2,0.268908,0.260504,0.435484,0.282258,7.86667,8.8,7.86667,3.2
29250,EAX,0,0,0.33871,7.2,0.341667,0.0416667,0.325203,0.308943,10.4,5.6,6.13333,5.6
29300,EAX,0,1,0.298387,4.66667,0.107438,0.231405,0.33871,0.201613,7.6,8.26667,5.33333,2.93333
29350,EAX,0,0,0.266129,5.33333,0.176471,0.159664,0.137097,0.298387,10.4,8.13333,4.66667,7.2
29400,EAX,0,1,0.33871,6.4,0.184874,0.218487,0.395161,0.169355,6.26667,9.2,7.33333,3.06667
29450,EAX,0,1,0.346774,6.4,0.166667,0.258333,0.224,0.32,6.13333,6,3.6,5.06667
29500,EAX,0,0,0.354839,7.46667,0.133333,0.291667,0.406504,0.382114,7.6,8.93333,8.8,10.1333
29550,EAX,0,0,0.362903,6.8,0.0420168,0.369748,0.314516,0.354839,5.33333,8.4,4.8,7.2
29600,EAX,0,0,0.41129,9.06667,0.0672269,0.420168,0.403226,0.419355,5.73333,10.8,6.4,7.46667
29650,EAX,0,0,0.414634,7.2,0.12605,0.344538,0.406504,0.349593,7.46667,9.46667,6.93333,6.8
29700,EAX,0,1,0.282258,5.46667,0.0504202,0.285714,0.330645,0.225806,5.6,9.6,6.8,5.73333
29750,EAX,0,0,0.430894,8.26667,0.0588235,0.420168,0.390244,0.382114,5.06667,10.2667,7.46667,6.4
29800,EAX,0,0,0.387097,7.46667,0.0420168,0.386555,0.258065,0.306452,7.33333,9.6,4.66667,6.93333
29850,EAX,0,1,0.459677,8.4,0.0583333,0.5,0.209677,0.451613,4.93333,11.0667,4.53333,8.26667
29900,EAX,0,0,0.217742,3.86667,0.0672269,0.235294,0.298387,0.201613,5.2,7.6,5.6,4.4
29950,EAX,0,0,0.459677,8.66667,0.166667,0.358333,0.282258,0.41129,7.86667,11.0667,4.8,8.26667
30000,EAX,0,0,0.520325,9.73333,0.521008,0.0504202,0.512195,0.162602,10.8,5.06667,9.06667,1.73333
30050,EAX,0,0,0.387097,6.13333,0.218487,0.218487,0.308943,0.308943,8.53333,8.53333,6.13333,5.06667
30100,EAX,0,0,0.25,5.46667,0.0588235,0.260504,0.137097,0.298387,5.6,8.4,1.6,5.6
30150,EAX,0,1,0.370968,6.53333,0.05,0.366667,0.290323,0.354839,6.13333,8.26667,6,8.53333
30200,EAX,0,0,0.330645,5.86667,0.0666667,0.308333,0.193548,0.379032,7.46667,9.06667,3.2,8.13333
30250,EAX,0,0,0.370968,6.13333,0.218487,0.226891,0.292683,0.317073,6.66667,8,5.2,6
30300,EAX,0,1,0.306452,6.4,0.252101,0.117647,0.322581,0.177419,9.33333,8,5.73333,4.53333
30350,EAX,0,0,0.308943,6.93333,0.117647,0.260504,0.25,0.298387,8.93333,8.66667,4.93333,6.26667
30400,EAX,0,0,0.290323,5.06667,0.0588235,0.302521,0.16129,0.282258,8.53333,10.6667,1.73333,6
30450,EAX,0,0,0.370968,7.2,0.0588235,0.378151,0.308943,0.357724,5.86667,10,6.26667,7.06667
30500,EAX,0,0,0.406504,8.93333,0.358333,0.1,0.333333,0.333333,8.26667,7.2,7.6,6
30550,EAX,0,1,0.290323,5.73333,0.0588235,0.302521,0.193548,0.25,5.2,9.2,3.06667,5.2
30600,EAX,0,1,0.322581,6.13333,0.268908,0.12605,0.370968,0.330645,8.53333,5.86667,7.2,6.4
30650,EAX,0,0,0.370968,6.66667,0.0583333,0.35,0.317073,0.357724,5.46667,10.4,6.13333,5.86667
30700,EAX,0,1,0.325203,7.6,0.310924,0.0756303,0.330645,0.137097,9.86667,7.06667,6.93333,2.26667
30750,EAX,0,0,0.185484,5.06667,0.176471,0.0756303,0.341463,0.284553,7.73333,4.8,7.06667,4.93333
30800,EAX,0,1,0.0725806,1.6,0.1,0.0416667,0.25,0.241935,5.2,4.66667,5.06667,5.06667
30850,EAX,0,1,0.330645,6.13333,0.336134,0.0672269,0.298387,0.395161,10.2667,5.33333,5.6,6.93333
30900,EAX,0,1,0.25,4.8,0.243697,0.0756303,0.376,0.32,8.13333,5.73333,8.4,8.13333
30950,EAX,0,0,0.439024,8.53333,0.0504202,0.420168,0.390244,0.252033,4.13333,10.5333,7.6,6.26667
31000,EAX,0,0,0.414634,6.8,0.294118,0.176471,0.252033,0.357724,7.06667,6.4,3.33333,6.53333
31050,EAX,0,0,0.306452,7.06667,0.0420168,0.319328,0.33871,0.387097,6.13333,10.8,5.2,6.13333
31100,EAX,0,0,0.435484,5.6,0.0504202,0.436975,0.387097,0.346774,5.33333,9.46667,5.6,6.93333
31150,EAX,0,1,0.314516,6.66667,0.092437,0.302521,0.241935,0.379032,5.73333,10.1333,5.33333,9.33333
31200,EAX,0,0,0.314516,7.73333,0.243697,0.159664,0.306452,0.241935,7.73333,6.53333,6.26667,5.6
31250,EAX,0,1,0.177419,3.73333,0.0504202,0.201681,0.322581,0.266129,8.4,9.46667,5.73333,5.06667
31300,EAX,0,0,0.333333,4.53333,0.118644,0.262712,0.241935,0.298387,7.33333,8.53333,4.53333,5.33333
31350,EAX,0,0,0.0967742,1.46667,0.117647,0.0588235,0.300813,0.284553,6.66667,6.8,7.2,6.66667
31400,EAX,0,0,0.241935,6.13333,0.151261,0.159664,0.276423,0.398374,8.8,7.2,5.86667,8.53333
31450,EAX,0,0,0.483871,8.8,0.125,0.408333,0.403226,0.403226,4,9.73333,5.73333,6.66667
31500,EAX,0,1,0.314516,6.8,0.319328,0.0588235,0.427419,0.379032,9.73333,5.86667,9.86667,8.26667
31550,EAX,0,1,0.346774,7.46667,0.158333,0.283333,0.370968,0.266129,9.2,9.73333,5.6,4.26667
31600,EAX,0,0,0.346774,7.73333,0.0672269,0.344538,0.406504,0.463415,5.86667,9.33333,7.73333,9.6
31650,EAX,0,0,0.317073,6,0.0420168,0.319328,0.370968,0.25,4.26667,8.66667,7.33333,5.6
31700,EAX,0,0,0.379032,7.6,0.092437,0.361345,0.274194,0.354839,6.66667,10.2667,4.66667,5.46667
31750,EAX,0,0,0.25,4.4,0.12605,0.201681,0.346774,0.322581,6.26667,6.26667,7.06667,6
31800,EAX,0,0,0.330645,6.53333,0.0756303,0.327731,0.325203,0.365854,8,8.66667,5.6,5.86667
31850,EAX,0,1,0.209677,2.66667,0.0583333,0.225,0.306452,0.346774,6.93333,9.06667,5.06667,5.06667
31900,EAX,0,0,0.357724,7.33333,0.0756303,0.352941,0.387097,0.362903,4.26667,9.06667,7.46667,8.4
31950,EAX,0,0,0.298387,6,0.0420168,0.302521,0.341463,0.357724,5.46667,7.6,6.4,6
32000,EAX,0,0,0.322581,7.33333,0.0588235,0.327731,0.177419,0.346774,6.8,8.93333,2,6.4
32050,EAX,0,0,0.314516,5.73333,0.151261,0.226891,0.25,0.241935,6.13333,8.4,4.13333,3.6
32100,EAX,0,0,0.330645,5.73333,0.0756303,0.327731,0.325203,0.373984,6.26667,9.2,7.2,8.26667
32150,EAX,0,0,0.258065,4.4,0.141667,0.158333,0.314516,0.322581,7.06667,6.26667,6,5.6
32200,EAX,0,0,0.112903,0.8,0.0583333,0.116667,0.276423,0.243902,4.4,4.8,4.26667,4
32250,EAX,0,1,0.387097,8,0.109244,0.344538,0.225806,0.427419,6.4,10,3.6,7.6
32300,EAX,0,1,0.314516,5.6,0.0588235,0.319328,0.241935,0.354839,6,10.1333,4.13333,6.66667
32350,EAX,0,1,0.225806,2.26667,0.0666667,0.225,0.256,0.256,5.86667,6.4,4.53333,4.13333
32400,EAX,0,1,0.357724,8,0.0420168,0.352941,0.266129,0.395161,4.8,10,5.6,7.06667
32450,EAX,0,1,0.354839,7.2,0.05,0.35,0.258065,0.346774,5.06667,8.66667,6.13333,6.8
32500,EAX,0,0,0.330645,6.26667,0.0672269,0.327731,0.398374,0.349593,6.4,10,6.93333,7.06667
32550,EAX,0,1,0.354839,7.33333,0.294118,0.142857,0.274194,0.346774,9.33333,6.13333,5.33333,6
32600,EAX,0,1,0.422764,7.6,0.0588235,0.411765,0.483871,0.169355,5.33333,10.1333,9.33333,3.33333
32650,EAX,0,1,0.390244,9.06667,0.277311,0.159664,0.419355,0.112903,8.53333,9.73333,8.26667,2.93333
32700,EAX,0,1,0.330645,7.6,0.05,0.341667,0.290323,0.241935,5.6,10.6667,3.73333,6.53333
32750,EAX,0,0,0.298387,5.33333,0.0588235,0.277311,0.365854,0.357724,5.73333,9.33333,5.73333,8.4
32800,EAX,0,0,0.298387,5.2,0.168067,0.201681,0.382114,0.365854,6.13333,6.93333,8.13333,6.93333
32850,EAX,0,0,0.455285,7.86667,0.193277,0.310924,0.33871,0.258065,5.46667,9.86667,6.13333,4.26667
32900,EAX,0,0,0.290323,6.66667,0.285714,0.0840336,0.317073,0.292683,9.46667,6.4,6.4,6
32950,EAX,0,0,0.282258,5.73333,0.277311,0.0588235,0.314516,0.137097,8.26667,4.26667,5.46667,2.93333
33000,EAX,0,0,0.370968,8,0.0420168,0.378151,0.258065,0.290323,5.2,10.6667,5.2,4.93333
33050,EAX,0,0,0.379032,6.93333,0.0833333,0.333333,0.112903,0.435484,5.46667,9.2,1.33333,7.33333
33100,EAX,0,0,0.387097,6.93333,0.0756303,0.369748,0.209677,0.354839,5.73333,9.2,3.73333,7.46667
33150,EAX,0,0,0.241935,6.66667,0.15,0.15,0.308943,0.284553,8.13333,9.46667,6,6.66667
33200,EAX,0,1,0.370968,8.13333,0.2,0.25,0.241935,0.379032,5.46667,7.6,4.8,9.2
33250,EAX,0,0,0.241935,4.53333,0.243697,0.0588235,0.290323,0.145161,7.2,5.2,4.26667,2.13333
33300,EAX,0,0,0.306452,6.26667,0.193277,0.235294,0.314516,0.346774,6.53333,7.73333,5.06667,7.2
33350,EAX,0,0,0.185484,2.66667,0.175,0.0583333,0.258065,0.169355,8,5.33333,5.2,3.33333
33400,EAX,0,0,0.419355,7.86667,0.168067,0.344538,0.365854,0.349593,8.66667,9.46667,6.8,7.06667
33450,EAX,0,0,0.33871,7.46667,0.0840336,0.344538,0.260163,0.333333,7.73333,10.1333,3.46667,8.26667
33500,EAX,0,0,0.258065,5.06667,0.159664,0.168067,0.322581,0.274194,7.46667,8.8,6,3.33333
33550,EAX,0,0,0.266129,5.33333,0.15,0.175,0.282258,0.451613,5.46667,7.73333,6.26667,7.86667
33600,EAX,0,0,0.314516,5.2,0.0578512,0.330579,0.201613,0.346774,3.73333,7.33333,1.73333,5.6
33650,EAX,0,0,0.354839,6.13333,0.117647,0.294118,0.266129,0.427419,7.46667,8.4,4.93333,7.06667
33700,EAX,0,0,0.406504,8.26667,0.233333,0.233333,0.354839,0.185484,7.6,9.6,7.33333,4.13333
33750,EAX,0,0,0.395161,6.13333,0.05,0.425,0.306452,0.379032,4.53333,9.06667,4.26667,5.46667
33800,EAX,0,0,0.274194,4.66667,0.0504202,0.268908,0.298387,0.282258,6.4,8.53333,4.93333,5.73333
33850,EAX,0,0,0.349593,7.6,0.0672269,0.336134,0.298387,0.362903,4.93333,8,4.26667,8.66667
33900,EAX,0,0,0.233871,5.2,0.0991736,0.214876,0.346774,0.274194,4.8,6.8,6,5.86667
33950,EAX,0,0,0.0967742,1.46667,0.117647,0.0588235,0.387097,0.403226,6.66667,6.8,7.73333,7.46667
34000,EAX,0,0,0.298387,5.06667,0.092437,0.294118,0.406504,0.463415,6.4,10.8,7.2,8
34050,EAX,0,0,0.333333,5.46667,0.285714,0.092437,0.322581,0.298387,8.93333,5.46667,6.4,5.06667
34100,EAX,0,0,0.346774,6.4,0.0420168,0.352941,0.258065,0.370968,5.86667,9.06667,4.66667,7.6
34150,EAX,0,1,0.354839,8,0.285714,0.117647,0.217742,0.298387,10.8,6.53333,4.53333,6
34200,EAX,0,0,0.169355,2.13333,0.0666667,0.166667,0.185484,0.153226,6.93333,6.26667,1.73333,1.6
34250,EAX,0,0,0.217742,4.4,0.0420168,0.210084,0.193548,0.201613,7.6,8.53333,2.93333,3.6
34300,EAX,0,0,0.306452,6.13333,0.10084,0.268908,0.201613,0.25,6.93333,8.4,2.93333,6.13333
34350,EAX,0,0,0.282258,6.26667,0.225,0.15,0.282258,0.346774,7.06667,5.46667,6.13333,5.6
34400,EAX,0,0,0.422764,8,0.0666667,0.425,0.435484,0.346774,3.6,10.1333,7.06667,6.53333
34450,EAX,0,0,0.379032,8.53333,0.0588235,0.386555,0.33871,0.443548,5.6,10.1333,7.46667,6.8
34500,EAX,0,0,0.362903,6.4,0.125,0.291667,0.430894,0.414634,5.6,9.33333,8,7.06667
34550,EAX,0,0,0.403226,7.6,0.319328,0.151261,0.266129,0.370968,9.33333,7.6,6.13333,6.8
34600,EAX,0,0,0.346774,8.4,0.15,0.266667,0.357724,0.325203,7.46667,8.93333,7.46667,7.73333
34650,EAX,0,0,0.217742,4.93333,0.1,0.175,0.25,0.274194,6.93333,6.66667,3.73333,6.53333
34700,EAX,0,0,0.193548,3.06667,0.092437,0.184874,0.284553,0.365854,4.8,8.66667,4.4,6.53333
34750,EAX,0,0,0.0645161,0.533333,0.0588235,0.0840336,0.217742,0.16129,5.2,5.33333,4.53333,4.26667
34800,EAX,0,0,0.387097,6.13333,0.25,0.216667,0.387097,0.0967742,10.1333,7.06667,5.46667,1.73333
34850,EAX,0,0,0.266129,5.6,0.134454,0.201681,0.258065,0.306452,5.2,8.26667,4.53333,6.66667
34900,EAX,0,1,0.298387,5.86667,0.302521,0.0756303,0.346774,0.282258,10.2667,7.33333,6.8,6
34950,EAX,0,0,0.129032,3.06667,0.142857,0.0588235,0.300813,0.268293,7.86667,7.33333,7.46667,6
35000,EAX,0,1,0.370968,6.26667,0.0588235,0.386555,0.314516,0.330645,5.33333,10.2667,6,7.06667
35050,EAX,0,0,0.422764,7.46667,0.277311,0.193277,0.430894,0.357724,9.06667,8.66667,8.93333,7.33333
35100,EAX,0,0,0.346774,8.26667,0.226891,0.184874,0.258065,0.282258,6.93333,7.6,6,6.53333
35150,EAX,0,0,0.290323,5.2,0.277311,0.092437,0.290323,0.193548,8.66667,5.6,5.33333,4.66667
35200,EAX,0,0,0.346774,7.33333,0.336134,0.092437,0.298387,0.233871,11.0667,6.66667,6.4,5.33333
35250,EAX,0,0,0.403226,7.73333,0.0420168,0.420168,0.266129,0.475806,7.33333,9.33333,5.33333,6.4
35300,EAX,0,0,0.379032,7.33333,0.0588235,0.403361,0.153226,0.362903,5.73333,10,3.73333,7.86667
35350,EAX,0,0,0.447154,9.06667,0.12605,0.369748,0.241935,0.467742,6.13333,10,5.6,10
35400,EAX,0,1,0.314516,6,0.225,0.141667,0.272,0.224,7.6,8.26667,5.6,4.13333
35450,EAX,0,0,0.5,9.6,0.403361,0.142857,0.483871,0.354839,10,6.66667,7.73333,5.46667
35500,EAX,0,0,0.341463,6.8,0.210084,0.201681,0.443548,0.370968,10.2667,8,8.26667,8.13333
35550,EAX,0,1,0.41129,6.4,0.275,0.191667,0.322581,0.225806,6.4,5.86667,4.66667,2.93333
35600,EAX,0,0,0.398374,6.66667,0.25,0.208333,0.354839,0.233871,6.13333,8.66667,7.2,4.8
35650,EAX,0,0,0.258065,6.26667,0.168067,0.176471,0.290323,0.346774,7.2,8.66667,4.53333,5.2
35700,EAX,0,0,0.25,6.53333,0.15,0.183333,0.330645,0.387097,5.73333,6.4,7.6,8
35750,EAX,0,0,0.379032,6.53333,0.0672269,0.411765,0.290323,0.370968,6,8.53333,5.73333,7.86667
35800,EAX,0,0,0,0,0,0,0.0483871,0.0483871,0,0,0.266667,0.266667
35850,EAX,0,0,0.330645,5.33333,0.176471,0.226891,0.290323,0.193548,7.86667,7.86667,4.66667,4.53333
35900,EAX,0,0,0.41129,7.46667,0.285714,0.193277,0.241935,0.306452,7.6,7.33333,4.66667,4.13333
35950,EAX,0,1,0.406504,7.46667,0.0504202,0.403361,0.346774,0.306452,5.2,9.06667,5.46667,6
36000,EAX,0,1,0.314516,4.66667,0.294118,0.10084,0.330645,0.233871,10.6667,6.13333,6.53333,4.93333
36050,EAX,0,0,0.379032,8,0.0588235,0.394958,0.379032,0.298387,5.46667,10.6667,6.4,7.06667
36100,EAX,0,0,0.322581,5.6,0.0588235,0.336134,0.325203,0.341463,6.8,10.1333,7.33333,7.86667
36150,EAX,0,0,0.322581,7.6,0.0504202,0.327731,0.365854,0.333333,6.4,8.13333,6.4,6.53333
36200,EAX,0,0,0.459677,7.6,0.4,0.1,0.455285,0.357724,9.2,6.26667,8.8,6.4
36250,EAX,0,0,0.322581,8.66667,0.166667,0.216667,0.209677,0.274194,7.33333,8.4,4.66667,6.26667
36300,EAX,0,0,0.33871,6.13333,0.327731,0.0672269,0.322581,0.274194,9.33333,6.13333,6.4,5.86667
36350,EAX,0,0,0.225806,7.06667,0.176471,0.134454,0.292683,0.349593,9.86667,8.4,5.6,5.6
36400,EAX,0,0,0.258065,4.8,0.0672269,0.268908,0.314516,0.201613,5.33333,7.73333,7.33333,6.53333
36450,EAX,0,0,0.346774,5.46667,0.277311,0.151261,0.365854,0.292683,9.46667,7.06667,7.2,4.66667
36500,EAX,0,1,0.33871,6,0.175,0.225,0.330645,0.33871,6.4,6,5.86667,6.26667
36550,EAX,0,0,0.354839,6.4,0.141667,0.291667,0.266129,0.233871,4.93333,8.4,4.13333,3.2
36600,EAX,0,0,0.362903,7.46667,0.366667,0.0333333,0.290323,0.298387,9.2,4.26667,5.2,6.26667
36650,EAX,0,1,0.322581,5.46667,0.05,0.316667,0.0967742,0.379032,4.66667,7.73333,1.46667,7.06667
36700,EAX,0,0,0.403226,6.66667,0.319328,0.134454,0.325203,0.276423,10.5333,7.6,6.53333,5.06667
36750,EAX,0,0,0.282258,6.13333,0.268908,0.092437,0.354839,0.290323,10.4,7.2,5.33333,4.66667
36800,EAX,0,1,0.33871,5.46667,0.108333,0.291667,0.306452,0.201613,5.6,9.06667,6,3.46667
36850,EAX,0,0,0.354839,6.26667,0.260504,0.159664,0.258065,0.395161,8.8,7.2,4,6.8
36900,EAX,0,0,0.330645,5.73333,0.125,0.275,0.233871,0.387097,6.8,6.4,3.2,6
36950,EAX,0,0,0.314516,7.33333,0.158333,0.225,0.430894,0.333333,6.13333,8.66667,8.13333,7.2
37000,EAX,0,0,0.330645,5.2,0.266667,0.125,0.395161,0.387097,8,9.06667,6.8,7.86667
37050,EAX,0,0,0.225806,3.46667,0.0672269,0.235294,0.314516,0.290323,4.8,6,5.86667,5.46667
37100,EAX,0,0,0.33871,6,0.266667,0.108333,0.290323,0.25,8,7.46667,7.2,3.6
37150,EAX,0,1,0.33871,5.46667,0.226891,0.201681,0.443548,0.346774,8.13333,6.93333,8.53333,6.66667
37200,EAX,0,0,0.439024,8.8,0.260504,0.235294,0.443548,0.241935,7.73333,7.33333,8.8,4.4
37250,EAX,0,0,0.427419,7.06667,0.0840336,0.394958,0.370968,0.370968,6.26667,11.2,7.2,5.73333
37300,EAX,0,0,0.341463,7.06667,0.134454,0.260504,0.41129,0.274194,6.4,8,9.46667,7.86667
37350,EAX,0,0,0.298387,5.2,0.109244,0.243697,0.346774,0.379032,7.46667,9.86667,7.6,6.4
37400,EAX,0,0,0.290323,7.73333,0.0840336,0.277311,0.241935,0.354839,5.2,10.5333,5.06667,8.53333
37450,EAX,0,1,0.241935,6.8,0.10084,0.210084,0.25,0.193548,6.8,9.2,4.93333,3.33333
37500,EAX,0,0,0.373984,7.06667,0.10084,0.344538,0.308943,0.430894,7.06667,8.66667,4.4,6.93333
37550,EAX,0,1,0.33871,5.73333,0.12605,0.268908,0.314516,0.346774,8.26667,10.2667,5.46667,5.6
37600,EAX,0,1,0.354839,5.6,0.0583333,0.341667,0.282258,0.298387,4.4,9.2,5.06667,6.4
37650,EAX,0,1,0.395161,7.6,0.0588235,0.403361,0.266129,0.362903,5.86667,10.4,4.93333,7.6
37700,EAX,0,0,0.354839,6.93333,0.05,0.366667,0.387097,0.443548,5.6,8.93333,8.4,7.46667
37750,EAX,0,0,0.427419,9.2,0.0588235,0.428571,0.266129,0.362903,6.4,10.9333,3.46667,8.8
37800,EAX,0,0,0.266129,7.2,0.3,0.0333333,0.387097,0.290323,11.7333,4.53333,7.2,6.4
37850,EAX,0,0,0.395161,8.53333,0.0840336,0.378151,0.322581,0.362903,5.73333,10.1333,5.2,8
37900,EAX,0,1,0.467742,7.73333,0.445378,0.109244,0.282258,0.346774,12.6667,6.53333,5.6,4.93333
37950,EAX,0,0,0.406504,9.2,0.358333,0.108333,0.427419,0.298387,11.4667,5.86667,7.6,5.46667
38000,EAX,0,0,0.387097,8.53333,0.275,0.158333,0.225806,0.346774,9.33333,6.26667,4.13333,6.26667
38050,EAX,0,0,0.282258,7.33333,0.158333,0.191667,0.284553,0.268293,7.6,6.66667,6.93333,5.86667
38100,EAX,0,0,0.395161,8,0.369748,0.10084,0.333333,0.447154,9.33333,6.8,6.66667,9.73333
38150,EAX,0,0,0.33871,6.8,0.0756303,0.344538,0.145161,0.33871,5.86667,10.5333,2.93333,6.13333
38200,EAX,0,0,0.41129,7.06667,0.325,0.158333,0.314516,0.225806,8.13333,4.8,4.8,4.4
38250,EAX,0,0,0.306452,6.8,0.05,0.308333,0.112903,0.322581,4.8,8.13333,1.2,6.93333
38300,EAX,0,0,0.406504,6.8,0.327731,0.151261,0.346774,0.274194,8.93333,7.73333,6.66667,4.26667
38350,EAX,0,0,0.258065,4.53333,0.0756303,0.252101,0.233871,0.33871,6.66667,8.13333,5.33333,6
38400,EAX,0,0,0.346774,6.26667,0.0588235,0.344538,0.16129,0.330645,6.4,11.0667,2.66667,8
38450,EAX,0,1,0.346774,4.53333,0.109244,0.302521,0.395161,0.330645,5.06667,8.13333,7.06667,6.8
38500,EAX,0,1,0.387097,8.66667,0.208333,0.225,0.362903,0.387097,7.06667,8.8,6.66667,8.8
38550,EAX,0,0,0.322581,7.6,0.268908,0.117647,0.346774,0.258065,6.93333,7.2,6.4,3.86667
38600,EAX,0,0,0.41129,8.53333,0.361345,0.109244,0.264,0.456,10.2667,8.13333,4.66667,8.53333
38650,EAX,0,1,0.25,3.46667,0.142857,0.176471,0.274194,0.379032,5.06667,5.46667,4.93333,6.4
38700,EAX,0,0,0.528455,8.93333,0.433333,0.141667,0.491935,0.209677,11.4667,8,8.93333,4.8
38750,EAX,0,0,0.300813,3.86667,0.0504202,0.310924,0.266129,0.370968,8.26667,10.9333,4.26667,6.26667
38800,EAX,0,0,0.439024,8.8,0.277311,0.201681,0.41129,0.41129,10.6667,7.06667,9.2,8.26667
38850,EAX,0,0,0.306452,5.46667,0.3,0.075,0.292683,0.357724,7.86667,5.6,6.13333,6
38900,EAX,0,0,0.274194,4.66667,0.092437,0.243697,0.306452,0.104839,8.4,8.4,5.2,1.2
38950,EAX,0,0,0,0,0,0,0,0,0,0,0,0
39000,EAX,0,0,0.266129,6,0.092437,0.277311,0.357724,0.284553,7.73333,10.5333,8.4,6.13333
39050,EAX,0,0,0.314516,4.8,0.132231,0.256198,0.306452,0.330645,5.33333,5.46667,5.86667,5.33333
39100,EAX,0,0,0.306452,7.86667,0.310924,0.0672269,0.322581,0.266129,10.8,7.86667,6,6.26667
39150,EAX,0,0,0.33871,6,0.159664,0.226891,0.241935,0.290323,8,8.26667,3.73333,5.2
39200,EAX,0,0,0.354839,7.86667,0.0756303,0.336134,0.177419,0.395161,5.33333,10.1333,3.06667,7.6
39250,EAX,0,1,0.266129,5.73333,0.0504202,0.294118,0.282258,0.346774,5.33333,8.4,4.66667,6
39300,EAX,0,0,0.451613,9.46667,0.0672269,0.478992,0.225806,0.5,4.8,11.0667,3.73333,9.2
39350,EAX,0,0,0.430894,6.4,0.0672269,0.411765,0.365854,0.455285,6.8,10.5333,7.2,8.93333
39400,EAX,0,0,0.330645,7.33333,0.0756303,0.310924,0.349593,0.317073,5.6,9.33333,5.73333,8
39450,EAX,0,0,0.266129,5.73333,0.0588235,0.277311,0.308943,0.300813,8.4,10.1333,5.46667,5.46667
39500,EAX,0,1,0.193548,1.86667,0.0588235,0.210084,0.145161,0.129032,5.86667,8.66667,2.53333,2.4
39550,EAX,0,0,0.370968,6.53333,0.0583333,0.391667,0.322581,0.354839,5.06667,10.5333,6.66667,6.26667
39600,EAX,0,0,0.333333,6,0.0677966,0.313559,0.322581,0.258065,6.8,9.86667,6,4.66667
39650,EAX,0,1,0.33871,6,0.0588235,0.319328,0.314516,0.217742,5.33333,10.8,5.33333,4.53333
39700,EAX,0,1,0.406504,7.73333,0.394958,0.0756303,0.346774,0.258065,11.3333,7.2,7.2,4.4
39750,EAX,0,0,0.25,5.2,0.233333,0.05,0.260163,0.195122,7.6,5.6,5.2,4
39800,EAX,0,0,0.370968,6.4,0.0756303,0.352941,0.217742,0.346774,6,10.6667,3.33333,5.6
39850,EAX,0,0,0.137097,3.33333,0.05,0.133333,0.284553,0.333333,4.4,6,6.66667,7.06667
39900,EAX,0,0,0.258065,4.26667,0.0672269,0.268908,0.33871,0.274194,5.86667,6.8,6.93333,4.8
39950,EAX,0,1,0.314516,6.13333,0.151261,0.268908,0.16129,0.209677,7.6,8.8,3.46667,4.4
40000,EAX,0,0,0.357724,6.4,0.352941,0.0756303,0.403226,0.25,8.26667,4.93333,7.33333,2.8
40050,EAX,0,1,0.306452,5.86667,0.0833333,0.275,0.306452,0.153226,5.6,7.6,6,2.8
40100,EAX,0,0,0.451613,9.06667,0.352941,0.159664,0.395161,0.306452,10.4,6.4,6.8,4.8
40150,EAX,0,1,0.346774,6.66667,0.0840336,0.319328,0.225806,0.346774,5.86667,9.46667,4.4,7.33333
40200,EAX,0,0,0.169355,2.8,0.175,0.05,0.330645,0.322581,6.26667,4.8,7.73333,7.46667
40250,EAX,0,0,0.314516,6.66667,0.117647,0.277311,0.284553,0.252033,6.66667,8.13333,4.8,7.2
40300,EAX,0,0,0.354839,5.6,0.193277,0.226891,0.322581,0.266129,6.8,8.66667,5.86667,5.46667
40350,EAX,0,0,0.395161,8.13333,0.159664,0.327731,0.330645,0.314516,7.06667,7.46667,6.8,5.33333
40400,EAX,0,1,0.41129,8.93333,0.05,0.4,0.201613,0.451613,4.66667,11.0667,3.86667,8.4
40450,EAX,0,0,0.443548,9.06667,0.333333,0.175,0.282258,0.33871,9.86667,8.66667,5.73333,7.2
40500,EAX,0,0,0.0806452,0.8,0.108333,0.0333333,0.112903,0.0403226,5.6,5.2,1.06667,0.266667
