iteration,crossover_type,nbMoves,nbLoopsLS,m1,m2,m3,m4,m5,m6,m7,m8,m9,swapStar,nbMovesRepair,nbLoopsRepair,m1r,m2r,m3r,m4r,m5r,m6r,m7r,m8r,m9r,swapStarR,time_crossover,time_LS,ratio_crossover_LS
0,UOX,656,6,191,19,15,115,50,27,4,94,84,57,108,5,38,2,0,18,6,4,0,12,14,14,0.00691711,0.0311,0.222415
10,UOX,608,5,141,15,14,119,50,19,4,109,79,58,0,0,0,0,0,0,0,0,0,0,0,0,0.00681607,0.0164816,0.413557
20,UOX,644,5,152,14,8,140,58,20,6,111,69,66,0,0,0,0,0,0,0,0,0,0,0,0,0.00677264,0.0174582,0.387934
30,UOX,692,6,168,31,13,126,62,21,6,96,79,90,0,0,0,0,0,0,0,0,0,0,0,0,0.00676865,0.0205022,0.330142
40,UOX,608,6,137,18,9,131,61,23,8,84,63,74,114,4,31,3,2,26,8,3,0,14,9,18,0.00667986,0.03027,0.220676
50,UOX,639,5,156,12,12,149,63,24,5,75,74,69,124,5,38,3,6,16,5,9,0,16,16,15,0.00677385,0.0338232,0.200272
60,UOX,632,7,161,15,18,126,50,21,3,88,75,75,153,5,43,5,1,23,10,5,1,14,17,34,0.00688339,0.0320831,0.214549
70,UOX,633,7,166,11,21,124,45,31,5,85,78,67,0,0,0,0,0,0,0,0,0,0,0,0,0.00669716,0.0194836,0.343733
80,UOX,636,4,157,13,13,121,66,33,10,92,82,49,187,5,55,3,2,27,14,5,1,20,15,45,0.00670384,0.0305412,0.219501
90,UOX,629,5,146,11,16,116,69,24,10,107,63,67,0,0,0,0,0,0,0,0,0,0,0,0,0.00658287,0.0182031,0.361635
100,UOX,663,5,148,15,8,123,62,30,5,115,97,60,0,0,0,0,0,0,0,0,0,0,0,0,0.00674836,0.0195964,0.344367
110,UOX,679,5,170,15,11,144,65,24,7,106,67,70,0,0,0,0,0,0,0,0,0,0,0,0,0.00671535,0.0183987,0.364991
120,UOX,624,5,173,15,11,107,49,24,8,91,78,68,0,0,0,0,0,0,0,0,0,0,0,0,0.0068164,0.0186974,0.364565
130,UOX,662,5,159,14,14,133,50,17,3,92,87,93,87,6,16,1,0,10,4,4,2,13,9,28,0.00690416,0.0324347,0.212863
140,UOX,576,5,156,18,13,129,43,13,0,79,65,60,122,6,35,2,1,20,10,3,2,11,9,29,0.00674818,0.0298512,0.22606
150,UOX,698,4,173,13,15,128,49,29,9,123,68,91,54,5,15,1,1,9,5,3,0,7,2,11,0.00676447,0.0299668,0.225732
160,UOX,673,5,175,13,24,129,55,18,9,109,53,88,0,0,0,0,0,0,0,0,0,0,0,0,0.00687953,0.019279,0.35684
170,UOX,748,5,202,21,21,143,64,25,7,114,69,82,0,0,0,0,0,0,0,0,0,0,0,0,0.00677672,0.0196552,0.344779
180,UOX,669,6,172,14,15,130,57,17,4,97,83,80,0,0,0,0,0,0,0,0,0,0,0,0,0.00677909,0.0191978,0.353118
190,UOX,759,5,177,26,13,161,61,29,8,99,93,92,0,0,0,0,0,0,0,0,0,0,0,0,0.00685613,0.0203549,0.336829
200,UOX,606,5,146,10,10,102,54,27,8,114,65,70,245,6,60,8,3,37,18,6,2,26,26,59,0.00660175,0.039514,0.167074
210,UOX,680,5,157,19,13,117,58,25,7,117,80,87,60,5,17,4,1,15,2,0,0,3,4,14,0.00667621,0.0301833,0.221189
220,UOX,656,6,149,12,6,131,59,25,9,98,75,92,0,0,0,0,0,0,0,0,0,0,0,0,0.00682522,0.0195734,0.348698
230,UOX,625,6,126,15,12,111,57,31,8,101,76,88,35,5,12,1,0,8,3,0,0,3,2,6,0.00677068,0.0279619,0.242139
240,UOX,653,4,144,11,18,127,49,21,3,107,78,95,110,6,23,2,2,13,7,4,1,17,14,27,0.00674685,0.0309617,0.21791
250,UOX,667,6,141,19,12,133,63,33,2,120,67,77,33,4,10,1,0,4,2,0,0,3,2,11,0.00674078,0.0328994,0.204891
260,UOX,563,5,136,10,11,133,40,15,5,96,65,52,3,3,0,0,0,1,0,0,1,0,1,0,0.00684963,0.0230211,0.297537
270,UOX,685,8,150,24,10,127,61,25,7,112,84,85,0,0,0,0,0,0,0,0,0,0,0,0,0.0068655,0.0205182,0.334605
280,UOX,626,7,152,16,14,118,44,16,6,111,58,91,112,4,31,1,0,18,8,8,1,14,13,18,0.00682495,0.0292314,0.23348
290,UOX,725,5,156,17,20,133,84,21,7,122,85,80,0,0,0,0,0,0,0,0,0,0,0,0,0.00674049,0.0190498,0.353836
300,UOX,745,5,176,20,13,141,77,19,3,109,67,120,103,5,21,2,3,15,6,3,0,12,10,31,0.00679301,0.0335997,0.202174
310,UOX,612,5,157,17,10,103,61,26,2,91,62,83,0,0,0,0,0,0,0,0,0,0,0,0,0.0068796,0.0175439,0.392137
320,UOX,620,5,173,9,14,117,52,22,2,104,56,71,0,0,0,0,0,0,0,0,0,0,0,0,0.00687096,0.0175629,0.391219
330,UOX,665,6,172,15,11,115,60,23,3,99,80,87,0,0,0,0,0,0,0,0,0,0,0,0,0.00674725,0.0206863,0.326169
340,UOX,620,4,139,19,12,114,59,29,5,113,70,60,257,5,74,5,3,41,14,6,1,34,28,51,0.00673925,0.0358322,0.188078
350,UOX,584,7,165,15,13,118,49,10,4,93,62,55,0,0,0,0,0,0,0,0,0,0,0,0,0.00677068,0.0201739,0.335616
360,UOX,693,6,165,12,12,130,67,22,5,111,76,93,0,0,0,0,0,0,0,0,0,0,0,0,0.00695792,0.0210071,0.331218
370,UOX,693,6,175,16,10,128,54,27,1,106,76,100,0,0,0,0,0,0,0,0,0,0,0,0,0.00675327,0.0213222,0.316725
380,UOX,659,5,139,14,8,126,67,28,7,117,77,76,0,0,0,0,0,0,0,0,0,0,0,0,0.0067839,0.0175608,0.386308
390,UOX,683,9,182,25,6,117,51,23,6,109,83,81,0,0,0,0,0,0,0,0,0,0,0,0,0.00667813,0.0230748,0.289413
400,UOX,688,4,190,19,8,125,61,21,7,102,73,82,62,5,15,2,1,7,3,2,1,12,7,12,0.00673937,0.031661,0.21286
410,UOX,691,8,165,15,13,142,52,30,4,99,76,95,0,0,0,0,0,0,0,0,0,0,0,0,0.00663499,0.021984,0.30181
420,UOX,667,5,173,15,14,116,67,28,4,91,77,82,0,0,0,0,0,0,0,0,0,0,0,0,0.00670111,0.0186434,0.359436
430,UOX,739,6,169,17,19,130,72,34,6,121,80,91,0,0,0,0,0,0,0,0,0,0,0,0,0.00672743,0.0202253,0.332624
440,UOX,596,6,132,14,11,117,57,22,7,77,67,92,0,0,0,0,0,0,0,0,0,0,0,0,0.00673131,0.0197455,0.340903
450,UOX,642,5,160,11,11,120,47,24,7,106,62,94,0,0,0,0,0,0,0,0,0,0,0,0,0.00673885,0.0207066,0.325444
460,UOX,685,4,161,11,9,146,67,29,6,87,87,82,78,5,20,0,0,9,5,5,0,15,12,12,0.00684212,0.0287786,0.237751
470,UOX,679,7,166,20,12,123,79,32,10,105,62,70,0,0,0,0,0,0,0,0,0,0,0,0,0.00667228,0.019393,0.344055
480,UOX,731,7,165,16,10,158,60,34,8,116,70,94,0,0,0,0,0,0,0,0,0,0,0,0,0.00677235,0.0214053,0.316387
490,UOX,646,5,157,20,14,116,56,18,3,103,91,68,70,5,19,1,0,16,1,1,1,8,13,10,0.00675043,0.0292363,0.230892
500,UOX,646,5,130,15,9,140,66,29,8,89,64,96,0,0,0,0,0,0,0,0,0,0,0,0,0.006685,0.0202913,0.329451
510,UOX,726,6,178,26,14,130,57,24,13,105,73,106,102,5,32,2,0,7,17,1,0,9,16,18,0.00672138,0.031855,0.210999
520,UOX,693,5,167,14,3,146,46,30,6,108,89,84,0,0,0,0,0,0,0,0,0,0,0,0,0.00668792,0.017728,0.377252
530,UOX,726,7,172,15,17,143,71,32,6,96,67,107,0,0,0,0,0,0,0,0,0,0,0,0,0.0067605,0.023102,0.292637
540,UOX,802,9,191,18,14,145,72,27,3,122,98,112,0,0,0,0,0,0,0,0,0,0,0,0,0.00669995,0.0246566,0.271731
550,UOX,748,7,181,18,23,139,60,29,11,117,69,101,69,5,23,1,0,8,0,1,0,14,9,13,0.00680786,0.0366752,0.185625
560,UOX,680,6,151,15,18,132,69,25,3,115,80,72,0,0,0,0,0,0,0,0,0,0,0,0,0.00694917,0.0184636,0.376371
570,UOX,717,6,163,16,8,152,77,25,5,98,71,102,0,0,0,0,0,0,0,0,0,0,0,0,0.00690256,0.020166,0.342287
580,UOX,654,5,165,13,12,127,56,26,4,90,86,75,0,0,0,0,0,0,0,0,0,0,0,0,0.00678949,0.0184166,0.368662
590,UOX,606,5,151,15,13,127,59,12,9,92,55,73,0,0,0,0,0,0,0,0,0,0,0,0,0.00672994,0.0180172,0.373529
600,UOX,794,6,174,13,20,162,60,31,8,125,107,94,0,0,0,0,0,0,0,0,0,0,0,0,0.00677066,0.0233955,0.2894
610,UOX,747,5,156,13,8,142,88,39,5,116,73,107,36,6,8,3,1,3,3,2,0,1,4,11,0.00675063,0.0296431,0.22773
620,UOX,743,4,170,15,20,145,72,28,10,112,72,99,0,0,0,0,0,0,0,0,0,0,0,0,0.0068082,0.0184263,0.369482
630,UOX,727,5,181,10,7,143,57,33,8,105,82,101,32,5,3,0,0,5,2,0,0,1,4,17,0.0068189,0.0294017,0.231922
640,UOX,611,5,145,11,15,121,51,18,3,101,74,72,0,0,0,0,0,0,0,0,0,0,0,0,0.00676154,0.0180833,0.37391
650,UOX,689,6,186,24,11,110,62,17,9,107,77,86,0,0,0,0,0,0,0,0,0,0,0,0,0.00674832,0.0214912,0.314003
660,UOX,686,7,167,17,12,140,57,29,9,109,72,74,35,4,12,0,0,5,4,0,0,4,6,4,0.00677903,0.0264194,0.256593
670,UOX,0,3,0,0,0,0,0,0,0,0,0,0,0,0,0,0,0,0,0,0,0,0,0,0,0.000185351,0.00662972,0.0279576
680,UOX,712,6,161,20,15,138,60,24,9,87,92,106,0,0,0,0,0,0,0,0,0,0,0,0,0.0066798,0.0228723,0.292048
690,UOX,747,7,160,12,12,150,77,25,7,120,76,108,0,0,0,0,0,0,0,0,0,0,0,0,0.00665088,0.0220864,0.30113
700,UOX,730,5,186,20,13,138,77,20,7,109,69,91,73,6,17,0,0,11,4,2,0,14,10,15,0.00686056,0.0350114,0.195952
710,UOX,702,5,171,21,13,136,68,22,6,94,74,97,0,0,0,0,0,0,0,0,0,0,0,0,0.00671563,0.019642,0.341901
720,UOX,742,6,150,22,14,165,45,26,7,120,101,92,0,0,0,0,0,0,0,0,0,0,0,0,0.00683317,0.0199419,0.342654
730,UOX,761,5,187,25,12,160,66,36,7,101,78,89,96,6,25,3,3,8,5,5,1,13,7,26,0.0067367,0.0330785,0.203658
740,UOX,708,5,142,17,13,154,55,27,5,121,84,90,7,3,1,0,0,1,0,1,0,2,0,2,0.00674654,0.0268082,0.25166
750,UOX,676,5,172,14,8,137,69,21,5,105,79,66,0,0,0,0,0,0,0,0,0,0,0,0,0.00683023,0.0192995,0.353907
760,UOX,626,5,160,18,13,131,45,26,5,89,68,71,0,0,0,0,0,0,0,0,0,0,0,0,0.00666327,0.0172267,0.3868
770,UOX,796,9,165,19,26,150,82,34,6,133,84,97,73,5,22,4,2,9,6,1,0,11,1,17,0.00677232,0.0370942,0.182571
780,UOX,656,6,160,18,9,139,56,22,9,93,45,105,105,6,24,2,3,19,12,1,1,15,10,18,0.00673181,0.0353817,0.190262
790,UOX,657,6,152,21,11,119,48,22,10,113,64,97,80,5,16,1,3,17,7,2,3,10,5,16,0.00674094,0.0300845,0.224067
800,UOX,724,6,166,18,14,139,63,22,6,106,81,109,0,0,0,0,0,0,0,0,0,0,0,0,0.00674417,0.0227972,0.295833
810,UOX,668,8,127,17,9,132,61,32,2,101,80,107,0,0,0,0,0,0,0,0,0,0,0,0,0.00675036,0.0222497,0.303391
820,UOX,612,6,160,10,13,128,49,25,6,98,49,74,51,4,13,0,2,4,3,2,0,6,8,13,0.00671872,0.0288496,0.232887
830,UOX,628,5,137,16,7,130,66,21,6,105,75,65,0,0,0,0,0,0,0,0,0,0,0,0,0.00676199,0.0169132,0.399805
840,UOX,606,4,158,10,12,112,67,13,6,94,54,80,0,0,0,0,0,0,0,0,0,0,0,0,0.00667421,0.0169841,0.392968
850,UOX,713,6,162,19,12,133,78,29,2,121,79,78,16,3,3,0,0,2,4,0,0,4,2,1,0.00670531,0.0306298,0.218915
860,UOX,731,5,192,19,12,150,58,20,8,106,63,103,35,6,9,1,0,6,5,1,0,5,5,3,0.00677486,0.028825,0.235034
870,UOX,642,6,125,21,13,145,58,23,7,101,70,79,29,4,5,0,0,2,2,2,0,4,5,9,0.00671479,0.0282462,0.237724
880,UOX,710,6,157,13,14,140,61,38,9,97,74,107,0,0,0,0,0,0,0,0,0,0,0,0,0.00674799,0.0200733,0.336167
890,UOX,647,5,142,14,12,135,65,20,1,107,54,97,0,0,0,0,0,0,0,0,0,0,0,0,0.00673517,0.0203714,0.330619
900,UOX,700,5,170,19,13,151,74,17,10,89,63,94,0,0,0,0,0,0,0,0,0,0,0,0,0.0067121,0.0225101,0.298182
910,UOX,789,5,156,13,8,156,92,22,11,122,92,117,0,0,0,0,0,0,0,0,0,0,0,0,0.00681983,0.0206489,0.330275
920,UOX,657,5,141,19,17,147,49,22,5,100,71,86,0,0,0,0,0,0,0,0,0,0,0,0,0.00677891,0.0178093,0.380639
930,UOX,713,6,150,16,22,130,76,30,1,106,92,90,0,0,0,0,0,0,0,0,0,0,0,0,0.0068597,0.0199897,0.343162
940,UOX,713,5,172,17,14,136,63,16,6,111,77,101,0,0,0,0,0,0,0,0,0,0,0,0,0.00674926,0.0191081,0.353214
950,UOX,725,6,176,9,16,135,66,30,6,115,73,99,122,5,24,6,3,14,9,4,0,25,12,25,0.0067685,0.0366805,0.184526
960,UOX,671,5,131,11,13,155,50,22,11,104,72,102,0,0,0,0,0,0,0,0,0,0,0,0,0.00680737,0.0190321,0.357678
970,UOX,707,6,197,19,8,151,60,12,5,101,80,74,24,4,1,3,0,5,2,2,0,4,1,6,0.00691678,0.027007,0.256111
980,UOX,634,5,136,23,7,124,60,25,7,109,70,73,0,0,0,0,0,0,0,0,0,0,0,0,0.00683481,0.0176541,0.387152
990,UOX,821,7,190,17,20,152,70,26,6,132,105,103,0,0,0,0,0,0,0,0,0,0,0,0,0.00680296,0.0222697,0.305481
1000,UOX,612,7,159,29,14,114,55,19,6,83,58,75,76,6,23,1,1,10,4,2,0,10,8,17,0.00686724,0.0358547,0.19153
1010,UOX,636,6,154,21,12,116,60,37,4,90,73,69,0,0,0,0,0,0,0,0,0,0,0,0,0.00675417,0.0188259,0.35877
1020,UOX,680,6,156,13,10,136,66,31,5,101,71,91,53,6,16,1,2,6,3,1,0,8,5,11,0.00691534,0.0292117,0.236732
1030,UOX,713,8,176,16,10,139,60,24,8,112,78,90,0,0,0,0,0,0,0,0,0,0,0,0,0.0067223,0.0216927,0.309887
1040,UOX,718,7,148,18,16,143,79,28,8,114,63,101,0,0,0,0,0,0,0,0,0,0,0,0,0.00678636,0.0201478,0.336828
1050,UOX,774,7,203,14,17,149,56,34,9,108,86,98,0,0,0,0,0,0,0,0,0,0,0,0,0.00676227,0.0240549,0.281118
1060,UOX,727,6,170,15,12,133,72,33,6,110,78,98,22,3,7,0,2,2,2,1,0,4,1,3,0.00669824,0.0285474,0.234635
1070,UOX,812,6,194,17,11,144,72,40,6,130,75,123,0,0,0,0,0,0,0,0,0,0,0,0,0.00673185,0.0204029,0.329945
1080,UOX,743,7,161,10,11,155,68,20,10,109,90,109,0,0,0,0,0,0,0,0,0,0,0,0,0.00679789,0.0223795,0.303755
1090,UOX,865,6,207,22,20,147,78,34,9,148,112,88,0,0,0,0,0,0,0,0,0,0,0,0,0.0067568,0.0201982,0.334525
1100,UOX,729,5,183,12,9,128,64,31,9,126,81,86,0,0,0,0,0,0,0,0,0,0,0,0,0.00681895,0.0211913,0.321781
1110,UOX,781,7,177,13,7,152,71,34,7,116,99,105,0,0,0,0,0,0,0,0,0,0,0,0,0.00680326,0.0218291,0.31166
1120,UOX,645,5,167,16,11,121,52,19,10,102,71,76,0,0,0,0,0,0,0,0,0,0,0,0,0.00699696,0.0175868,0.397853
1130,UOX,704,5,170,22,11,113,68,33,4,116,82,85,46,5,9,0,2,10,2,1,2,5,5,10,0.00677371,0.0279607,0.242258
1140,UOX,691,6,171,16,13,121,67,29,7,116,64,87,4,3,0,0,0,1,0,0,0,0,1,2,0.00686833,0.0259314,0.264865
1150,UOX,622,5,167,15,12,117,61,23,2,96,60,69,0,0,0,0,0,0,0,0,0,0,0,0,0.00684253,0.0195119,0.350685
1160,UOX,676,5,173,18,14,122,61,36,3,99,80,70,0,0,0,0,0,0,0,0,0,0,0,0,0.00678498,0.0175944,0.385633
1170,UOX,659,5,194,24,11,107,47,18,13,104,79,62,0,0,0,0,0,0,0,0,0,0,0,0,0.00684893,0.0171537,0.399268
1180,UOX,728,7,158,23,10,119,79,32,8,119,73,107,40,6,13,0,2,5,2,1,0,4,4,9,0.00669583,0.0313882,0.213323
1190,UOX,659,5,157,14,12,128,40,15,11,111,93,78,36,4,16,2,0,3,0,0,0,4,5,6,0.0068145,0.0269277,0.253067
1200,UOX,704,6,144,15,15,158,73,19,8,99,73,100,3,3,0,0,0,1,0,0,0,0,0,2,0.00674788,0.0332641,0.202858
1210,UOX,637,6,149,17,12,136,62,28,5,85,78,65,104,5,20,3,2,16,8,1,0,12,12,30,0.00673426,0.0316648,0.212674
1220,UOX,725,6,161,13,14,126,61,20,3,137,82,108,0,0,0,0,0,0,0,0,0,0,0,0,0.00678069,0.0208012,0.325976
1230,UOX,632,6,150,23,14,119,64,28,4,88,62,80,80,4,30,0,2,10,5,3,0,9,9,12,0.0067764,0.0303479,0.22329
1240,UOX,696,7,180,13,17,159,49,23,7,92,80,76,0,0,0,0,0,0,0,0,0,0,0,0,0.00673679,0.0212029,0.31773
1250,UOX,723,6,150,17,17,143,67,30,5,105,73,116,0,0,0,0,0,0,0,0,0,0,0,0,0.00672739,0.0237748,0.282963
1260,UOX,662,6,153,11,13,111,58,34,7,109,78,88,4,3,0,1,0,2,0,0,0,0,1,0,0.00688518,0.0263739,0.261061
1270,UOX,680,6,182,19,15,127,61,21,9,101,64,81,0,0,0,0,0,0,0,0,0,0,0,0,0.00665886,0.01877,0.35476
1280,UOX,663,8,159,17,24,125,56,31,10,90,70,81,0,0,0,0,0,0,0,0,0,0,0,0,0.00670839,0.0230325,0.291257
1290,UOX,751,5,165,16,15,133,75,32,10,119,80,106,0,0,0,0,0,0,0,0,0,0,0,0,0.00679806,0.0186177,0.36514
1300,UOX,695,6,185,17,12,123,67,21,6,96,79,89,154,6,39,3,3,33,7,3,1,20,21,24,0.00663706,0.0369842,0.179457
1310,UOX,788,6,199,21,9,145,85,20,7,120,80,102,0,0,0,0,0,0,0,0,0,0,0,0,0.00683125,0.0206338,0.331071
1320,UOX,757,6,188,18,14,143,63,25,8,110,80,108,0,0,0,0,0,0,0,0,0,0,0,0,0.00678926,0.0221375,0.306686
1330,UOX,717,5,168,10,15,147,71,19,13,111,84,79,0,0,0,0,0,0,0,0,0,0,0,0,0.00675422,0.0195373,0.345709
1340,UOX,711,4,164,19,15,123,58,17,5,134,81,95,0,0,0,0,0,0,0,0,0,0,0,0,0.00690119,0.0174294,0.395951
1350,UOX,691,7,167,16,15,135,58,24,7,93,84,92,0,0,0,0,0,0,0,0,0,0,0,0,0.00663939,0.0228181,0.29097
1360,UOX,625,6,121,17,13,114,71,30,9,97,76,77,0,0,0,0,0,0,0,0,0,0,0,0,0.00672578,0.0189757,0.354441
1370,UOX,634,6,162,12,12,111,60,23,5,95,78,76,0,0,0,0,0,0,0,0,0,0,0,0,0.00681428,0.0192995,0.35308
1380,UOX,639,5,150,18,12,105,72,22,8,115,59,78,0,0,0,0,0,0,0,0,0,0,0,0,0.00668897,0.0188091,0.355624
1390,UOX,704,7,148,19,12,158,67,23,13,97,87,80,0,0,0,0,0,0,0,0,0,0,0,0,0.0067333,0.0210926,0.319226
1400,UOX,676,5,193,8,7,129,53,23,5,92,85,81,0,0,0,0,0,0,0,0,0,0,0,0,0.00674448,0.0199524,0.338028
1410,UOX,807,6,178,17,14,156,81,31,5,131,81,113,0,0,0,0,0,0,0,0,0,0,0,0,0.00692563,0.0215075,0.32201
1420,UOX,742,6,164,22,14,159,71,24,3,110,85,90,0,0,0,0,0,0,0,0,0,0,0,0,0.00679848,0.0220895,0.307769
1430,UOX,725,7,177,15,16,135,57,23,4,114,69,115,152,5,51,3,1,25,14,4,2,16,14,22,0.00668373,0.0345005,0.193729
1440,UOX,561,5,132,9,7,115,42,17,5,94,62,78,0,0,0,0,0,0,0,0,0,0,0,0,0.00692626,0.0170684,0.405794
1450,UOX,737,5,157,18,14,137,75,23,3,107,105,98,0,0,0,0,0,0,0,0,0,0,0,0,0.00666261,0.0213145,0.312585
1460,UOX,678,6,165,12,11,124,63,27,7,94,91,84,0,0,0,0,0,0,0,0,0,0,0,0,0.00685051,0.0193758,0.353561
1470,UOX,700,5,138,21,13,144,64,29,3,118,85,85,0,0,0,0,0,0,0,0,0,0,0,0,0.0067385,0.0200463,0.336147
1480,UOX,828,7,180,17,13,164,78,26,5,120,86,139,0,0,0,0,0,0,0,0,0,0,0,0,0.00670808,0.0221147,0.303332
1490,UOX,747,5,186,22,16,143,72,22,7,115,78,86,40,4,9,0,1,3,5,3,0,5,6,8,0.00672128,0.0275018,0.244394
1500,UOX,670,5,167,20,11,125,73,26,12,92,69,75,0,0,0,0,0,0,0,0,0,0,0,0,0.00682452,0.0202696,0.336687
1510,UOX,650,6,155,15,14,132,55,33,7,106,68,65,0,0,0,0,0,0,0,0,0,0,0,0,0.00666149,0.0178581,0.373023
1520,UOX,788,6,188,14,10,135,76,23,5,132,80,125,0,0,0,0,0,0,0,0,0,0,0,0,0.00680109,0.0231509,0.293772
1530,UOX,582,6,165,14,13,101,47,17,2,95,60,68,0,0,0,0,0,0,0,0,0,0,0,0,0.00677054,0.0188792,0.358624
1540,UOX,652,6,150,20,13,121,63,26,12,96,71,80,0,0,0,0,0,0,0,0,0,0,0,0,0.00676939,0.0191651,0.353215
1550,UOX,661,5,161,15,20,157,46,34,3,98,62,65,31,4,9,0,1,5,2,0,0,3,2,9,0.0067442,0.0301963,0.223345
1560,UOX,742,6,149,18,16,149,64,34,9,123,71,109,28,5,4,0,0,6,1,0,0,7,2,8,0.0067897,0.0293667,0.231204
1570,UOX,689,5,187,15,12,139,53,24,5,86,70,98,75,7,21,1,2,10,1,2,0,11,5,22,0.00678699,0.0317235,0.213942
1580,UOX,639,7,150,17,10,118,49,25,9,106,73,82,93,6,20,4,1,20,4,3,0,14,11,16,0.00689955,0.0311843,0.221251
1590,UOX,758,5,180,22,11,141,60,26,6,130,75,107,103,7,32,1,3,16,4,3,0,10,12,22,0.00666612,0.0321711,0.207208
1600,UOX,678,7,150,14,12,142,58,27,2,90,76,107,88,6,28,1,0,13,3,1,1,13,8,20,0.0066183,0.0373226,0.177327
1610,UOX,724,7,160,22,12,155,56,22,9,98,82,108,43,4,9,2,0,10,7,1,0,5,3,6,0.00672371,0.0313319,0.214596
1620,UOX,622,4,145,10,12,128,59,32,4,82,73,77,0,0,0,0,0,0,0,0,0,0,0,0,0.00677442,0.0176072,0.384753
1630,UOX,616,6,164,15,14,142,51,19,6,87,57,61,31,5,15,0,1,4,0,0,0,5,2,4,0.00669329,0.026445,0.253102
1640,UOX,669,5,157,20,20,121,73,34,6,89,66,83,0,0,0,0,0,0,0,0,0,0,0,0,0.0067557,0.0193142,0.349779
1650,UOX,638,5,164,15,7,113,53,27,4,86,78,91,0,0,0,0,0,0,0,0,0,0,0,0,0.00691677,0.0202342,0.341836
1660,UOX,646,5,141,14,13,137,75,30,5,73,62,96,0,0,0,0,0,0,0,0,0,0,0,0,0.00676354,0.0183031,0.36953
1670,UOX,703,7,145,11,16,144,80,24,7,84,85,107,57,4,15,3,0,4,9,2,0,9,7,8,0.00672056,0.032357,0.2077
1680,UOX,718,6,171,20,8,153,56,17,4,121,85,83,0,0,0,0,0,0,0,0,0,0,0,0,0.00691532,0.0193116,0.358092
1690,UOX,696,5,173,17,10,120,75,17,6,97,95,86,0,0,0,0,0,0,0,0,0,0,0,0,0.00674312,0.019105,0.352951
1700,UOX,768,7,166,14,17,145,71,29,1,127,81,117,0,0,0,0,0,0,0,0,0,0,0,0,0.00671518,0.0239044,0.280918
1710,UOX,717,6,169,13,11,122,73,21,7,133,88,80,0,0,0,0,0,0,0,0,0,0,0,0,0.00665871,0.0204096,0.326254
1720,UOX,717,5,181,16,15,135,79,23,7,106,80,75,42,5,8,1,1,5,4,0,0,5,4,14,0.00680081,0.02743,0.247933
1730,UOX,733,5,146,14,11,147,80,21,9,125,83,97,45,5,10,1,1,9,2,0,0,6,8,8,0.00686609,0.0280453,0.244822
1740,UOX,672,5,145,17,11,140,56,33,6,108,77,79,34,5,14,1,0,3,2,1,1,4,2,6,0.0067201,0.0281482,0.23874
1750,UOX,726,6,181,22,6,135,58,41,4,107,78,94,0,0,0,0,0,0,0,0,0,0,0,0,0.00675913,0.022241,0.303904
1760,UOX,680,5,153,12,8,154,50,25,3,95,57,123,0,0,0,0,0,0,0,0,0,0,0,0,0.00670627,0.0193347,0.346851
1770,UOX,743,6,201,15,6,153,79,24,3,102,71,89,61,4,23,3,3,7,6,2,0,9,3,5,0.00672315,0.0285768,0.235266
1780,UOX,715,5,178,15,8,134,63,28,3,117,79,90,19,4,2,0,2,2,0,1,0,1,2,9,0.00685322,0.0267112,0.256568
1790,UOX,723,6,183,14,13,134,59,28,3,124,73,92,0,0,0,0,0,0,0,0,0,0,0,0,0.00681939,0.02143,0.318217
1800,UOX,687,5,155,21,17,127,55,31,5,110,72,94,0,0,0,0,0,0,0,0,0,0,0,0,0.00693142,0.020839,0.332617
1810,UOX,759,5,184,18,14,147,88,24,8,96,86,94,0,0,0,0,0,0,0,0,0,0,0,0,0.0068142,0.0191527,0.355782
1820,UOX,732,6,153,11,16,162,61,27,7,113,86,96,0,0,0,0,0,0,0,0,0,0,0,0,0.00687763,0.0198975,0.345652
1830,UOX,721,5,182,23,11,139,64,31,2,105,66,98,33,4,6,1,1,2,2,2,0,3,2,14,0.00672391,0.0273518,0.245831
1840,UOX,647,6,159,15,16,126,68,22,6,91,69,75,0,0,0,0,0,0,0,0,0,0,0,0,0.00692766,0.0190176,0.364275
1850,UOX,676,6,164,17,14,128,79,29,10,88,58,89,8,3,1,0,0,3,1,0,0,1,1,1,0.00671311,0.0304799,0.220247
1860,UOX,778,6,159,22,13,160,81,29,7,114,82,111,0,0,0,0,0,0,0,0,0,0,0,0,0.00658998,0.0226808,0.290554
1870,UOX,743,7,188,19,10,138,66,24,6,110,78,104,56,4,14,1,0,10,2,0,0,9,5,15,0.0067697,0.0329874,0.205221
1880,UOX,660,6,154,20,10,125,64,25,12,104,63,83,39,4,8,1,1,5,2,4,0,7,7,4,0.00682252,0.0277852,0.245545
1890,UOX,648,5,171,12,13,107,75,20,5,99,76,70,0,0,0,0,0,0,0,0,0,0,0,0,0.00671667,0.017787,0.377617
1900,UOX,720,5,176,19,20,130,73,17,5,95,86,99,0,0,0,0,0,0,0,0,0,0,0,0,0.00668808,0.0219267,0.30502
1910,UOX,635,5,151,10,18,131,61,18,4,98,66,78,45,6,4,1,1,7,4,0,0,8,6,14,0.00675566,0.0305887,0.220854
1920,UOX,699,6,162,16,8,139,55,30,5,112,79,93,70,6,17,1,0,10,5,3,1,2,4,27,0.00684787,0.0316818,0.216145
1930,UOX,683,8,166,19,12,132,49,16,9,102,79,99,0,0,0,0,0,0,0,0,0,0,0,0,0.00679859,0.0237343,0.286446
1940,UOX,712,7,179,10,10,141,61,19,9,96,68,119,23,4,7,1,0,4,0,0,0,2,1,8,0.00669057,0.0303564,0.220401
1950,UOX,706,5,136,29,11,127,79,23,8,118,82,93,19,6,5,0,0,4,3,1,0,0,0,6,0.00694535,0.0304284,0.228252
1960,UOX,707,7,173,21,11,130,61,27,7,94,81,102,0,0,0,0,0,0,0,0,0,0,0,0,0.00669939,0.0205847,0.325454
1970,UOX,655,5,154,19,10,120,75,21,4,117,51,84,0,0,0,0,0,0,0,0,0,0,0,0,0.00683602,0.0193448,0.353377
1980,UOX,709,6,156,16,6,145,55,25,5,128,86,87,38,3,12,0,0,4,4,1,0,1,2,14,0.00678353,0.0276664,0.24519
1990,UOX,759,5,188,17,13,150,68,26,7,122,83,85,0,0,0,0,0,0,0,0,0,0,0,0,0.0068003,0.0193009,0.352331
2000,UOX,734,5,176,19,13,133,74,28,5,108,82,96,100,7,26,5,1,13,3,0,2,13,12,25,0.00676869,0.0354419,0.19098
2010,UOX,709,5,172,20,18,123,55,25,5,123,78,90,164,5,53,3,4,22,11,7,1,27,11,25,0.00673426,0.0328335,0.205103
2020,UOX,692,5,168,20,17,128,72,24,3,112,78,70,55,6,14,1,1,8,3,2,0,7,4,15,0.00673436,0.0290335,0.231951
2030,UOX,688,4,165,14,13,126,60,36,6,112,69,87,0,0,0,0,0,0,0,0,0,0,0,0,0.00677409,0.0168194,0.402753
2040,UOX,652,6,151,14,18,134,61,33,4,95,54,88,0,0,0,0,0,0,0,0,0,0,0,0,0.00666602,0.020219,0.32969
2050,UOX,714,6,183,26,6,118,60,32,6,112,71,100,30,4,7,0,1,8,0,4,0,2,3,5,0.00692309,0.0315397,0.219504
2060,UOX,679,5,165,24,17,122,73,24,4,98,66,86,0,0,0,0,0,0,0,0,0,0,0,0,0.00669435,0.0188612,0.354926
2070,UOX,655,4,165,17,7,123,52,35,4,98,85,69,0,0,0,0,0,0,0,0,0,0,0,0,0.00662049,0.0165148,0.400883
2080,UOX,700,5,185,20,10,137,57,35,3,107,68,78,72,6,23,8,3,8,2,4,0,9,7,8,0.00682474,0.0296638,0.23007
2090,UOX,629,5,154,11,10,123,59,20,6,100,81,65,85,5,29,1,2,7,8,5,1,11,5,16,0.00686668,0.0278416,0.246634
2100,UOX,661,5,151,22,10,116,63,22,15,107,63,92,95,5,23,0,2,15,4,2,1,10,11,27,0.00679761,0.0335362,0.202695
2110,UOX,664,6,160,11,15,127,66,29,3,89,58,106,0,0,0,0,0,0,0,0,0,0,0,0,0.00679073,0.0198928,0.341366
2120,UOX,690,6,164,19,11,147,83,22,4,96,83,61,0,0,0,0,0,0,0,0,0,0,0,0,0.00677858,0.0184354,0.367694
2130,UOX,734,6,189,21,9,146,56,16,4,110,98,85,54,3,21,1,1,6,8,1,0,8,4,4,0.00678569,0.0284209,0.238757
2140,UOX,735,6,167,15,14,145,60,30,8,99,80,117,71,5,23,3,2,7,5,1,0,11,8,11,0.00666794,0.0333163,0.20014
2150,UOX,693,7,161,29,14,136,58,25,5,105,66,94,0,0,0,0,0,0,0,0,0,0,0,0,0.00681337,0.0219112,0.310954
2160,UOX,645,7,168,10,13,130,61,21,5,88,65,84,8,3,3,0,0,0,1,1,0,2,1,0,0.00686079,0.0269948,0.254152
2170,UOX,0,3,0,0,0,0,0,0,0,0,0,0,24,5,9,1,1,3,1,0,0,2,2,5,0.000191641,0.0150766,0.0127112
2180,UOX,671,4,148,13,7,165,61,31,4,99,53,90,0,0,0,0,0,0,0,0,0,0,0,0,0.00673623,0.0176383,0.381909
2190,UOX,644,6,160,18,11,120,51,13,3,91,80,97,0,0,0,0,0,0,0,0,0,0,0,0,0.0066621,0.020075,0.33186
2200,UOX,728,5,153,20,12,156,71,31,4,111,83,87,0,0,0,0,0,0,0,0,0,0,0,0,0.00680393,0.0219066,0.310588
2210,UOX,656,5,153,25,19,119,61,27,5,86,76,85,0,0,0,0,0,0,0,0,0,0,0,0,0.00668575,0.0198311,0.337134
2220,UOX,700,7,136,18,15,141,53,23,7,111,90,106,90,5,16,1,2,16,9,4,0,12,8,22,0.00683299,0.0365807,0.186792
2230,UOX,685,5,153,14,7,134,60,30,9,102,81,95,1,3,0,0,0,0,0,0,0,0,1,0,0.00665496,0.0261954,0.254051
2240,UOX,696,6,148,24,4,153,67,25,5,115,83,72,19,5,2,0,0,4,2,1,0,2,0,8,0.0068365,0.026949,0.253682
2250,UOX,617,5,154,13,12,130,58,18,4,87,71,70,36,5,11,0,1,5,2,2,0,4,7,4,0.00661398,0.0313711,0.21083
2260,UOX,667,5,169,16,9,137,63,20,8,105,70,70,112,5,32,2,3,14,10,1,1,20,14,15,0.00670384,0.0292732,0.22901
2270,UOX,694,7,174,16,16,116,61,23,8,103,98,79,0,0,0,0,0,0,0,0,0,0,0,0,0.00684277,0.0212725,0.321671
2280,UOX,649,5,150,10,14,124,72,30,6,89,68,86,84,5,18,2,1,13,5,0,0,7,12,26,0.00677086,0.0292342,0.231607
2290,UOX,684,5,158,12,12,133,65,31,6,112,67,88,0,0,0,0,0,0,0,0,0,0,0,0,0.00680769,0.0189558,0.359135
2300,UOX,654,5,183,26,7,117,57,26,2,102,68,66,19,3,4,0,1,7,0,0,0,2,1,4,0.00684464,0.0294114,0.232721
2310,UOX,765,5,163,27,14,152,75,31,9,125,72,97,0,0,0,0,0,0,0,0,0,0,0,0,0.00690062,0.0188723,0.365649
2320,UOX,713,7,158,11,10,133,67,24,9,113,81,107,150,6,29,1,3,18,3,1,0,23,23,49,0.00673994,0.0356615,0.188997
2330,UOX,706,5,163,13,12,149,51,23,4,104,75,112,0,0,0,0,0,0,0,0,0,0,0,0,0.00683399,0.01909,0.357987
2340,UOX,648,8,140,14,13,126,52,25,5,96,94,83,0,0,0,0,0,0,0,0,0,0,0,0,0.00689554,0.0197953,0.348342
2350,UOX,716,9,188,15,13,134,51,28,6,120,75,86,0,0,0,0,0,0,0,0,0,0,0,0,0.00673068,0.0238964,0.281661
2360,UOX,597,5,139,13,9,109,64,17,10,90,60,86,0,0,0,0,0,0,0,0,0,0,0,0,0.00676774,0.0188532,0.358969
2370,UOX,705,6,165,9,8,144,79,21,7,107,70,95,72,6,22,1,1,6,3,0,0,6,7,26,0.00680525,0.0327562,0.207755
2380,UOX,738,9,176,13,12,142,70,26,6,107,63,123,0,0,0,0,0,0,0,0,0,0,0,0,0.00675994,0.0245506,0.275347
2390,UOX,650,6,166,15,6,117,65,25,7,100,68,81,25,4,1,1,1,4,3,2,0,1,1,11,0.00682032,0.0277234,0.246013
2400,UOX,755,7,196,17,11,150,54,28,6,111,86,96,3,3,1,0,0,1,0,0,0,0,0,1,0.00681993,0.0335226,0.203443
2410,UOX,731,6,153,10,16,150,71,24,4,117,77,109,0,0,0,0,0,0,0,0,0,0,0,0,0.00666915,0.0202795,0.328861
2420,UOX,682,11,151,16,16,125,62,27,4,103,72,106,0,0,0,0,0,0,0,0,0,0,0,0,0.00672826,0.0248208,0.271073
2430,UOX,690,5,141,21,14,133,62,21,10,114,71,103,0,0,0,0,0,0,0,0,0,0,0,0,0.00668554,0.0198337,0.33708
2440,UOX,665,5,158,16,15,125,50,26,6,113,70,86,100,8,29,3,2,10,3,2,1,11,11,28,0.00676691,0.0329645,0.205279
2450,UOX,691,5,175,21,12,128,68,35,6,100,64,82,0,0,0,0,0,0,0,0,0,0,0,0,0.0067763,0.021837,0.310313
2460,UOX,719,5,159,15,10,135,64,24,9,113,90,100,0,0,0,0,0,0,0,0,0,0,0,0,0.00682916,0.0202856,0.336651
2470,UOX,839,7,173,15,9,161,87,27,9,136,91,131,0,0,0,0,0,0,0,0,0,0,0,0,0.00666573,0.024596,0.271009
2480,UOX,679,6,146,17,8,137,68,24,6,109,76,88,68,4,23,2,0,9,4,0,1,10,5,14,0.00679427,0.0292308,0.232435
2490,UOX,663,10,186,13,9,122,51,25,11,92,56,98,63,5,18,0,0,13,6,1,0,6,5,14,0.00683405,0.0330158,0.206993
2500,UOX,770,5,156,16,11,152,88,30,4,118,82,113,0,0,0,0,0,0,0,0,0,0,0,0,0.00671737,0.0221204,0.303673
2510,UOX,621,7,165,17,5,116,56,20,5,84,77,76,23,5,8,0,0,3,1,1,0,1,3,6,0.00680093,0.0280055,0.242843
2520,UOX,672,6,152,17,12,137,53,25,5,117,70,84,125,7,41,1,0,20,4,4,0,18,15,22,0.0068787,0.0340416,0.202067
2530,UOX,591,5,129,17,8,112,56,29,4,85,72,79,0,0,0,0,0,0,0,0,0,0,0,0,0.00682651,0.0185814,0.367383
2540,UOX,617,4,133,15,10,136,53,25,4,110,61,70,5,3,1,1,0,0,0,1,0,2,0,0,0.00681445,0.0218772,0.311486
2550,UOX,765,7,174,16,13,158,55,28,10,119,82,110,0,0,0,0,0,0,0,0,0,0,0,0,0.00681877,0.0237453,0.287162
2560,UOX,644,7,145,15,15,134,50,22,7,124,61,71,0,0,0,0,0,0,0,0,0,0,0,0,0.00677663,0.0193998,0.349313
2570,UOX,630,4,146,14,12,120,61,26,7,86,72,86,151,5,26,4,2,22,7,2,1,16,21,50,0.00673279,0.0321826,0.209206
2580,UOX,689,5,158,11,14,139,49,14,9,119,85,91,71,6,13,1,1,11,7,3,0,7,4,24,0.00677216,0.0290024,0.233503
2590,UOX,670,5,149,12,13,126,62,19,9,92,71,117,20,4,2,2,1,4,3,0,0,2,1,5,0.00669045,0.0261803,0.255552
2600,UOX,565,4,145,19,12,110,46,13,10,80,64,66,45,6,15,0,0,5,3,1,0,6,6,9,0.00667374,0.0306737,0.217572
2610,UOX,734,5,152,14,9,163,77,31,6,116,81,85,27,4,11,0,1,3,1,0,1,3,3,4,0.00699418,0.027018,0.258871
2620,UOX,728,5,155,16,16,144,68,21,5,113,84,106,23,3,5,1,0,5,0,2,0,1,6,3,0.00676098,0.0263192,0.256884
2630,UOX,724,7,163,19,13,154,51,27,2,113,68,114,34,5,7,2,0,8,2,2,0,3,2,8,0.00666455,0.0316382,0.210649
2640,UOX,651,5,169,13,12,117,52,27,8,104,78,71,42,5,8,1,1,4,8,1,0,8,4,7,0.00682695,0.0270189,0.252673
2650,UOX,840,8,185,23,8,164,71,31,4,120,90,144,0,0,0,0,0,0,0,0,0,0,0,0,0.00668576,0.0262792,0.254413
2660,UOX,709,6,178,20,12,126,74,24,5,110,72,88,0,0,0,0,0,0,0,0,0,0,0,0,0.00676379,0.0197062,0.343232
2670,UOX,654,6,162,17,6,124,59,21,6,87,74,98,0,0,0,0,0,0,0,0,0,0,0,0,0.00677677,0.0186019,0.364306
2680,UOX,614,5,169,17,9,124,52,10,3,108,58,64,89,5,27,1,2,13,4,5,1,9,7,20,0.00673719,0.0275498,0.244546
2690,UOX,616,5,156,15,13,124,56,11,7,76,78,80,0,0,0,0,0,0,0,0,0,0,0,0,0.00671566,0.0186877,0.359362
2700,UOX,683,5,156,22,12,145,56,27,4,94,85,82,0,0,0,0,0,0,0,0,0,0,0,0,0.00670056,0.0192574,0.347947
2710,UOX,688,9,166,15,9,128,58,29,7,99,81,96,0,0,0,0,0,0,0,0,0,0,0,0,0.00677702,0.0237144,0.285776
2720,UOX,690,6,140,15,11,144,62,26,5,103,67,117,0,0,0,0,0,0,0,0,0,0,0,0,0.00682975,0.0216221,0.315869
2730,UOX,731,5,171,21,3,152,78,35,3,106,81,81,0,0,0,0,0,0,0,0,0,0,0,0,0.00676072,0.0179469,0.376706
2740,UOX,722,6,160,14,13,123,83,31,7,87,80,124,0,0,0,0,0,0,0,0,0,0,0,0,0.00666584,0.0219625,0.30351
2750,UOX,671,6,157,20,14,125,72,22,9,99,77,76,0,0,0,0,0,0,0,0,0,0,0,0,0.00673738,0.0208252,0.323521
2760,UOX,710,6,179,20,7,131,67,24,9,104,85,84,88,5,28,1,1,13,1,1,0,15,11,17,0.00676335,0.0311165,0.217356
2770,UOX,692,7,157,15,10,128,68,26,8,119,75,86,0,0,0,0,0,0,0,0,0,0,0,0,0.00677825,0.0217224,0.312039
2780,UOX,671,5,145,18,12,138,80,26,3,96,69,84,0,0,0,0,0,0,0,0,0,0,0,0,0.00678562,0.0193484,0.350706
2790,UOX,743,8,153,18,18,142,70,18,7,135,88,94,0,0,0,0,0,0,0,0,0,0,0,0,0.00665598,0.0219027,0.303889
2800,UOX,770,6,181,24,11,137,73,26,4,123,96,95,73,5,26,1,3,11,2,2,0,6,13,9,0.00681526,0.0341689,0.199458
2810,UOX,725,7,155,24,18,121,60,31,11,118,81,106,0,0,0,0,0,0,0,0,0,0,0,0,0.00670057,0.0227489,0.294545
2820,UOX,723,6,178,23,12,136,65,24,11,96,87,91,170,6,51,4,1,19,9,4,0,23,19,40,0.00682036,0.0353991,0.19267
2830,UOX,718,6,165,24,16,123,71,22,6,115,76,100,0,0,0,0,0,0,0,0,0,0,0,0,0.00666432,0.0202263,0.329488
2840,UOX,724,5,167,17,12,140,63,26,7,110,87,95,0,0,0,0,0,0,0,0,0,0,0,0,0.00698014,0.0188903,0.369509
2850,UOX,691,6,157,15,15,136,59,31,7,105,71,95,211,7,64,9,3,31,19,5,0,22,23,35,0.00673941,0.0429416,0.156943
2860,UOX,581,5,130,18,10,115,45,19,5,94,72,73,37,4,7,1,0,6,3,1,0,6,6,7,0.00660681,0.025767,0.256406
2870,UOX,690,5,154,19,14,121,71,30,4,95,81,101,0,0,0,0,0,0,0,0,0,0,0,0,0.00677366,0.0202903,0.333838
2880,UOX,812,6,191,15,15,153,74,35,7,121,87,114,0,0,0,0,0,0,0,0,0,0,0,0,0.00679587,0.0218627,0.310842
2890,UOX,736,6,168,15,15,146,58,24,4,131,81,94,0,0,0,0,0,0,0,0,0,0,0,0,0.0068619,0.0208543,0.329039
2900,UOX,711,6,173,13,15,148,61,29,8,109,75,80,46,6,12,0,2,6,3,2,0,6,3,12,0.00676054,0.0355721,0.190052
2910,UOX,703,5,171,20,14,142,56,25,8,95,91,81,117,5,29,3,1,17,4,2,1,15,17,28,0.00682119,0.0305519,0.223266
2920,UOX,672,7,141,16,8,135,68,29,9,115,74,77,104,5,32,3,3,15,8,3,0,15,12,13,0.00676662,0.0333445,0.202931
2930,UOX,615,5,133,21,8,126,67,24,5,83,70,78,3,3,1,0,0,1,0,0,0,0,0,1,0.00670945,0.0242764,0.276378
2940,UOX,598,5,139,18,11,103,52,22,8,107,69,69,48,6,10,0,1,12,4,2,0,5,5,9,0.006834,0.0268824,0.254219
2950,UOX,711,6,173,13,14,137,66,25,10,110,78,85,0,0,0,0,0,0,0,0,0,0,0,0,0.0067711,0.0224132,0.302103
2960,UOX,619,5,150,15,12,108,69,27,5,71,80,82,63,5,18,1,0,11,2,2,1,9,8,11,0.00683984,0.0277926,0.246103
2970,UOX,666,5,143,20,12,138,58,19,9,86,81,100,0,0,0,0,0,0,0,0,0,0,0,0,0.00670842,0.0196921,0.340667
2980,UOX,591,8,149,14,14,109,49,30,7,92,56,71,184,7,38,9,4,17,10,5,0,30,19,52,0.00670498,0.0373069,0.179725
2990,UOX,740,5,162,12,13,140,68,23,8,117,86,111,0,0,0,0,0,0,0,0,0,0,0,0,0.00676214,0.018688,0.361844
3000,UOX,654,8,147,22,7,128,63,13,5,112,85,72,0,0,0,0,0,0,0,0,0,0,0,0,0.0066332,0.0222848,0.297655
3010,UOX,761,7,187,25,7,151,71,19,7,121,81,92,59,5,13,2,1,6,8,1,0,5,6,17,0.0067877,0.0321568,0.211081
3020,UOX,644,6,153,18,9,117,66,25,4,84,82,86,10,4,1,0,0,3,0,0,0,2,0,4,0.00684041,0.0285473,0.239616
3030,UOX,730,7,166,22,13,130,62,30,11,115,84,97,0,0,0,0,0,0,0,0,0,0,0,0,0.00692504,0.0217098,0.318982
3040,UOX,734,6,168,22,15,142,63,22,12,95,92,103,0,0,0,0,0,0,0,0,0,0,0,0,0.00681699,0.0209437,0.325492
3050,UOX,700,5,164,14,13,141,66,27,8,104,72,91,7,3,1,0,0,2,2,0,0,0,1,1,0.00670407,0.0291403,0.230061
3060,UOX,652,6,149,16,11,118,61,29,5,117,71,75,107,9,17,2,4,18,2,2,1,13,10,38,0.00679519,0.0361391,0.188029
3070,UOX,698,5,164,12,8,161,59,26,4,105,63,96,0,0,0,0,0,0,0,0,0,0,0,0,0.00670534,0.0184858,0.362729
3080,UOX,747,5,162,16,9,139,83,23,11,111,97,96,88,7,22,2,4,18,3,2,0,6,13,18,0.00673766,0.0319042,0.211184
3090,UOX,614,5,142,15,14,130,58,16,7,99,69,64,0,0,0,0,0,0,0,0,0,0,0,0,0.00691088,0.0181522,0.380718
3100,UOX,763,6,164,16,13,127,76,31,7,141,82,106,20,3,8,0,0,4,2,0,0,1,2,3,0.00690722,0.0341898,0.202026
3110,UOX,729,6,189,23,13,142,71,24,4,103,75,85,18,5,7,0,0,2,0,0,0,2,4,3,0.00681053,0.0291962,0.233268
3120,UOX,786,7,163,19,16,169,60,44,6,118,67,124,0,0,0,0,0,0,0,0,0,0,0,0,0.00669637,0.0241039,0.277813
3130,UOX,663,5,152,17,13,130,62,21,5,102,69,92,0,0,0,0,0,0,0,0,0,0,0,0,0.00680259,0.0186291,0.365159
3140,UOX,762,5,171,21,15,142,72,20,4,116,95,106,25,5,8,0,1,3,0,0,1,2,6,4,0.00688394,0.0286213,0.240518
3150,UOX,672,5,150,14,8,139,65,22,2,118,63,91,0,0,0,0,0,0,0,0,0,0,0,0,0.00673297,0.0206184,0.326552
3160,UOX,642,7,124,22,7,139,61,26,4,106,81,72,43,4,20,0,1,6,1,1,0,5,6,3,0.0067915,0.0280785,0.241876
3170,UOX,654,6,164,16,9,139,56,22,6,88,66,88,84,5,18,1,2,13,4,1,1,17,8,19,0.00682053,0.0313391,0.217637
3180,UOX,668,5,175,18,13,141,59,23,6,87,72,74,0,0,0,0,0,0,0,0,0,0,0,0,0.00668911,0.0186795,0.358099
3190,UOX,588,5,132,16,14,127,38,21,2,80,84,74,0,0,0,0,0,0,0,0,0,0,0,0,0.00673723,0.0173112,0.389184
3200,UOX,621,6,153,14,9,126,61,16,9,89,60,84,150,6,34,5,4,20,10,5,2,18,14,38,0.00682533,0.0372865,0.183051
3210,UOX,711,5,145,18,17,144,77,29,8,101,76,96,0,0,0,0,0,0,0,0,0,0,0,0,0.00680766,0.0200107,0.340201
3220,UOX,687,6,179,25,12,137,62,17,6,107,61,81,0,0,0,0,0,0,0,0,0,0,0,0,0.00668615,0.020573,0.324996
3230,UOX,0,3,0,0,0,0,0,0,0,0,0,0,0,0,0,0,0,0,0,0,0,0,0,0,0.000192931,0.00697921,0.0276437
3240,UOX,821,6,177,21,14,168,87,22,5,130,75,122,9,4,2,0,0,0,1,0,0,1,1,4,0.00689474,0.0293999,0.234516
3250,UOX,636,5,162,23,15,129,51,19,6,94,69,68,112,6,38,4,2,12,11,6,0,13,8,18,0.00680274,0.0351686,0.193432
3260,UOX,708,6,176,16,13,142,58,27,7,98,79,92,40,4,10,1,0,4,4,3,1,6,4,7,0.00677592,0.029024,0.233459
3270,UOX,686,7,153,11,8,122,75,25,7,115,74,96,0,0,0,0,0,0,0,0,0,0,0,0,0.00673264,0.0219316,0.306984
3280,UOX,723,5,173,11,9,145,62,27,9,118,65,104,77,7,19,5,5,10,3,0,1,9,8,17,0.00688972,0.0293843,0.234469
3290,UOX,642,6,148,15,8,118,69,27,6,86,74,91,99,5,33,4,2,13,5,4,1,11,17,9,0.00679579,0.0315365,0.21549
3300,UOX,696,6,169,11,19,151,67,28,4,85,75,87,68,5,20,1,2,7,6,0,0,12,8,12,0.00678867,0.035817,0.189538
3310,UOX,753,7,182,24,12,156,73,27,7,106,74,92,22,3,6,0,0,4,0,0,0,4,6,2,0.00674127,0.0281455,0.239515
3320,UOX,739,5,160,14,15,140,88,23,7,114,85,93,65,5,19,2,0,9,5,0,4,9,5,12,0.00674861,0.0311694,0.216514
3330,UOX,772,6,188,13,13,142,90,26,6,119,80,95,17,6,5,0,0,2,3,0,0,0,2,5,0.0067577,0.0292835,0.230768
3340,UOX,629,6,153,16,18,124,56,19,1,89,70,83,37,5,11,3,0,3,6,0,1,1,3,9,0.00673383,0.0277585,0.242586
3350,UOX,718,6,167,24,7,138,75,29,6,119,64,89,0,0,0,0,0,0,0,0,0,0,0,0,0.00670612,0.0232198,0.288811
3360,UOX,721,6,165,25,16,138,71,29,7,111,76,83,0,0,0,0,0,0,0,0,0,0,0,0,0.00673516,0.0201874,0.333631
3370,UOX,711,8,156,18,16,117,70,36,7,114,76,101,0,0,0,0,0,0,0,0,0,0,0,0,0.00679883,0.0222471,0.305606
3380,UOX,826,6,182,27,17,158,71,24,9,131,88,119,0,0,0,0,0,0,0,0,0,0,0,0,0.00676255,0.0226666,0.298348
3390,UOX,790,6,184,23,11,152,72,33,5,122,89,99,0,0,0,0,0,0,0,0,0,0,0,0,0.00683671,0.0226104,0.30237
3400,UOX,750,6,186,18,6,147,73,24,9,113,79,95,0,0,0,0,0,0,0,0,0,0,0,0,0.00674446,0.0214257,0.314783
3410,UOX,683,5,171,11,6,149,65,28,5,100,77,71,0,0,0,0,0,0,0,0,0,0,0,0,0.0066846,0.0189875,0.352052
3420,UOX,641,6,130,19,16,124,70,22,10,93,66,91,0,0,0,0,0,0,0,0,0,0,0,0,0.0066876,0.0205485,0.325455
3430,UOX,677,7,156,18,6,127,66,26,8,112,80,78,0,0,0,0,0,0,0,0,0,0,0,0,0.00676208,0.0187653,0.36035
3440,UOX,725,5,172,19,13,136,61,39,4,115,81,85,27,4,4,1,0,4,3,1,0,5,3,6,0.006879,0.0271901,0.252996
3450,UOX,691,6,151,17,14,133,80,20,8,110,68,90,0,0,0,0,0,0,0,0,0,0,0,0,0.00684461,0.0199498,0.343091
3460,UOX,682,5,164,20,16,127,53,25,5,98,76,98,0,0,0,0,0,0,0,0,0,0,0,0,0.00666696,0.0191081,0.348908
3470,UOX,563,5,143,13,14,93,66,16,4,96,57,61,0,0,0,0,0,0,0,0,0,0,0,0,0.00664344,0.0181761,0.365505
3480,UOX,718,6,174,16,6,134,74,25,10,98,91,90,0,0,0,0,0,0,0,0,0,0,0,0,0.00677778,0.0190207,0.356336
3490,UOX,704,6,152,17,13,146,74,27,6,104,79,86,0,0,0,0,0,0,0,0,0,0,0,0,0.00684427,0.0198296,0.345155
3500,UOX,630,5,121,16,26,130,68,23,4,99,55,88,6,3,0,0,0,1,0,0,0,0,2,3,0.00667983,0.0291339,0.22928
3510,UOX,623,5,157,18,10,130,66,18,4,103,48,69,0,0,0,0,0,0,0,0,0,0,0,0,0.00671043,0.0179303,0.374252
3520,UOX,728,6,142,12,14,148,68,29,6,126,81,102,90,6,29,3,0,10,3,3,0,13,12,17,0.00668968,0.0330666,0.202309
3530,UOX,679,4,158,18,8,144,67,25,9,98,74,78,58,4,20,1,1,8,4,5,0,2,8,9,0.0068472,0.0268944,0.254596
3540,UOX,715,6,151,17,12,144,69,34,2,114,72,100,0,0,0,0,0,0,0,0,0,0,0,0,0.00674557,0.0209754,0.321595
3550,UOX,664,7,153,14,12,128,69,22,4,96,69,97,0,0,0,0,0,0,0,0,0,0,0,0,0.00672312,0.0228567,0.294142
3560,UOX,721,6,173,16,12,129,65,20,2,126,92,86,0,0,0,0,0,0,0,0,0,0,0,0,0.00683315,0.0191938,0.356007
3570,UOX,615,5,142,21,11,125,40,25,9,97,77,68,0,0,0,0,0,0,0,0,0,0,0,0,0.00674406,0.0169302,0.398345
3580,UOX,722,4,166,11,10,160,61,26,3,115,82,88,0,0,0,0,0,0,0,0,0,0,0,0,0.00674561,0.0172801,0.390368
3590,UOX,780,9,177,21,10,141,86,27,8,105,104,101,0,0,0,0,0,0,0,0,0,0,0,0,0.00681541,0.0236532,0.288139
3600,UOX,750,5,174,8,17,152,69,23,14,126,69,98,0,0,0,0,0,0,0,0,0,0,0,0,0.00673068,0.0219298,0.306919
3610,UOX,632,5,155,15,10,117,61,31,9,99,59,76,0,0,0,0,0,0,0,0,0,0,0,0,0.00677663,0.01913,0.35424
3620,UOX,810,8,194,22,7,141,79,29,4,129,88,117,0,0,0,0,0,0,0,0,0,0,0,0,0.00671506,0.0238521,0.281529
3630,UOX,695,6,165,22,12,131,79,19,3,96,86,82,138,6,29,5,2,24,5,2,0,13,17,41,0.00671506,0.0362129,0.185432
3640,UOX,0,3,0,0,0,0,0,0,0,0,0,0,0,0,0,0,0,0,0,0,0,0,0,0,0.000196121,0.00648884,0.0302244
3650,UOX,678,6,166,11,20,111,52,28,10,117,83,80,139,6,46,4,0,26,8,1,1,16,14,23,0.00681649,0.0351139,0.194125
3660,UOX,689,6,155,19,10,148,76,23,5,90,75,88,0,0,0,0,0,0,0,0,0,0,0,0,0.00681121,0.0193046,0.352829
3670,UOX,663,4,154,18,11,120,68,27,7,123,77,58,40,4,9,2,0,7,1,0,0,8,5,8,0.00673599,0.0262141,0.25696
3680,UOX,732,5,198,21,12,132,57,27,7,113,68,97,101,4,28,4,2,15,7,2,0,10,14,19,0.0067929,0.0300151,0.226316
3690,UOX,659,7,162,11,13,140,58,21,5,101,59,89,0,0,0,0,0,0,0,0,0,0,0,0,0.00680201,0.0207333,0.328072
3700,UOX,617,6,110,15,18,136,62,27,3,105,65,76,56,4,8,0,0,7,6,1,1,5,6,22,0.00676578,0.0326157,0.207439
3710,UOX,582,5,139,14,13,114,50,13,5,93,69,72,0,0,0,0,0,0,0,0,0,0,0,0,0.00674577,0.0171771,0.392719
3720,UOX,688,5,181,16,14,141,58,22,2,101,61,92,0,0,0,0,0,0,0,0,0,0,0,0,0.00685976,0.0187951,0.364976
3730,UOX,695,5,157,20,9,125,66,30,10,103,88,87,0,0,0,0,0,0,0,0,0,0,0,0,0.00685849,0.0185628,0.369476
3740,UOX,746,7,178,21,18,141,78,26,7,100,74,103,0,0,0,0,0,0,0,0,0,0,0,0,0.00683081,0.0211906,0.322351
3750,UOX,728,5,153,27,8,145,69,24,5,109,86,102,0,0,0,0,0,0,0,0,0,0,0,0,0.0066541,0.021377,0.311274
3760,UOX,737,6,167,17,10,141,57,37,5,123,83,97,54,5,21,1,2,9,3,1,0,4,6,7,0.00675368,0.031544,0.214103
3770,UOX,710,6,145,18,13,148,65,33,8,104,87,89,0,0,0,0,0,0,0,0,0,0,0,0,0.00675169,0.020981,0.321801
3780,UOX,775,6,185,15,20,161,66,32,5,121,81,89,99,5,23,1,2,15,4,1,0,18,11,24,0.00678167,0.0326275,0.207851
3790,UOX,750,5,188,24,10,120,84,24,7,102,76,115,8,4,2,0,0,0,3,0,0,0,0,3,0.00681383,0.0271288,0.251166
3800,UOX,681,5,181,17,15,123,68,20,5,93,65,94,79,6,22,3,3,10,4,2,1,9,4,21,0.00685304,0.0336904,0.203412
3810,UOX,712,6,181,17,10,137,82,31,10,93,75,76,87,7,20,2,0,9,2,4,0,10,15,25,0.00680078,0.0305665,0.222491
3820,UOX,704,5,136,18,10,157,59,26,3,108,89,98,96,5,21,7,2,14,4,2,0,13,11,22,0.00679178,0.032047,0.211932
3830,UOX,638,4,154,12,16,117,54,21,3,97,89,75,0,0,0,0,0,0,0,0,0,0,0,0,0.00683381,0.0174059,0.392615
3840,UOX,670,6,172,8,8,130,58,27,5,107,75,80,0,0,0,0,0,0,0,0,0,0,0,0,0.00690804,0.0200941,0.343784
3850,UOX,701,7,149,13,17,134,76,27,7,106,61,111,0,0,0,0,0,0,0,0,0,0,0,0,0.00677608,0.0248668,0.272495
3860,UOX,840,7,185,17,19,162,78,25,8,134,100,112,0,0,0,0,0,0,0,0,0,0,0,0,0.0068398,0.0237409,0.288101
3870,UOX,653,5,174,18,11,111,60,27,2,93,79,78,59,5,5,1,1,7,5,1,2,10,9,18,0.00686627,0.028169,0.243752
3880,UOX,716,6,154,19,12,145,71,25,10,110,74,96,0,0,0,0,0,0,0,0,0,0,0,0,0.00677366,0.0212834,0.31826
3890,UOX,722,7,160,20,17,136,60,27,9,99,88,106,0,0,0,0,0,0,0,0,0,0,0,0,0.00684723,0.0239612,0.285763
3900,UOX,733,6,166,13,11,146,76,28,6,103,84,100,0,0,0,0,0,0,0,0,0,0,0,0,0.00684513,0.0221965,0.308388
3910,UOX,688,5,148,14,7,145,56,30,5,110,76,97,28,4,5,1,0,5,0,1,0,3,4,9,0.00702118,0.0270054,0.259992
3920,UOX,612,5,178,17,12,108,58,29,2,76,66,66,5,3,1,0,0,0,0,0,0,2,0,2,0.00672077,0.0240986,0.278886
3930,UOX,786,6,178,3,11,148,75,36,8,117,92,118,0,0,0,0,0,0,0,0,0,0,0,0,0.00674595,0.0211647,0.318736
3940,UOX,645,5,140,14,16,119,68,19,9,100,78,82,0,0,0,0,0,0,0,0,0,0,0,0,0.00682621,0.0191567,0.356335
3950,UOX,754,6,166,10,15,153,65,31,5,120,91,98,0,0,0,0,0,0,0,0,0,0,0,0,0.0068568,0.0219232,0.312765
3960,UOX,711,7,158,16,13,160,60,29,8,94,76,97,0,0,0,0,0,0,0,0,0,0,0,0,0.00685607,0.0201572,0.340129
3970,UOX,590,6,132,14,14,108,60,29,6,81,77,69,55,5,11,2,0,11,3,1,0,7,11,9,0.00680589,0.028517,0.23866
3980,UOX,747,5,174,25,17,155,69,27,5,110,82,83,0,0,0,0,0,0,0,0,0,0,0,0,0.00683058,0.0197601,0.345675
3990,UOX,726,5,180,19,10,153,81,19,7,102,73,82,53,5,10,1,1,5,3,5,1,11,10,6,0.00691935,0.0294777,0.234732
4000,UOX,691,6,156,12,4,146,74,23,1,102,74,99,0,0,0,0,0,0,0,0,0,0,0,0,0.00669976,0.0224616,0.298276
4010,UOX,523,5,117,11,17,90,48,20,4,73,66,77,32,4,4,0,2,5,0,1,0,3,8,9,0.00674419,0.0257006,0.262414
4020,UOX,662,6,144,13,10,116,72,34,0,108,74,91,0,0,0,0,0,0,0,0,0,0,0,0,0.00673196,0.0198826,0.338584
4030,UOX,591,6,147,16,11,111,51,24,4,91,74,62,0,0,0,0,0,0,0,0,0,0,0,0,0.00687598,0.0188129,0.365493
4040,UOX,659,6,148,15,12,156,46,33,3,103,63,80,0,0,0,0,0,0,0,0,0,0,0,0,0.00680987,0.0178565,0.381367
4050,UOX,687,5,169,18,12,118,65,27,9,86,96,87,0,0,0,0,0,0,0,0,0,0,0,0,0.00680676,0.0214573,0.317223
4060,UOX,726,6,170,19,14,136,74,35,9,107,70,92,0,0,0,0,0,0,0,0,0,0,0,0,0.00674902,0.0199253,0.338716
4070,UOX,773,5,166,29,15,147,76,26,3,107,90,114,0,0,0,0,0,0,0,0,0,0,0,0,0.00669644,0.0194764,0.343824
4080,UOX,671,6,184,18,10,130,49,22,13,94,71,80,0,0,0,0,0,0,0,0,0,0,0,0,0.00677182,0.020097,0.336956
4090,UOX,679,7,157,20,15,125,65,29,9,96,71,92,0,0,0,0,0,0,0,0,0,0,0,0,0.00665903,0.0221712,0.300346
4100,UOX,615,6,144,11,9,121,55,18,7,105,71,74,45,5,13,1,1,5,2,1,0,5,5,12,0.00674692,0.0337959,0.199637
4110,UOX,659,7,164,22,11,123,65,28,11,95,56,84,48,5,15,1,1,5,3,0,1,6,5,11,0.00668811,0.0293267,0.228055
4120,UOX,804,5,197,24,15,150,81,25,8,108,80,116,0,0,0,0,0,0,0,0,0,0,0,0,0.00680492,0.0213599,0.318584
4130,UOX,644,6,143,19,9,136,55,17,5,110,61,89,0,0,0,0,0,0,0,0,0,0,0,0,0.00671104,0.0192688,0.348285
4140,UOX,616,5,131,14,15,101,68,25,4,112,59,87,0,0,0,0,0,0,0,0,0,0,0,0,0.0067228,0.0191803,0.350505
4150,UOX,715,5,146,21,12,135,80,23,9,94,88,107,68,6,11,0,1,17,4,0,0,12,3,20,0.0068172,0.0362578,0.18802
4160,UOX,732,6,155,13,13,153,66,30,9,111,91,91,70,5,21,2,2,11,4,3,0,4,7,16,0.00681915,0.0294832,0.231289
4170,UOX,646,5,164,14,11,118,68,24,5,107,68,67,0,0,0,0,0,0,0,0,0,0,0,0,0.00686036,0.0174186,0.393853
4180,UOX,736,6,162,20,19,144,65,26,8,124,79,89,0,0,0,0,0,0,0,0,0,0,0,0,0.0067981,0.0206065,0.3299
4190,UOX,719,7,148,15,11,139,73,32,7,115,78,101,88,5,25,2,1,11,5,2,0,14,16,12,0.00682086,0.0331722,0.20562
4200,UOX,739,7,172,23,15,153,71,25,9,105,77,89,0,0,0,0,0,0,0,0,0,0,0,0,0.0067308,0.0259289,0.259587
4210,UOX,604,6,145,13,9,124,64,27,7,76,68,71,0,0,0,0,0,0,0,0,0,0,0,0,0.00684738,0.0195251,0.350697
4220,UOX,690,5,165,18,11,150,54,22,4,110,68,88,0,0,0,0,0,0,0,0,0,0,0,0,0.00676677,0.0205373,0.329486
4230,UOX,715,6,166,21,7,150,65,32,5,103,85,81,51,7,15,2,0,8,4,2,1,7,6,6,0.00679136,0.0304723,0.22287
4240,UOX,647,6,142,17,14,127,65,25,9,89,74,85,0,0,0,0,0,0,0,0,0,0,0,0,0.00665102,0.0207837,0.320011
4250,UOX,708,5,172,19,8,166,87,19,6,86,71,74,0,0,0,0,0,0,0,0,0,0,0,0,0.00678957,0.0210723,0.322203
4260,UOX,669,7,152,15,8,144,56,20,3,99,68,104,116,6,35,4,3,15,5,4,2,20,14,14,0.00673071,0.0362643,0.185601
4270,UOX,687,6,175,21,15,125,79,12,6,96,78,80,0,0,0,0,0,0,0,0,0,0,0,0,0.00672456,0.0197178,0.341039
4280,UOX,732,5,183,24,17,154,71,29,7,95,62,90,0,0,0,0,0,0,0,0,0,0,0,0,0.00669934,0.0200354,0.334375
4290,UOX,671,7,149,23,11,140,57,24,8,112,73,74,0,0,0,0,0,0,0,0,0,0,0,0,0.00673772,0.0201347,0.334632
4300,UOX,667,5,166,23,9,140,45,21,7,98,67,91,0,0,0,0,0,0,0,0,0,0,0,0,0.0067389,0.0206883,0.325735
4310,UOX,694,5,169,10,12,154,69,25,5,102,61,87,13,5,0,0,0,1,2,0,0,1,1,8,0.00690376,0.0290347,0.237776
4320,UOX,643,5,168,15,15,124,53,20,5,91,80,72,98,5,28,5,3,9,5,1,0,16,11,20,0.00687971,0.03013,0.228334
4330,UOX,628,5,135,16,14,138,50,31,7,92,57,88,0,0,0,0,0,0,0,0,0,0,0,0,0.00679757,0.0196043,0.346739
4340,UOX,717,6,170,16,6,140,63,22,5,118,73,104,22,4,5,1,0,5,1,1,0,5,0,4,0.00681627,0.0284579,0.239521
4350,UOX,599,6,130,15,13,111,52,20,7,94,75,82,0,0,0,0,0,0,0,0,0,0,0,0,0.00662907,0.0214733,0.308712
4360,UOX,654,6,153,15,15,114,57,26,6,108,76,84,0,0,0,0,0,0,0,0,0,0,0,0,0.00687979,0.0184042,0.373816
4370,UOX,722,9,153,27,13,149,67,27,5,102,86,93,0,0,0,0,0,0,0,0,0,0,0,0,0.00673115,0.0221037,0.304525
4380,UOX,645,5,154,19,14,118,59,21,5,108,69,78,0,0,0,0,0,0,0,0,0,0,0,0,0.00684431,0.0175666,0.389622
4390,UOX,750,5,188,16,7,135,71,33,4,114,89,93,0,0,0,0,0,0,0,0,0,0,0,0,0.0068016,0.0200795,0.338734
4400,UOX,709,5,169,15,7,128,69,33,5,120,71,92,0,0,0,0,0,0,0,0,0,0,0,0,0.00694552,0.0222446,0.312234
4410,UOX,652,6,139,14,14,128,64,31,12,105,68,77,107,8,29,1,2,14,7,1,1,16,12,24,0.00677675,0.0331948,0.204151
4420,UOX,674,6,158,12,9,127,62,28,7,100,75,96,55,4,11,2,1,6,2,1,1,13,5,13,0.00677337,0.0296578,0.228384
4430,UOX,647,6,122,18,14,125,65,23,5,115,80,80,157,10,30,0,0,24,12,5,1,22,16,47,0.00685171,0.0380502,0.18007
4440,UOX,761,7,173,23,14,136,72,24,6,124,70,119,0,0,0,0,0,0,0,0,0,0,0,0,0.00682128,0.0223669,0.304972
4450,UOX,722,6,162,12,17,139,60,37,6,106,79,104,0,0,0,0,0,0,0,0,0,0,0,0,0.00673379,0.0222552,0.302572
4460,UOX,655,6,158,17,12,127,67,24,5,90,62,93,44,6,9,1,0,10,3,3,0,5,4,9,0.00671978,0.0292557,0.229691
4470,UOX,587,7,157,12,12,98,56,26,10,79,68,69,0,0,0,0,0,0,0,0,0,0,0,0,0.00694213,0.0186313,0.372606
4480,UOX,697,7,150,20,19,144,61,22,6,98,87,90,0,0,0,0,0,0,0,0,0,0,0,0,0.00673675,0.0211638,0.318314
4490,UOX,733,4,165,17,17,137,59,27,7,124,87,93,0,0,0,0,0,0,0,0,0,0,0,0,0.00680863,0.0175202,0.388616
4500,UOX,733,6,160,20,12,140,73,26,7,107,94,94,0,0,0,0,0,0,0,0,0,0,0,0,0.00681814,0.0206447,0.33026
4510,UOX,743,8,169,18,13,129,70,26,6,126,82,104,30,4,8,0,0,4,4,1,1,3,1,8,0.00681948,0.0301061,0.226515
4520,UOX,666,6,163,18,7,122,61,15,8,102,93,77,0,0,0,0,0,0,0,0,0,0,0,0,0.00682851,0.0189836,0.359706
4530,UOX,628,7,128,20,5,122,59,24,7,115,65,83,0,0,0,0,0,0,0,0,0,0,0,0,0.00673001,0.0194555,0.345917
4540,UOX,753,7,165,11,15,136,73,32,4,115,95,107,0,0,0,0,0,0,0,0,0,0,0,0,0.00679042,0.0219737,0.309024
4550,UOX,669,5,158,18,6,144,58,27,4,89,77,88,0,0,0,0,0,0,0,0,0,0,0,0,0.00669677,0.0203681,0.328787
4560,UOX,724,6,176,13,12,132,64,26,3,107,82,109,109,6,38,1,1,12,6,3,0,21,7,20,0.00681033,0.0321811,0.211625
4570,UOX,643,6,147,18,10,124,63,21,4,110,70,76,48,6,6,0,1,6,8,0,1,5,4,17,0.00675148,0.030271,0.223035
4580,UOX,786,6,181,14,16,164,69,31,6,103,96,106,52,5,14,0,0,10,1,3,0,3,5,16,0.00675685,0.0339831,0.19883
4590,UOX,727,5,176,26,11,145,82,25,4,99,78,81,10,3,0,0,1,3,1,0,0,1,0,4,0.00665449,0.0245856,0.270666
4600,UOX,722,5,170,17,13,135,67,22,6,123,82,87,0,0,0,0,0,0,0,0,0,0,0,0,0.00677177,0.0206234,0.328354
4610,UOX,714,8,180,18,20,150,74,30,8,92,60,82,0,0,0,0,0,0,0,0,0,0,0,0,0.00676431,0.0217098,0.311579
4620,UOX,622,5,154,15,10,124,65,18,11,93,64,68,105,5,31,7,1,18,6,3,0,9,8,22,0.00677768,0.0292235,0.231925
4630,UOX,611,6,138,14,8,131,66,16,4,98,62,74,39,4,11,0,4,4,3,1,0,4,4,8,0.00677694,0.0260108,0.260543
4640,UOX,651,8,152,10,14,112,59,22,11,118,63,90,0,0,0,0,0,0,0,0,0,0,0,0,0.0068613,0.0227944,0.301008
4650,UOX,686,5,143,16,10,144,69,16,5,108,82,93,61,4,18,0,0,7,1,4,0,8,6,17,0.00681991,0.0325537,0.209497
4660,UOX,772,6,163,16,15,168,78,36,5,114,93,84,0,0,0,0,0,0,0,0,0,0,0,0,0.00684289,0.0198522,0.344691
4670,UOX,704,5,162,23,15,125,63,23,3,95,73,122,0,0,0,0,0,0,0,0,0,0,0,0,0.00665566,0.0201269,0.330685
4680,UOX,712,5,163,23,15,153,61,19,6,90,86,96,35,4,2,0,0,4,6,1,0,3,3,16,0.00669562,0.0275005,0.243473
4690,UOX,740,6,183,25,9,142,64,29,6,100,78,104,102,5,35,3,2,10,5,5,0,11,17,14,0.0066948,0.0305834,0.218903
4700,UOX,693,5,162,10,12,127,51,30,7,108,69,117,43,5,17,2,1,5,2,1,0,9,3,3,0.00661404,0.0319198,0.207208
4710,UOX,618,5,140,12,7,130,54,27,8,82,59,99,72,5,16,0,0,13,0,2,0,14,8,19,0.00675738,0.0302754,0.223197
4720,UOX,715,7,155,15,13,141,58,31,5,109,80,108,0,0,0,0,0,0,0,0,0,0,0,0,0.00686627,0.0223237,0.307577
4730,UOX,724,7,181,14,16,134,61,22,8,110,77,101,109,5,23,2,5,15,6,3,2,13,16,24,0.00677502,0.0328565,0.2062
4740,UOX,670,5,139,16,7,123,88,24,11,111,61,90,0,0,0,0,0,0,0,0,0,0,0,0,0.00688556,0.0180389,0.381707
4750,UOX,658,6,153,19,11,118,70,22,9,100,86,70,32,4,7,1,0,5,2,1,0,3,4,9,0.00684384,0.030705,0.22289
4760,UOX,610,6,163,17,13,114,56,22,6,86,55,78,76,7,17,0,3,16,3,2,0,12,4,19,0.00669821,0.0298563,0.224348
4770,UOX,596,4,160,13,13,119,47,29,4,92,75,44,0,0,0,0,0,0,0,0,0,0,0,0,0.00675826,0.0158317,0.426881
4780,UOX,694,5,159,16,12,154,76,24,5,91,94,63,33,3,11,1,1,5,3,2,0,4,2,4,0.00682421,0.026653,0.256039
4790,UOX,756,7,159,23,11,145,77,31,9,115,88,98,77,4,27,1,0,10,4,1,1,10,9,14,0.00689003,0.0322485,0.213654
4800,UOX,736,7,169,20,15,139,84,21,7,115,79,87,44,4,14,1,1,8,1,1,0,5,2,11,0.00688012,0.0327875,0.20984
4810,UOX,806,6,167,17,10,162,85,33,4,128,90,110,0,0,0,0,0,0,0,0,0,0,0,0,0.00677448,0.022518,0.300847
4820,UOX,636,7,145,13,13,119,71,28,6,89,70,82,46,6,10,0,0,11,2,0,1,9,6,7,0.00679706,0.031949,0.212747
4830,UOX,714,7,156,12,15,126,69,24,8,105,91,108,36,4,17,0,0,3,2,1,0,9,2,2,0.00691728,0.03119,0.221779
4840,UOX,747,6,173,18,15,125,72,25,5,120,91,103,0,0,0,0,0,0,0,0,0,0,0,0,0.00676647,0.0204563,0.330777
4850,UOX,750,6,168,22,14,147,76,25,3,117,76,102,0,0,0,0,0,0,0,0,0,0,0,0,0.00674371,0.02236,0.301597
4860,UOX,613,6,151,19,15,117,50,16,5,98,50,92,0,0,0,0,0,0,0,0,0,0,0,0,0.00663474,0.0199327,0.332857
4870,UOX,695,5,158,19,13,135,60,30,6,106,72,96,43,5,11,3,0,7,1,2,0,5,6,8,0.00677163,0.029713,0.227901
4880,UOX,693,6,137,19,9,153,77,25,6,115,77,75,0,0,0,0,0,0,0,0,0,0,0,0,0.00680146,0.0196095,0.346844
4890,UOX,683,6,146,14,11,110,70,27,8,108,91,98,0,0,0,0,0,0,0,0,0,0,0,0,0.00684696,0.0200608,0.341311
4900,UOX,645,6,141,16,13,121,51,21,5,105,86,86,0,0,0,0,0,0,0,0,0,0,0,0,0.00675855,0.020415,0.331058
4910,UOX,804,6,179,14,9,176,82,33,5,111,93,102,0,0,0,0,0,0,0,0,0,0,0,0,0.00690183,0.0206463,0.334288
4920,UOX,748,6,176,10,14,150,60,27,6,125,81,99,0,0,0,0,0,0,0,0,0,0,0,0,0.00690028,0.0206786,0.333692
4930,UOX,719,5,184,24,14,136,73,21,4,116,76,71,85,4,25,2,0,13,7,2,0,9,15,12,0.00692299,0.0274137,0.252538
4940,UOX,770,9,175,14,13,171,68,27,5,113,69,115,76,4,24,1,1,10,3,1,0,11,6,19,0.00680152,0.0361206,0.1883
4950,UOX,674,5,163,14,7,123,65,22,9,89,91,91,62,5,26,1,0,15,3,0,0,5,7,5,0.00688348,0.0306049,0.224914
4960,UOX,692,7,156,21,6,132,66,18,8,119,79,87,0,0,0,0,0,0,0,0,0,0,0,0,0.0068167,0.0211243,0.322694
4970,UOX,623,6,139,22,12,122,72,22,1,97,65,71,0,0,0,0,0,0,0,0,0,0,0,0,0.00690851,0.0183014,0.377486
4980,UOX,802,8,194,20,11,143,75,23,5,135,80,116,0,0,0,0,0,0,0,0,0,0,0,0,0.00677701,0.0229327,0.295517
4990,UOX,701,6,158,14,12,146,79,22,6,111,65,88,0,0,0,0,0,0,0,0,0,0,0,0,0.00678391,0.0203195,0.333863
5000,UOX,704,5,178,21,9,131,82,20,5,102,67,89,0,0,0,0,0,0,0,0,0,0,0,0,0.00675403,0.0200466,0.336916
5010,UOX,731,5,166,18,14,133,87,22,6,124,81,80,42,4,10,0,0,6,0,1,0,6,3,16,0.00665889,0.0287072,0.231959
5020,UOX,656,5,122,18,16,143,62,23,5,107,67,93,73,6,25,2,1,14,1,2,0,15,5,8,0.0067752,0.0295544,0.229245
5030,UOX,664,5,164,15,3,145,68,19,6,87,75,82,0,0,0,0,0,0,0,0,0,0,0,0,0.00685209,0.0178698,0.383444
5040,UOX,771,8,162,26,13,153,93,41,10,116,71,86,0,0,0,0,0,0,0,0,0,0,0,0,0.00684817,0.0228982,0.29907
5050,UOX,751,5,186,21,10,140,69,28,2,135,76,84,56,6,18,2,1,8,2,2,1,4,6,12,0.00681453,0.032655,0.208683
5060,UOX,631,6,167,11,11,110,45,29,6,95,85,72,0,0,0,0,0,0,0,0,0,0,0,0,0.00681994,0.0183072,0.372528
5070,UOX,734,5,187,17,11,136,74,34,4,105,79,87,0,0,0,0,0,0,0,0,0,0,0,0,0.00676884,0.0202288,0.334614
5080,UOX,650,6,142,12,13,128,62,25,7,116,78,67,0,0,0,0,0,0,0,0,0,0,0,0,0.00679644,0.019142,0.355055
5090,UOX,750,6,174,18,10,154,63,29,3,87,107,105,153,7,30,2,1,20,5,6,0,27,14,48,0.0067963,0.0379566,0.179054
5100,UOX,839,6,189,14,14,160,71,31,5,141,96,118,0,0,0,0,0,0,0,0,0,0,0,0,0.0068636,0.0238843,0.287368
5110,UOX,747,6,162,29,14,158,70,34,4,99,80,97,7,3,3,0,0,0,1,0,0,1,2,0,0.00675586,0.0276813,0.244058
5120,UOX,675,6,169,15,5,127,65,28,6,109,63,88,0,0,0,0,0,0,0,0,0,0,0,0,0.0067929,0.0207989,0.326599
5130,UOX,637,6,145,16,13,142,61,25,9,84,67,75,0,0,0,0,0,0,0,0,0,0,0,0,0.00675896,0.0185291,0.364775
5140,UOX,654,5,160,20,14,128,67,24,3,89,70,79,50,5,16,2,0,4,2,4,0,8,2,12,0.00677328,0.0272221,0.248815
5150,UOX,717,7,165,11,16,130,66,30,4,115,76,104,0,0,0,0,0,0,0,0,0,0,0,0,0.00683803,0.0235385,0.290504
5160,UOX,676,5,133,18,15,144,67,24,6,111,75,83,0,0,0,0,0,0,0,0,0,0,0,0,0.00661938,0.0184827,0.358139
5170,UOX,657,5,163,10,10,140,52,21,7,103,69,82,0,0,0,0,0,0,0,0,0,0,0,0,0.00675644,0.0185367,0.364489
5180,UOX,649,5,152,14,13,117,58,25,10,106,78,76,0,0,0,0,0,0,0,0,0,0,0,0,0.00681054,0.0181319,0.375611
5190,UOX,638,5,153,21,12,110,62,24,7,107,69,73,66,6,11,3,0,12,4,1,0,5,8,22,0.0067706,0.0294031,0.230268
5200,UOX,681,6,154,22,7,124,74,23,3,105,73,96,0,0,0,0,0,0,0,0,0,0,0,0,0.00671591,0.0221749,0.30286
5210,UOX,753,6,162,23,17,135,89,26,6,106,96,93,69,5,19,1,0,8,1,5,0,3,8,24,0.00687186,0.0350268,0.196188
5220,UOX,702,7,168,16,13,125,52,32,6,110,88,92,108,5,28,3,2,11,6,0,0,16,12,30,0.00684201,0.0334064,0.204811
5230,UOX,669,6,152,12,15,125,59,25,5,113,70,93,0,0,0,0,0,0,0,0,0,0,0,0,0.00678474,0.0199775,0.339618
5240,UOX,664,4,164,17,7,127,64,26,9,108,71,71,0,0,0,0,0,0,0,0,0,0,0,0,0.00701289,0.0166234,0.421869
5250,UOX,713,7,184,16,15,128,70,26,2,88,80,104,0,0,0,0,0,0,0,0,0,0,0,0,0.00685233,0.0236438,0.289816
5260,UOX,0,3,0,0,0,0,0,0,0,0,0,0,0,0,0,0,0,0,0,0,0,0,0,0,0.000185211,0.00695351,0.0266356
5270,UOX,651,5,179,22,10,119,64,17,7,99,72,62,31,3,10,1,0,5,2,0,0,5,6,2,0.00676909,0.0259601,0.260749
5280,UOX,743,6,165,21,16,135,67,28,5,113,74,119,0,0,0,0,0,0,0,0,0,0,0,0,0.00688044,0.021068,0.326582
5290,UOX,674,6,164,11,21,134,61,26,6,105,72,74,0,0,0,0,0,0,0,0,0,0,0,0,0.00679751,0.0195577,0.347561
5300,UOX,703,6,165,13,10,142,63,25,9,108,90,78,0,0,0,0,0,0,0,0,0,0,0,0,0.00690252,0.0208771,0.330626
5310,UOX,669,5,169,22,18,121,72,21,9,84,79,74,109,6,31,3,3,18,2,2,0,13,10,27,0.00686573,0.0311474,0.220427
5320,UOX,645,5,167,20,11,127,51,20,6,95,69,79,88,5,17,2,4,16,6,0,0,6,9,28,0.00687729,0.0293711,0.234151
5330,UOX,639,5,159,20,18,108,77,19,4,92,75,67,51,5,7,0,1,6,1,2,0,8,14,12,0.00677976,0.0267493,0.253456
5340,UOX,670,6,166,16,13,106,66,33,4,109,72,85,0,0,0,0,0,0,0,0,0,0,0,0,0.00676961,0.0203245,0.333077
5350,UOX,749,6,160,18,13,127,85,31,7,122,73,113,16,3,10,1,0,2,0,1,0,1,0,1,0.00676959,0.0343225,0.197234
5360,UOX,638,5,152,10,12,140,55,22,11,93,68,75,63,5,20,1,1,9,2,0,0,10,6,14,0.00679859,0.0280919,0.242012
5370,UOX,729,6,158,21,13,147,46,27,9,114,79,115,0,0,0,0,0,0,0,0,0,0,0,0,0.00682787,0.0211025,0.323557
5380,UOX,744,6,188,15,17,136,77,29,5,106,83,88,0,0,0,0,0,0,0,0,0,0,0,0,0.00676321,0.0197204,0.342955
5390,UOX,754,7,183,16,16,157,65,19,7,106,75,110,0,0,0,0,0,0,0,0,0,0,0,0,0.00679587,0.0234833,0.289392
5400,UOX,728,7,167,21,9,156,74,24,7,87,75,108,0,0,0,0,0,0,0,0,0,0,0,0,0.00677753,0.0248284,0.272974
5410,UOX,732,7,162,22,11,146,81,29,5,104,73,99,62,4,23,4,0,12,0,1,0,10,4,8,0.00668602,0.0302418,0.221085
5420,UOX,641,5,147,12,14,115,66,25,8,98,80,76,0,0,0,0,0,0,0,0,0,0,0,0,0.00664335,0.0173132,0.383715
5430,UOX,684,6,139,22,10,147,72,19,9,94,81,91,0,0,0,0,0,0,0,0,0,0,0,0,0.00668561,0.0196599,0.340063
5440,UOX,761,5,148,12,21,135,76,40,8,124,90,107,9,4,4,1,0,2,0,0,0,0,1,1,0.00672703,0.02716,0.247681
5450,UOX,607,6,150,18,11,121,58,31,1,80,69,68,74,4,15,4,1,8,4,2,0,15,7,18,0.00669901,0.0331888,0.201845
5460,UOX,666,5,157,25,14,128,51,26,9,99,78,79,9,3,0,0,0,0,1,1,1,2,0,4,0.00689396,0.0251314,0.274316
5470,UOX,676,9,164,23,15,137,50,27,5,103,70,82,125,6,30,2,1,20,11,3,0,20,12,26,0.00675658,0.0347466,0.194453
5480,UOX,679,5,162,15,18,122,60,27,0,122,70,83,33,5,7,2,2,5,3,2,0,4,4,4,0.00678171,0.0281204,0.241167
5490,UOX,689,6,158,16,12,152,61,21,10,104,78,77,0,0,0,0,0,0,0,0,0,0,0,0,0.00677903,0.0204087,0.332163
5500,UOX,679,7,162,16,14,112,66,24,9,110,71,95,88,5,26,0,3,23,4,3,0,11,10,8,0.00673485,0.0341712,0.197092
5510,UOX,0,3,0,0,0,0,0,0,0,0,0,0,0,0,0,0,0,0,0,0,0,0,0,0,0.000185451,0.00668091,0.0277584
5520,UOX,676,5,157,21,10,127,68,26,4,107,66,90,14,4,2,0,0,2,0,0,0,5,1,4,0.00672958,0.0256225,0.262644
5530,UOX,695,5,160,18,20,131,66,34,8,108,74,76,100,6,32,3,2,13,10,2,2,8,12,16,0.00677049,0.0305122,0.221894
5540,UOX,683,6,178,25,8,117,60,17,7,103,83,85,0,0,0,0,0,0,0,0,0,0,0,0,0.00692768,0.0196159,0.353166
5550,UOX,754,6,157,17,6,151,70,27,6,111,89,120,110,6,38,3,1,16,10,4,0,14,11,13,0.00686897,0.0348241,0.197248
5560,UOX,699,6,161,17,12,135,72,24,4,106,73,95,0,0,0,0,0,0,0,0,0,0,0,0,0.00678581,0.0198525,0.341811
5570,UOX,660,6,147,21,12,129,77,17,8,89,79,81,0,0,0,0,0,0,0,0,0,0,0,0,0.00675844,0.0214748,0.314715
5580,UOX,771,5,175,11,20,150,69,30,9,121,81,105,24,4,6,1,0,3,0,0,1,6,4,3,0.00682102,0.0276896,0.246339
5590,UOX,616,5,122,18,10,126,44,27,13,94,87,75,0,0,0,0,0,0,0,0,0,0,0,0,0.00676311,0.0172828,0.391319
5600,UOX,724,5,173,26,9,137,64,20,6,106,76,107,0,0,0,0,0,0,0,0,0,0,0,0,0.00674302,0.0223841,0.301241
5610,UOX,749,6,175,16,15,145,67,29,7,108,81,106,0,0,0,0,0,0,0,0,0,0,0,0,0.00678735,0.0214127,0.316978
5620,UOX,702,6,140,22,19,158,60,28,8,111,56,100,0,0,0,0,0,0,0,0,0,0,0,0,0.00671821,0.0189747,0.354061
5630,UOX,572,4,142,23,10,106,62,20,6,89,62,52,0,0,0,0,0,0,0,0,0,0,0,0,0.00677873,0.0155029,0.437256
5640,UOX,714,5,169,19,9,149,60,16,5,109,82,96,19,5,6,0,0,2,2,0,0,3,3,3,0.00673936,0.0274568,0.245453
5650,UOX,749,5,165,12,13,165,77,39,4,118,66,90,84,6,23,2,0,14,5,1,0,11,5,23,0.00680768,0.0352561,0.193092
5660,UOX,726,7,155,16,9,152,61,33,4,95,92,109,48,5,13,1,0,8,2,2,1,6,4,11,0.00677461,0.0309261,0.219058
5670,UOX,711,5,165,17,12,151,57,31,8,108,78,84,0,0,0,0,0,0,0,0,0,0,0,0,0.00685699,0.0194087,0.353294
5680,UOX,599,5,146,13,7,130,63,19,5,72,63,81,0,0,0,0,0,0,0,0,0,0,0,0,0.00689573,0.0177364,0.38879
5690,UOX,779,6,176,23,14,160,58,38,3,118,99,90,0,0,0,0,0,0,0,0,0,0,0,0,0.00684672,0.0199953,0.342416
5700,UOX,697,5,172,16,12,147,54,19,5,95,90,87,47,5,15,0,1,11,3,3,0,2,7,5,0.00680487,0.0295759,0.230081
5710,UOX,725,6,163,19,11,134,66,30,7,113,84,98,0,0,0,0,0,0,0,0,0,0,0,0,0.00674016,0.0196166,0.343594
5720,UOX,764,6,206,25,20,132,64,29,2,128,74,84,103,5,41,1,1,13,4,0,1,9,16,17,0.00683411,0.0313045,0.21831
5730,UOX,738,7,153,16,12,161,61,22,7,116,85,105,0,0,0,0,0,0,0,0,0,0,0,0,0.00669235,0.0226411,0.295584
5740,UOX,785,6,178,13,12,141,78,23,3,123,96,118,109,5,33,2,1,12,8,2,1,17,15,18,0.00678743,0.0346803,0.195714
5750,UOX,732,6,149,15,13,138,71,18,6,131,81,110,0,0,0,0,0,0,0,0,0,0,0,0,0.00667995,0.0228055,0.292909
5760,UOX,712,7,175,19,15,129,67,30,5,102,88,82,89,6,23,1,3,12,6,1,0,10,11,22,0.00667273,0.033841,0.197179
5770,UOX,673,5,157,15,16,130,65,24,4,108,75,79,96,6,21,2,4,11,10,4,2,14,7,21,0.00676633,0.0316641,0.213691
5780,UOX,702,6,164,25,12,156,74,22,4,97,68,80,0,0,0,0,0,0,0,0,0,0,0,0,0.00673093,0.0197349,0.341067
5790,UOX,644,6,123,13,7,125,84,25,4,105,79,79,20,4,6,0,0,5,2,0,0,5,0,2,0.0067176,0.026523,0.253274
5800,UOX,662,6,144,15,13,144,61,31,10,94,65,85,0,0,0,0,0,0,0,0,0,0,0,0,0.0066928,0.0226399,0.295621
5810,UOX,793,6,186,15,11,152,69,34,6,120,81,119,0,0,0,0,0,0,0,0,0,0,0,0,0.00679516,0.0219427,0.309677
5820,UOX,747,7,187,13,15,144,69,35,4,110,79,91,0,0,0,0,0,0,0,0,0,0,0,0,0.00679465,0.0210568,0.322681
5830,UOX,663,6,147,17,13,143,60,32,1,100,77,73,0,0,0,0,0,0,0,0,0,0,0,0,0.0068351,0.0179108,0.381619
5840,UOX,652,6,130,14,13,132,63,36,7,90,74,93,0,0,0,0,0,0,0,0,0,0,0,0,0.00675766,0.0189319,0.356945
5850,UOX,640,7,172,18,14,106,51,20,5,87,68,99,0,0,0,0,0,0,0,0,0,0,0,0,0.00676609,0.0224519,0.301359
5860,UOX,729,6,180,19,9,144,81,17,3,97,86,93,0,0,0,0,0,0,0,0,0,0,0,0,0.00691733,0.0191004,0.362157
5870,UOX,678,6,150,20,16,136,60,19,9,99,74,95,0,0,0,0,0,0,0,0,0,0,0,0,0.00676735,0.0201394,0.336025
5880,UOX,655,7,164,10,13,120,73,21,4,91,61,98,0,0,0,0,0,0,0,0,0,0,0,0,0.00687313,0.0205781,0.334003
5890,UOX,749,6,178,13,22,154,73,24,7,97,79,102,74,7,14,2,0,22,8,2,0,4,10,12,0.00679669,0.0320235,0.21224
5900,UOX,678,6,161,17,13,125,89,28,3,94,68,80,98,7,32,6,1,10,8,3,0,12,13,13,0.00680703,0.034383,0.197977
5910,UOX,671,7,148,19,8,123,78,23,8,101,74,89,0,0,0,0,0,0,0,0,0,0,0,0,0.00686225,0.0214636,0.319716
5920,UOX,662,6,172,21,10,117,63,23,6,99,87,64,0,0,0,0,0,0,0,0,0,0,0,0,0.00685585,0.0178338,0.384431
5930,UOX,799,6,158,20,21,142,85,32,5,134,97,105,0,0,0,0,0,0,0,0,0,0,0,0,0.00679434,0.0216309,0.314103
5940,UOX,646,7,168,12,12,130,54,26,4,89,70,81,51,6,11,2,0,4,3,0,0,5,3,23,0.00688603,0.0315569,0.21821
5950,UOX,613,5,149,12,15,136,49,20,8,81,59,84,0,0,0,0,0,0,0,0,0,0,0,0,0.00667621,0.0199833,0.334089
5960,UOX,725,5,156,16,8,142,74,20,5,106,83,115,0,0,0,0,0,0,0,0,0,0,0,0,0.0067657,0.0183334,0.369036
5970,UOX,679,6,151,21,4,127,77,19,5,79,93,103,142,6,36,4,0,33,8,2,0,10,7,42,0.00681568,0.0336214,0.202719
5980,UOX,737,7,156,15,5,163,65,32,6,120,77,98,7,3,0,1,0,3,1,1,0,0,1,0,0.00685081,0.027147,0.25236
5990,UOX,696,5,166,18,19,135,62,22,8,110,68,88,0,0,0,0,0,0,0,0,0,0,0,0,0.00669067,0.0201233,0.332483
6000,UOX,680,5,149,14,11,118,78,24,5,102,94,85,150,5,43,6,1,17,10,3,0,28,12,30,0.00680112,0.0354808,0.191685
6010,UOX,670,5,148,22,14,124,62,21,7,102,76,94,0,0,0,0,0,0,0,0,0,0,0,0,0.0068098,0.0190518,0.357435
6020,UOX,730,6,150,16,18,144,84,31,6,84,90,107,0,0,0,0,0,0,0,0,0,0,0,0,0.00679521,0.0201677,0.336935
6030,UOX,651,6,126,10,14,121,60,24,2,106,85,103,0,0,0,0,0,0,0,0,0,0,0,0,0.00671423,0.0198639,0.338011
6040,UOX,644,6,145,19,8,135,64,25,3,101,76,68,0,0,0,0,0,0,0,0,0,0,0,0,0.00684126,0.0194456,0.351815
6050,UOX,575,6,116,16,12,133,62,17,5,84,59,71,28,4,11,1,1,4,4,0,0,3,3,1,0.0068174,0.0296805,0.229693
6060,UOX,685,6,151,20,9,127,66,22,5,102,74,109,0,0,0,0,0,0,0,0,0,0,0,0,0.00687736,0.0199193,0.345262
6070,UOX,690,5,178,22,5,111,51,29,9,110,85,90,85,4,20,2,0,11,5,2,0,11,6,28,0.00692067,0.0319029,0.216929
6080,UOX,647,5,149,15,10,135,58,20,8,103,75,74,99,6,37,3,0,10,5,1,1,13,10,19,0.00678921,0.0313169,0.216791
6090,UOX,742,7,176,13,13,135,57,29,6,116,93,104,63,5,24,3,1,9,6,0,0,8,5,7,0.00682367,0.0310573,0.219712
6100,UOX,688,7,160,18,11,131,71,24,2,92,85,94,46,5,10,2,0,3,3,0,0,7,9,12,0.00679837,0.0329377,0.206401
6110,UOX,675,5,141,12,14,142,65,29,4,82,85,101,0,0,0,0,0,0,0,0,0,0,0,0,0.00693702,0.0192672,0.360042
6120,UOX,683,6,147,17,12,140,61,26,6,107,82,85,56,6,15,1,1,6,3,3,1,9,8,9,0.00682672,0.029194,0.23384
6130,UOX,714,6,162,24,14,129,68,30,10,101,83,93,0,0,0,0,0,0,0,0,0,0,0,0,0.00683505,0.0198187,0.344879
6140,UOX,727,5,168,14,18,143,70,33,10,108,81,82,0,0,0,0,0,0,0,0,0,0,0,0,0.00683146,0.0187376,0.364586
6150,UOX,624,6,138,16,13,135,43,28,7,100,66,78,83,4,24,2,0,13,5,0,1,10,10,18,0.00687365,0.0346041,0.198637
6160,UOX,693,6,166,13,11,136,67,25,7,92,90,86,0,0,0,0,0,0,0,0,0,0,0,0,0.00667592,0.0192087,0.347546
6170,UOX,846,6,207,27,18,158,75,24,8,141,76,112,70,9,19,0,2,12,5,3,0,6,3,20,0.00691511,0.0345826,0.199959
6180,UOX,690,5,150,16,6,136,64,27,9,122,59,101,0,0,0,0,0,0,0,0,0,0,0,0,0.00683555,0.0184849,0.369791
6190,UOX,713,6,152,19,18,124,64,21,10,121,85,99,9,4,0,0,0,0,0,0,1,2,0,6,0.0068381,0.02761,0.247667
6200,UOX,693,5,170,10,13,147,56,25,7,105,73,87,0,0,0,0,0,0,0,0,0,0,0,0,0.00661916,0.0206965,0.319821
6210,UOX,671,5,144,21,9,121,74,23,4,99,73,103,0,0,0,0,0,0,0,0,0,0,0,0,0.00673633,0.0183823,0.366458
6220,UOX,624,9,135,13,12,123,59,30,7,94,57,94,0,0,0,0,0,0,0,0,0,0,0,0,0.00661644,0.0221685,0.298461
6230,UOX,690,6,185,21,16,118,57,22,1,111,68,91,0,0,0,0,0,0,0,0,0,0,0,0,0.0068281,0.020908,0.326578
6240,UOX,622,5,146,24,17,127,56,17,0,80,77,78,71,4,23,1,0,14,7,2,0,8,8,8,0.0068044,0.0280117,0.242913
6250,UOX,591,5,123,8,10,128,73,21,6,88,57,77,0,0,0,0,0,0,0,0,0,0,0,0,0.00669823,0.0197096,0.339846
6260,UOX,676,5,155,15,12,152,50,25,5,97,75,90,84,6,26,0,0,14,5,2,0,14,8,15,0.00684318,0.0305382,0.224086
6270,UOX,640,6,127,12,12,131,53,24,4,104,78,95,0,0,0,0,0,0,0,0,0,0,0,0,0.00682798,0.0193825,0.352276
6280,UOX,745,6,154,17,15,162,78,24,8,106,84,97,0,0,0,0,0,0,0,0,0,0,0,0,0.0068917,0.0222162,0.31021
6290,UOX,690,5,175,26,13,112,66,24,10,104,75,85,0,0,0,0,0,0,0,0,0,0,0,0,0.00688475,0.017978,0.382953
6300,UOX,713,8,162,13,9,127,77,35,10,95,76,109,46,4,13,2,0,7,0,0,0,5,9,10,0.00683617,0.0347837,0.196534
6310,UOX,673,5,156,19,11,139,68,25,7,107,58,83,91,6,29,2,1,18,6,1,0,13,13,8,0.00670135,0.0295609,0.226697
6320,UOX,680,6,171,20,11,126,63,28,7,115,66,73,0,0,0,0,0,0,0,0,0,0,0,0,0.0067211,0.017969,0.374039
6330,UOX,633,4,151,12,9,128,61,27,10,96,65,74,40,5,12,0,1,5,0,1,0,6,6,9,0.00668752,0.0254333,0.262943
6340,UOX,640,7,128,17,12,121,57,25,10,98,83,89,0,0,0,0,0,0,0,0,0,0,0,0,0.00677486,0.0202783,0.334094
6350,UOX,728,7,163,20,15,143,64,17,4,102,86,114,0,0,0,0,0,0,0,0,0,0,0,0,0.00676583,0.0238254,0.283975
6360,UOX,646,5,144,13,16,150,38,23,5,97,71,89,21,4,7,0,0,3,1,0,0,4,3,3,0.0067492,0.0259602,0.259982
6370,UOX,584,5,141,14,10,129,48,24,2,83,60,73,0,0,0,0,0,0,0,0,0,0,0,0,0.00666373,0.0184027,0.362107
6380,UOX,624,6,156,22,10,110,62,30,8,66,97,63,0,0,0,0,0,0,0,0,0,0,0,0,0.00675172,0.0180733,0.373574
6390,UOX,657,5,157,13,9,163,53,13,4,95,67,83,0,0,0,0,0,0,0,0,0,0,0,0,0.00671599,0.0183676,0.365643
6400,UOX,694,6,181,16,10,115,62,31,7,103,85,84,32,4,15,1,0,6,0,1,0,3,1,5,0.00671869,0.0314506,0.213626
6410,UOX,617,6,137,13,17,128,59,21,4,84,68,86,2,3,2,0,0,0,0,0,0,0,0,0,0.00671071,0.0262312,0.255829
6420,UOX,683,5,125,19,11,146,67,32,4,98,83,98,0,0,0,0,0,0,0,0,0,0,0,0,0.0066952,0.0182757,0.366344
6430,UOX,713,6,145,19,13,138,71,30,9,112,74,102,0,0,0,0,0,0,0,0,0,0,0,0,0.00672128,0.0207541,0.323854
6440,UOX,735,7,187,21,8,148,57,16,7,117,75,99,0,0,0,0,0,0,0,0,0,0,0,0,0.00675239,0.0220133,0.306741
6450,UOX,665,5,180,20,9,120,69,21,6,98,58,84,78,5,22,0,2,10,5,2,0,9,3,25,0.00675354,0.0335603,0.201236
6460,UOX,788,6,173,15,8,167,64,41,6,134,89,91,7,3,1,0,1,0,2,0,0,3,0,0,0.00671985,0.0276007,0.243466
6470,UOX,676,5,155,22,12,108,65,26,6,100,86,96,81,5,21,2,0,12,4,3,1,16,7,15,0.00688742,0.0290452,0.237127
6480,UOX,613,6,156,11,13,97,59,20,4,90,72,91,0,0,0,0,0,0,0,0,0,0,0,0,0.00673859,0.0208087,0.323836
6490,UOX,696,5,155,17,13,148,61,32,4,114,70,82,0,0,0,0,0,0,0,0,0,0,0,0,0.0074946,0.0191628,0.391101
6500,UOX,648,6,145,17,12,121,61,33,7,107,69,76,0,0,0,0,0,0,0,0,0,0,0,0,0.00674164,0.0214827,0.313818
6510,UOX,697,5,169,18,12,142,66,25,6,91,75,93,0,0,0,0,0,0,0,0,0,0,0,0,0.00666294,0.0188405,0.353649
6520,UOX,689,6,160,25,10,137,57,23,8,103,76,90,75,7,20,1,2,13,3,2,3,8,9,14,0.00669421,0.0309301,0.216431
6530,UOX,716,5,151,18,12,135,68,30,3,105,96,98,32,5,7,1,1,7,3,0,0,3,2,8,0.00682551,0.0281075,0.242836
6540,UOX,678,5,161,18,11,124,69,22,5,96,77,95,0,0,0,0,0,0,0,0,0,0,0,0,0.0067567,0.0191423,0.352972
6550,UOX,681,6,145,15,14,131,71,27,6,108,73,91,29,4,8,0,1,7,3,1,0,1,1,7,0.00667049,0.0306472,0.217654
6560,UOX,688,5,161,13,12,130,72,21,3,104,91,81,0,0,0,0,0,0,0,0,0,0,0,0,0.00677596,0.0176446,0.384025
6570,UOX,722,6,169,19,14,144,65,24,3,110,80,94,0,0,0,0,0,0,0,0,0,0,0,0,0.00676584,0.0192479,0.35151
6580,UOX,721,6,187,22,12,140,71,25,8,119,66,71,0,0,0,0,0,0,0,0,0,0,0,0,0.0069349,0.0186754,0.371339
6590,UOX,666,6,157,14,10,133,68,19,10,95,73,87,0,0,0,0,0,0,0,0,0,0,0,0,0.00664352,0.0214484,0.309744
6600,UOX,641,5,169,11,9,119,72,17,2,94,70,78,0,0,0,0,0,0,0,0,0,0,0,0,0.00671595,0.0193301,0.347434
6610,UOX,614,5,133,14,15,138,57,12,1,106,63,75,0,0,0,0,0,0,0,0,0,0,0,0,0.00677023,0.0171034,0.395842
6620,UOX,650,5,160,12,9,122,72,20,2,100,84,69,0,0,0,0,0,0,0,0,0,0,0,0,0.00676286,0.0169567,0.398831
6630,UOX,668,6,166,16,9,140,45,24,5,95,78,90,42,5,10,4,1,7,3,3,0,3,3,8,0.00673606,0.0287279,0.234478
6640,UOX,629,8,119,11,12,115,67,25,8,111,67,94,127,6,30,4,4,14,9,5,1,22,12,26,0.00676875,0.0356505,0.189864
6650,UOX,714,6,183,11,11,150,62,21,9,105,72,90,0,0,0,0,0,0,0,0,0,0,0,0,0.00688595,0.0219002,0.314424
6660,UOX,653,4,150,17,8,139,65,15,6,115,62,76,0,0,0,0,0,0,0,0,0,0,0,0,0.0068451,0.0170166,0.40226
6670,UOX,631,5,143,24,24,107,51,25,6,94,78,79,0,0,0,0,0,0,0,0,0,0,0,0,0.00674525,0.0176264,0.382679
6680,UOX,682,5,175,8,16,126,74,30,7,92,73,81,25,5,9,3,0,4,1,0,0,2,1,5,0.00676996,0.0273796,0.247263
6690,UOX,710,6,158,14,10,136,70,27,6,101,86,102,23,5,5,0,0,5,0,0,0,2,2,9,0.00673198,0.03039,0.22152
6700,UOX,719,7,150,29,13,157,54,32,4,110,80,90,0,0,0,0,0,0,0,0,0,0,0,0,0.00682957,0.0221037,0.308978
6710,UOX,703,7,170,18,12,129,68,24,6,105,86,85,0,0,0,0,0,0,0,0,0,0,0,0,0.00682908,0.0203104,0.336235
6720,UOX,598,5,145,17,7,104,63,30,5,94,71,62,82,6,22,7,2,13,5,1,0,5,10,17,0.00675903,0.0290347,0.232792
6730,UOX,680,5,151,14,5,145,66,18,4,113,77,87,70,5,22,1,1,7,1,2,0,10,12,14,0.00677484,0.0294465,0.230072
6740,UOX,781,6,187,21,13,152,62,29,3,123,105,86,110,7,37,3,2,14,4,3,2,18,13,14,0.00675307,0.0335972,0.201001
6750,UOX,638,5,149,17,16,125,74,30,5,86,59,77,0,0,0,0,0,0,0,0,0,0,0,0,0.00670463,0.0210376,0.318698
6760,UOX,664,5,177,20,14,126,54,20,5,100,77,71,0,0,0,0,0,0,0,0,0,0,0,0,0.00687631,0.0169211,0.406374
6770,UOX,691,6,168,14,15,146,76,23,5,106,74,64,0,0,0,0,0,0,0,0,0,0,0,0,0.00683877,0.0195317,0.350136
6780,UOX,686,6,158,22,21,130,69,9,6,106,67,98,0,0,0,0,0,0,0,0,0,0,0,0,0.00671632,0.0197952,0.33929
6790,UOX,655,6,143,20,13,123,59,17,8,119,63,90,106,6,32,0,1,11,8,1,1,15,11,26,0.00676422,0.0337921,0.200171
6800,UOX,743,5,168,17,8,123,80,23,10,107,86,121,50,4,4,1,0,9,4,1,1,6,1,23,0.00673288,0.0338418,0.198952
6810,UOX,770,7,203,15,13,151,90,25,4,100,77,92,0,0,0,0,0,0,0,0,0,0,0,0,0.00679322,0.0216195,0.314217
6820,UOX,719,6,181,22,9,135,64,19,7,108,78,96,0,0,0,0,0,0,0,0,0,0,0,0,0.00671668,0.0204799,0.327964
6830,UOX,680,6,139,18,14,134,86,22,6,94,72,95,0,0,0,0,0,0,0,0,0,0,0,0,0.00675919,0.0190244,0.35529
6840,UOX,678,7,155,21,9,141,71,23,5,81,81,91,0,0,0,0,0,0,0,0,0,0,0,0,0.0067835,0.021783,0.311413
6850,UOX,633,5,153,16,16,118,59,32,5,105,67,62,0,0,0,0,0,0,0,0,0,0,0,0,0.00671028,0.0199549,0.336272
6860,UOX,719,5,183,18,13,127,69,30,5,118,86,70,158,7,34,5,2,27,12,6,3,22,16,31,0.00683928,0.0316314,0.216218
6870,UOX,648,5,164,14,11,122,59,17,10,97,82,72,0,0,0,0,0,0,0,0,0,0,0,0,0.00699496,0.0169724,0.412137
6880,UOX,658,5,175,14,13,100,69,29,1,105,72,80,38,5,7,2,1,9,3,0,0,7,3,6,0.00680269,0.0266981,0.2548
6890,UOX,666,6,157,14,12,120,58,22,6,102,82,93,0,0,0,0,0,0,0,0,0,0,0,0,0.00684367,0.0212034,0.322762
6900,UOX,727,6,160,25,15,135,80,31,7,107,70,97,37,4,13,0,2,5,1,2,1,5,5,3,0.00674473,0.0338709,0.199131
6910,UOX,767,5,178,13,12,156,56,27,9,120,80,116,0,0,0,0,0,0,0,0,0,0,0,0,0.00680551,0.0204761,0.332363
6920,UOX,0,3,0,0,0,0,0,0,0,0,0,0,17,4,3,1,1,2,2,0,0,2,4,2,0.000188251,0.0140392,0.013409
6930,UOX,766,5,178,18,23,153,66,21,4,104,92,107,34,5,8,3,0,4,1,2,1,3,3,9,0.00679718,0.0278462,0.244097
6940,UOX,624,9,148,15,9,116,45,22,8,107,83,71,51,4,17,0,0,5,5,2,0,7,7,8,0.00675635,0.0297583,0.227041
6950,UOX,697,8,156,15,16,139,71,22,10,106,60,102,0,0,0,0,0,0,0,0,0,0,0,0,0.00675973,0.0252043,0.268197
6960,UOX,694,5,167,14,13,129,78,23,8,110,80,72,0,0,0,0,0,0,0,0,0,0,0,0,0.00671348,0.0185695,0.361533
6970,UOX,631,5,162,15,15,121,55,21,9,90,67,76,0,0,0,0,0,0,0,0,0,0,0,0,0.00682762,0.0175852,0.38826
6980,UOX,703,5,145,15,14,137,79,21,5,119,84,84,0,0,0,0,0,0,0,0,0,0,0,0,0.00681107,0.0180749,0.376824
6990,UOX,845,6,204,19,14,155,85,33,9,137,79,110,0,0,0,0,0,0,0,0,0,0,0,0,0.00676562,0.0225123,0.300529
7000,UOX,689,6,150,9,15,124,74,32,7,103,76,99,23,4,6,2,0,7,1,1,0,3,1,2,0.0067544,0.0333344,0.202625
7010,UOX,655,6,173,19,13,119,47,28,7,85,78,86,0,0,0,0,0,0,0,0,0,0,0,0,0.00674821,0.0202455,0.333319
7020,UOX,713,6,153,19,13,143,70,20,3,115,71,106,0,0,0,0,0,0,0,0,0,0,0,0,0.00673875,0.0202226,0.333228
7030,UOX,661,6,146,14,11,150,44,20,7,127,59,83,7,3,3,0,1,1,0,0,0,1,0,1,0.00665837,0.0266114,0.250207
7040,UOX,730,5,131,18,18,154,78,21,5,113,94,98,65,5,17,2,0,8,3,2,1,11,8,13,0.00678057,0.0303202,0.223632
7050,UOX,670,5,161,16,11,140,68,23,3,95,73,80,74,5,15,5,0,14,4,1,0,12,7,16,0.0067977,0.0313366,0.216925
7060,UOX,572,5,145,11,9,125,53,21,12,81,54,61,0,0,0,0,0,0,0,0,0,0,0,0,0.00666932,0.0167376,0.398464
7070,UOX,645,6,157,11,6,128,66,23,4,108,56,86,0,0,0,0,0,0,0,0,0,0,0,0,0.0066727,0.0194346,0.343341
7080,UOX,751,5,167,16,7,164,88,32,5,106,83,83,0,0,0,0,0,0,0,0,0,0,0,0,0.00674159,0.018671,0.361072
7090,UOX,693,5,178,19,11,118,73,16,10,113,75,80,0,0,0,0,0,0,0,0,0,0,0,0,0.00677696,0.0195984,0.345792
7100,UOX,661,6,136,16,9,119,72,31,5,102,71,100,0,0,0,0,0,0,0,0,0,0,0,0,0.00668079,0.0224897,0.29706
7110,UOX,618,6,148,8,6,130,54,22,9,92,73,76,0,0,0,0,0,0,0,0,0,0,0,0,0.00663892,0.0186613,0.355759
7120,UOX,636,5,161,16,13,132,50,21,5,86,68,84,0,0,0,0,0,0,0,0,0,0,0,0,0.00681322,0.0182602,0.373119
7130,UOX,709,5,171,22,9,121,75,26,7,106,80,92,0,0,0,0,0,0,0,0,0,0,0,0,0.00675099,0.0184858,0.365198
7140,UOX,739,5,197,18,8,129,69,28,3,131,69,87,44,6,15,0,0,7,0,2,0,6,3,11,0.00672047,0.0298143,0.225411
7150,UOX,589,5,136,19,18,115,60,19,6,84,65,67,0,0,0,0,0,0,0,0,0,0,0,0,0.00669296,0.0201915,0.331474
7160,UOX,762,8,172,21,8,156,66,27,11,116,84,101,50,4,13,1,0,9,5,2,0,11,2,7,0.00676583,0.0313803,0.215607
7170,UOX,652,9,152,20,13,126,77,25,10,71,69,89,98,5,26,3,0,17,11,1,2,15,11,12,0.00668321,0.0337031,0.198296
7180,UOX,0,3,0,0,0,0,0,0,0,0,0,0,0,0,0,0,0,0,0,0,0,0,0,0,0.000183411,0.00676569,0.027109
7190,UOX,699,6,167,14,10,130,74,22,5,107,70,100,16,3,2,0,0,3,0,0,0,0,2,9,0.00671241,0.0295574,0.227097
7200,UOX,681,5,170,15,12,121,75,25,7,98,76,82,0,0,0,0,0,0,0,0,0,0,0,0,0.00675708,0.0204667,0.33015
7210,UOX,658,5,163,20,11,126,60,20,8,106,82,62,54,5,11,1,0,8,2,3,0,10,6,13,0.00682777,0.0270083,0.252803
7220,UOX,710,6,168,18,17,143,59,23,2,105,84,91,0,0,0,0,0,0,0,0,0,0,0,0,0.00687933,0.0191533,0.359171
7230,UOX,625,6,149,21,5,120,62,21,5,88,75,79,0,0,0,0,0,0,0,0,0,0,0,0,0.00678236,0.0201365,0.336819
7240,UOX,689,6,135,16,14,139,62,40,6,110,85,82,0,0,0,0,0,0,0,0,0,0,0,0,0.00668695,0.0204039,0.327729
7250,UOX,693,6,151,28,15,125,70,29,9,98,71,97,0,0,0,0,0,0,0,0,0,0,0,0,0.00668052,0.0227466,0.293693
7260,UOX,722,6,163,14,12,138,75,28,12,113,79,88,75,6,17,1,1,11,7,1,0,14,5,18,0.00672049,0.0327665,0.205102
7270,UOX,675,5,148,13,18,134,63,21,4,95,86,93,0,0,0,0,0,0,0,0,0,0,0,0,0.00679448,0.0179143,0.379276
7280,UOX,773,7,174,19,11,182,81,17,4,93,88,104,77,4,21,3,5,15,4,1,0,12,10,6,0.0068058,0.0318375,0.213767
7290,UOX,0,3,0,0,0,0,0,0,0,0,0,0,0,0,0,0,0,0,0,0,0,0,0,0,0.000185121,0.00669133,0.0276658
7300,UOX,665,5,158,22,5,131,61,30,3,100,69,86,61,6,20,0,0,9,1,2,0,6,7,16,0.00672687,0.0349539,0.19245
7310,UOX,659,5,140,21,12,125,53,25,8,91,81,103,0,0,0,0,0,0,0,0,0,0,0,0,0.00658197,0.0173832,0.37864
7320,UOX,638,5,141,17,12,113,76,25,9,105,69,71,0,0,0,0,0,0,0,0,0,0,0,0,0.00676421,0.0176284,0.383711
7330,UOX,707,5,154,16,14,142,64,39,10,102,82,84,0,0,0,0,0,0,0,0,0,0,0,0,0.00683057,0.0183435,0.37237
7340,UOX,671,6,163,18,8,137,67,31,7,94,74,72,0,0,0,0,0,0,0,0,0,0,0,0,0.00671829,0.0197349,0.340426
7350,UOX,745,5,158,12,9,143,87,30,10,127,87,82,0,0,0,0,0,0,0,0,0,0,0,0,0.00685263,0.0195234,0.350995
7360,UOX,641,7,132,18,15,126,58,24,7,117,70,74,0,0,0,0,0,0,0,0,0,0,0,0,0.00680909,0.0200908,0.338916
7370,UOX,730,7,185,14,14,138,65,27,7,101,83,96,70,4,18,3,2,10,5,1,0,12,7,12,0.00680521,0.0312967,0.217441
7380,UOX,718,6,158,26,18,165,62,21,4,101,65,98,0,0,0,0,0,0,0,0,0,0,0,0,0.00678889,0.0205507,0.330348
7390,UOX,742,5,151,23,13,131,89,26,4,121,92,92,0,0,0,0,0,0,0,0,0,0,0,0,0.00689007,0.0184694,0.373053
7400,UOX,695,6,178,9,14,141,66,34,8,98,66,81,0,0,0,0,0,0,0,0,0,0,0,0,0.00692568,0.0227132,0.304919
7410,UOX,715,5,181,21,13,154,64,20,4,93,86,79,0,0,0,0,0,0,0,0,0,0,0,0,0.00691141,0.0178561,0.387061
7420,UOX,646,5,152,11,12,121,62,23,3,100,74,88,111,6,30,2,1,10,11,1,0,18,7,31,0.00680989,0.0335626,0.202901
7430,UOX,706,5,171,14,18,147,74,14,5,99,79,85,67,5,33,3,0,8,3,2,0,6,7,5,0.00680329,0.0282797,0.240571
7440,UOX,651,5,176,15,11,131,54,21,3,93,68,79,0,0,0,0,0,0,0,0,0,0,0,0,0.00686872,0.0174153,0.394407
7450,UOX,589,4,138,13,16,112,47,21,2,98,68,74,0,0,0,0,0,0,0,0,0,0,0,0,0.00684565,0.0182609,0.37488
7460,UOX,760,5,194,17,16,132,64,31,4,129,77,96,0,0,0,0,0,0,0,0,0,0,0,0,0.00690225,0.0189794,0.36367
7470,UOX,677,5,179,13,15,115,53,20,3,102,85,92,103,6,28,2,1,13,8,3,0,15,13,20,0.00681252,0.0316212,0.215441
7480,UOX,657,7,149,10,17,129,59,16,7,100,85,85,28,4,5,0,1,4,2,0,0,6,2,8,0.0066954,0.028551,0.234506
7490,UOX,612,8,121,19,15,112,61,25,7,95,80,77,75,8,18,4,1,4,4,3,0,9,7,25,0.00682644,0.032893,0.207534
7500,UOX,675,5,146,14,6,137,72,27,4,90,68,111,0,0,0,0,0,0,0,0,0,0,0,0,0.0067787,0.0209248,0.323955
7510,UOX,772,6,186,25,13,130,79,20,5,120,71,123,0,0,0,0,0,0,0,0,0,0,0,0,0.00670585,0.0216173,0.310207
7520,UOX,742,5,168,22,18,139,65,22,10,109,75,114,117,6,30,4,0,21,6,3,1,22,11,19,0.00674135,0.0324083,0.208013
7530,UOX,679,9,152,19,12,135,70,31,6,91,66,97,0,0,0,0,0,0,0,0,0,0,0,0,0.00680569,0.0224603,0.30301
7540,UOX,754,7,153,22,15,153,77,30,10,111,76,107,0,0,0,0,0,0,0,0,0,0,0,0,0.00675485,0.0216397,0.312151
7550,UOX,682,6,181,10,15,138,72,27,10,88,66,75,2,3,0,0,0,0,0,0,0,0,2,0,0.00679528,0.0304011,0.223521
7560,UOX,716,6,157,20,12,140,68,19,6,109,81,104,0,0,0,0,0,0,0,0,0,0,0,0,0.00686337,0.0213782,0.321045
7570,UOX,695,5,172,25,16,140,68,21,5,108,75,65,0,0,0,0,0,0,0,0,0,0,0,0,0.00679913,0.0169615,0.400855
7580,UOX,726,6,169,22,11,151,64,44,7,89,82,87,38,5,7,1,0,8,4,2,0,1,6,9,0.00687661,0.0284346,0.24184
7590,UOX,686,5,177,12,10,137,60,23,8,99,73,87,55,4,16,3,1,11,5,0,1,5,6,7,0.00669143,0.0284078,0.235549
7600,UOX,698,6,156,19,13,142,63,21,7,108,74,95,93,5,26,0,2,15,6,2,3,10,8,21,0.00683033,0.0352451,0.193795
7610,UOX,663,5,146,22,9,135,48,25,4,117,71,86,85,6,21,1,4,18,1,0,2,15,8,15,0.00694642,0.0285805,0.243048
7620,UOX,708,5,180,15,13,114,78,23,4,117,81,83,0,0,0,0,0,0,0,0,0,0,0,0,0.00684413,0.0187717,0.364597
7630,UOX,724,6,167,15,12,124,65,25,3,125,81,107,0,0,0,0,0,0,0,0,0,0,0,0,0.00677401,0.0199849,0.338956
7640,UOX,773,6,193,22,11,144,73,38,5,111,77,99,0,0,0,0,0,0,0,0,0,0,0,0,0.00680152,0.0202616,0.335685
7650,UOX,697,6,119,18,17,140,79,25,7,109,77,106,52,4,12,0,0,7,4,1,1,10,3,14,0.00666014,0.0329538,0.202105
7660,UOX,694,5,164,13,9,130,72,31,11,114,74,76,81,5,23,1,4,14,5,4,0,12,9,9,0.00680076,0.028867,0.235589
7670,UOX,741,5,190,17,10,140,70,28,2,104,69,111,0,0,0,0,0,0,0,0,0,0,0,0,0.00674691,0.0188466,0.357991
7680,UOX,801,7,223,14,7,141,74,25,7,130,80,100,0,0,0,0,0,0,0,0,0,0,0,0,0.00670382,0.0220115,0.30456
7690,UOX,729,6,157,20,11,113,82,28,10,99,81,128,10,3,0,0,0,6,1,0,0,1,0,2,0.00674602,0.0286207,0.235704
7700,UOX,631,5,155,17,11,131,54,18,7,87,74,77,0,0,0,0,0,0,0,0,0,0,0,0,0.00669446,0.0189712,0.352874
7710,UOX,693,6,181,18,9,125,77,19,8,92,83,81,105,6,25,5,4,17,13,1,1,20,10,9,0.00677505,0.0315446,0.214777
7720,UOX,741,6,198,30,12,142,70,23,7,102,69,88,0,0,0,0,0,0,0,0,0,0,0,0,0.00674178,0.0207649,0.324671
7730,UOX,650,9,165,19,13,145,49,18,7,85,62,87,0,0,0,0,0,0,0,0,0,0,0,0,0.00675792,0.0208357,0.324343
7740,UOX,747,7,189,22,12,135,56,32,8,106,90,97,28,6,6,0,0,6,1,1,0,5,2,7,0.00694342,0.0304172,0.228272
7750,UOX,715,5,175,21,17,136,56,19,4,98,99,90,41,5,11,0,1,5,1,2,0,2,4,15,0.00678908,0.0307142,0.221041
7760,UOX,654,5,146,21,14,128,62,23,8,113,60,79,82,5,22,3,4,12,3,2,1,5,14,16,0.00681837,0.0288765,0.236122
7770,UOX,764,8,155,15,11,160,73,33,4,112,81,120,0,0,0,0,0,0,0,0,0,0,0,0,0.00680256,0.0236241,0.287949
7780,UOX,734,7,164,10,15,120,77,27,4,117,79,121,34,6,12,0,0,6,1,1,0,2,4,8,0.00678011,0.0319027,0.212524
7790,UOX,679,6,163,12,11,134,80,23,4,89,89,74,0,0,0,0,0,0,0,0,0,0,0,0,0.00673331,0.0198395,0.339389
7800,UOX,685,6,168,21,7,117,79,36,4,96,82,75,38,4,11,1,1,4,2,0,1,6,4,8,0.00689455,0.0313471,0.219942
7810,UOX,645,5,160,14,15,131,62,27,1,87,74,74,0,0,0,0,0,0,0,0,0,0,0,0,0.00664326,0.0169906,0.390995
7820,UOX,643,7,134,21,9,129,71,19,2,106,77,75,38,4,10,1,0,4,1,0,0,7,4,11,0.00679113,0.0287814,0.235955
7830,UOX,724,6,154,18,16,140,80,33,3,111,78,91,137,7,32,2,2,27,9,6,1,19,13,26,0.00682382,0.0317664,0.214812
7840,UOX,737,5,155,19,10,146,71,27,6,121,96,86,0,0,0,0,0,0,0,0,0,0,0,0,0.00677396,0.0192918,0.351132
7850,UOX,709,5,153,18,10,138,77,23,7,100,79,104,19,4,1,1,1,4,3,1,0,1,1,6,0.00669747,0.0320498,0.208971
7860,UOX,656,7,144,19,14,113,56,18,8,110,77,97,11,4,2,1,2,1,1,1,0,0,1,2,0.00675341,0.0288713,0.233914
7870,UOX,672,4,156,13,8,141,76,23,7,105,67,76,0,0,0,0,0,0,0,0,0,0,0,0,0.00670485,0.0173337,0.38681
7880,UOX,711,6,157,18,19,134,84,20,3,115,72,89,40,4,11,2,2,5,1,2,0,8,5,4,0.00676436,0.0288849,0.234183
7890,UOX,744,7,177,21,16,129,61,16,8,112,79,125,0,0,0,0,0,0,0,0,0,0,0,0,0.00677331,0.0236866,0.285955
7900,UOX,693,6,168,29,8,129,69,31,9,104,75,71,0,0,0,0,0,0,0,0,0,0,0,0,0.00679139,0.0203284,0.334084
7910,UOX,711,5,172,16,9,123,77,19,9,102,77,107,80,6,21,1,0,11,6,3,1,8,7,22,0.0067625,0.0315003,0.21468
7920,UOX,782,6,169,14,15,150,96,23,10,116,75,114,0,0,0,0,0,0,0,0,0,0,0,0,0.00681438,0.0219706,0.310159
7930,UOX,751,6,152,21,13,139,76,32,6,128,92,92,42,5,6,1,2,5,4,1,0,3,3,17,0.00676504,0.0322669,0.209659
7940,UOX,696,5,158,16,16,129,61,32,7,111,88,78,0,0,0,0,0,0,0,0,0,0,0,0,0.00670494,0.0177574,0.377586
7950,UOX,650,5,163,16,12,134,49,25,5,103,73,70,0,0,0,0,0,0,0,0,0,0,0,0,0.00673409,0.0191999,0.350735
7960,UOX,698,8,144,19,16,153,51,16,6,107,61,125,0,0,0,0,0,0,0,0,0,0,0,0,0.0066987,0.0228314,0.293398
7970,UOX,694,5,154,12,7,150,62,21,7,108,80,93,0,0,0,0,0,0,0,0,0,0,0,0,0.00687995,0.0189923,0.36225
7980,UOX,710,7,150,19,6,151,81,22,10,117,66,88,22,4,1,0,0,3,1,0,0,2,2,13,0.00695993,0.0305298,0.227972
7990,UOX,641,5,161,11,6,114,57,24,9,117,79,63,0,0,0,0,0,0,0,0,0,0,0,0,0.00684631,0.0178392,0.383778
8000,UOX,717,5,147,26,11,160,75,21,3,106,62,106,0,0,0,0,0,0,0,0,0,0,0,0,0.00684755,0.0220444,0.310625
8010,UOX,645,6,176,24,10,131,52,22,6,84,63,77,0,0,0,0,0,0,0,0,0,0,0,0,0.00677557,0.0195908,0.345854
8020,UOX,728,5,166,11,12,157,58,25,9,110,67,113,101,5,37,2,1,12,2,2,0,17,9,19,0.00682606,0.0311449,0.219171
8030,UOX,754,5,159,28,15,146,82,33,9,117,78,87,0,0,0,0,0,0,0,0,0,0,0,0,0.00685528,0.0191802,0.357414
8040,UOX,630,5,167,13,14,114,62,20,2,101,65,72,171,6,41,4,4,37,17,3,2,18,18,27,0.0067158,0.0340718,0.197107
8050,UOX,720,6,166,21,14,134,63,26,12,116,69,99,57,5,20,1,0,9,9,2,0,6,6,4,0.00678731,0.0341024,0.199027
8060,UOX,716,5,142,18,8,129,73,26,8,109,97,106,0,0,0,0,0,0,0,0,0,0,0,0,0.00677329,0.0196221,0.345187
8070,UOX,698,5,152,14,11,141,78,35,4,99,69,95,0,0,0,0,0,0,0,0,0,0,0,0,0.00675136,0.0194017,0.347978
8080,UOX,640,6,152,13,12,132,65,22,6,80,62,96,0,0,0,0,0,0,0,0,0,0,0,0,0.00673353,0.0191341,0.351912
8090,UOX,740,7,191,16,11,138,66,14,2,118,89,95,0,0,0,0,0,0,0,0,0,0,0,0,0.00679685,0.0214505,0.316863
8100,UOX,648,5,147,15,20,144,55,20,4,103,72,68,29,5,3,2,2,7,1,1,1,7,1,4,0.00683006,0.0295022,0.23151
8110,UOX,832,6,193,21,16,174,84,28,5,126,88,97,38,4,8,1,0,5,1,0,1,5,1,16,0.00683163,0.0303728,0.224926
8120,UOX,700,6,180,22,11,107,62,25,9,104,85,95,0,0,0,0,0,0,0,0,0,0,0,0,0.00680384,0.0203964,0.33358
8130,UOX,670,6,151,14,14,151,62,25,9,84,76,84,11,4,2,0,0,1,1,0,0,2,3,2,0.00681745,0.0258299,0.263936
8140,UOX,657,6,171,11,6,142,40,26,7,82,73,99,40,4,6,1,0,8,7,0,0,8,2,8,0.00672902,0.0268187,0.250908
8150,UOX,696,7,154,16,8,141,59,26,9,105,85,93,0,0,0,0,0,0,0,0,0,0,0,0,0.00662131,0.0238591,0.277517
8160,UOX,702,7,193,14,11,140,72,27,3,99,71,72,0,0,0,0,0,0,0,0,0,0,0,0,0.00678014,0.0207593,0.326607
8170,UOX,779,6,172,19,14,146,85,26,9,111,96,101,0,0,0,0,0,0,0,0,0,0,0,0,0.00677776,0.0217431,0.31172
8180,UOX,707,6,138,10,10,135,70,36,9,119,88,92,109,4,26,1,5,17,6,3,1,18,12,20,0.00673996,0.032002,0.210611
8190,UOX,710,6,178,16,13,128,72,18,5,94,75,111,0,0,0,0,0,0,0,0,0,0,0,0,0.00674906,0.0207157,0.325794
8200,UOX,771,6,175,20,14,152,82,30,5,109,80,104,34,4,8,0,1,8,2,0,0,4,4,7,0.00689639,0.0314657,0.219171
8210,UOX,687,5,142,18,12,130,59,37,2,100,80,107,4,3,1,0,0,0,0,0,0,1,0,2,0.00676293,0.0249826,0.270705
8220,UOX,730,5,164,7,21,130,73,23,2,110,90,110,30,4,7,1,0,3,1,2,0,4,8,4,0.0068577,0.0274206,0.250093
8230,UOX,752,6,170,13,21,150,57,30,3,113,79,116,0,0,0,0,0,0,0,0,0,0,0,0,0.00669448,0.0215174,0.311119
8240,UOX,718,6,160,26,14,145,58,25,4,109,77,100,0,0,0,0,0,0,0,0,0,0,0,0,0.00687922,0.0195824,0.351296
8250,UOX,751,6,183,16,18,155,50,17,3,120,88,101,0,0,0,0,0,0,0,0,0,0,0,0,0.00664195,0.021503,0.308885
8260,UOX,687,7,151,16,13,144,63,23,8,99,68,102,0,0,0,0,0,0,0,0,0,0,0,0,0.00678731,0.0198337,0.34221
8270,UOX,745,5,161,16,9,162,74,29,10,114,78,92,0,0,0,0,0,0,0,0,0,0,0,0,0.00674687,0.0195335,0.345399
8280,UOX,688,6,144,16,16,132,58,26,4,113,76,103,85,5,31,1,0,10,3,0,1,8,19,12,0.00680579,0.0323453,0.210411
8290,UOX,654,5,150,23,13,127,56,20,6,109,74,76,0,0,0,0,0,0,0,0,0,0,0,0,0.00668469,0.0187939,0.355684
8300,UOX,681,5,147,9,12,168,68,26,3,95,75,78,0,0,0,0,0,0,0,0,0,0,0,0,0.00675071,0.0228717,0.295155
8310,UOX,647,6,139,19,14,125,70,17,3,85,75,100,47,6,13,1,2,6,0,3,1,10,4,7,0.00672158,0.0280626,0.239521
8320,UOX,635,5,145,15,14,112,62,19,3,100,60,105,0,0,0,0,0,0,0,0,0,0,0,0,0.0067068,0.0182725,0.367043
8330,UOX,686,5,183,8,9,131,68,18,3,101,91,74,24,4,3,1,0,3,1,0,0,2,1,13,0.00682893,0.0281983,0.242175
8340,UOX,731,5,169,21,13,137,64,42,4,115,85,81,207,7,62,8,5,29,9,2,0,24,30,38,0.00676878,0.0357243,0.189473
8350,UOX,619,5,133,12,9,132,53,16,6,96,70,92,38,4,4,2,0,4,2,0,2,2,4,18,0.00673056,0.0311268,0.21623
8360,UOX,702,7,186,16,12,125,76,31,4,92,71,89,0,0,0,0,0,0,0,0,0,0,0,0,0.00681189,0.0202918,0.335696
8370,UOX,686,6,155,15,15,127,57,26,10,112,85,84,13,5,2,0,0,1,2,0,0,1,0,7,0.00668292,0.0277514,0.240814
8380,UOX,701,7,186,10,12,133,63,26,7,113,72,79,0,0,0,0,0,0,0,0,0,0,0,0,0.00671118,0.0209549,0.320267
8390,UOX,757,6,170,18,15,150,73,33,4,110,84,100,0,0,0,0,0,0,0,0,0,0,0,0,0.0067747,0.0205811,0.329171
8400,UOX,736,6,174,29,19,146,77,30,4,107,73,77,0,0,0,0,0,0,0,0,0,0,0,0,0.006851,0.0237144,0.288896
8410,UOX,635,4,141,13,11,125,56,24,6,93,91,75,57,5,9,1,0,9,3,2,0,11,7,15,0.00660212,0.0269927,0.244589
8420,UOX,592,5,167,29,9,97,53,21,7,97,56,56,0,0,0,0,0,0,0,0,0,0,0,0,0.00675477,0.0162182,0.416492
8430,UOX,771,5,162,17,16,157,90,27,7,116,74,105,41,5,9,1,1,5,3,0,0,6,2,14,0.00674261,0.0314971,0.214071
8440,UOX,663,5,178,11,12,140,60,28,5,92,69,68,0,0,0,0,0,0,0,0,0,0,0,0,0.00678879,0.0182905,0.371164
8450,UOX,700,5,172,11,10,144,60,25,3,103,80,92,0,0,0,0,0,0,0,0,0,0,0,0,0.00685272,0.0199923,0.342769
8460,UOX,696,7,181,18,9,125,52,38,6,103,64,100,0,0,0,0,0,0,0,0,0,0,0,0,0.00674673,0.0211836,0.318489
8470,UOX,624,6,132,14,10,126,56,25,7,90,64,100,0,0,0,0,0,0,0,0,0,0,0,0,0.00680636,0.0211414,0.321945
8480,UOX,684,8,159,11,14,143,62,28,5,93,68,101,0,0,0,0,0,0,0,0,0,0,0,0,0.00667277,0.0224307,0.297484
8490,UOX,659,5,160,15,14,133,49,19,10,104,66,89,2,3,0,0,0,0,2,0,0,0,0,0,0.00674953,0.0253334,0.266428
8500,UOX,766,6,179,16,17,143,71,22,11,101,91,115,0,0,0,0,0,0,0,0,0,0,0,0,0.00671482,0.024722,0.271613
8510,UOX,691,8,137,15,8,142,65,33,4,109,91,87,0,0,0,0,0,0,0,0,0,0,0,0,0.00667606,0.0203605,0.327893
8520,UOX,633,6,142,19,14,112,59,19,7,108,79,74,15,4,0,0,1,4,3,0,0,1,2,4,0.00667858,0.0275457,0.242454
8530,UOX,625,6,156,16,8,127,55,22,5,82,85,69,0,0,0,0,0,0,0,0,0,0,0,0,0.00664409,0.0190472,0.348822
8540,UOX,679,4,142,13,19,154,56,20,6,111,71,87,0,0,0,0,0,0,0,0,0,0,0,0,0.00677208,0.017271,0.392107
8550,UOX,738,5,173,22,11,137,70,25,6,105,89,100,0,0,0,0,0,0,0,0,0,0,0,0,0.00670076,0.0219517,0.305249
8560,UOX,760,6,172,18,9,152,78,36,7,120,83,85,0,0,0,0,0,0,0,0,0,0,0,0,0.00679658,0.0200822,0.338438
8570,UOX,690,6,175,14,14,114,67,23,5,103,74,101,11,3,2,0,0,2,2,0,0,0,1,4,0.00671363,0.0268913,0.249658
8580,UOX,812,6,201,15,14,153,77,34,8,96,95,119,0,0,0,0,0,0,0,0,0,0,0,0,0.00679994,0.0208767,0.32572
8590,UOX,718,6,150,16,14,129,72,32,9,131,76,89,0,0,0,0,0,0,0,0,0,0,0,0,0.00677594,0.0195526,0.34655
8600,UOX,730,6,170,16,14,122,71,26,10,130,92,79,0,0,0,0,0,0,0,0,0,0,0,0,0.00671813,0.0213527,0.314627
8610,UOX,674,7,148,22,15,157,59,17,7,92,67,90,121,4,30,3,1,18,6,1,1,20,14,27,0.0067328,0.0326378,0.206288
8620,UOX,683,6,170,11,8,155,64,19,8,91,73,84,50,5,12,1,2,10,3,1,0,6,3,12,0.00673277,0.0290918,0.231432
8630,UOX,615,5,135,5,14,124,61,13,7,107,68,81,0,0,0,0,0,0,0,0,0,0,0,0,0.00674551,0.0167954,0.40163
8640,UOX,786,5,182,24,11,151,72,24,4,122,90,106,0,0,0,0,0,0,0,0,0,0,0,0,0.00676656,0.0197932,0.341863
8650,UOX,703,7,144,17,10,115,66,35,7,110,81,118,0,0,0,0,0,0,0,0,0,0,0,0,0.00687826,0.0241574,0.284726
8660,UOX,636,6,139,23,16,128,59,24,5,98,75,69,0,0,0,0,0,0,0,0,0,0,0,0,0.00678567,0.0191295,0.354723
8670,UOX,692,6,142,16,13,130,57,37,4,97,86,110,182,7,41,2,0,26,7,4,0,30,17,55,0.00677413,0.0359931,0.188206
8680,UOX,635,7,158,24,9,124,68,22,7,81,67,75,0,0,0,0,0,0,0,0,0,0,0,0,0.00673632,0.02081,0.323706
8690,UOX,713,5,168,21,11,130,70,30,8,88,80,107,147,4,36,3,0,24,11,5,0,17,14,37,0.00669191,0.0320411,0.208854
8700,UOX,672,6,181,14,11,129,78,26,3,84,75,71,0,0,0,0,0,0,0,0,0,0,0,0,0.00686026,0.0200835,0.341587
8710,UOX,590,6,144,18,13,95,64,26,6,94,52,78,0,0,0,0,0,0,0,0,0,0,0,0,0.00677765,0.0185681,0.365015
8720,UOX,758,7,169,13,18,137,68,30,9,112,78,124,0,0,0,0,0,0,0,0,0,0,0,0,0.00676942,0.0227749,0.297232
8730,UOX,741,7,172,17,10,152,55,31,7,104,83,110,0,0,0,0,0,0,0,0,0,0,0,0,0.00681923,0.0218912,0.311505
8740,UOX,656,6,148,24,9,143,42,20,6,99,75,90,33,5,10,0,1,3,1,0,1,6,5,6,0.0068306,0.0271695,0.251407
8750,UOX,780,7,168,14,17,153,80,26,7,127,70,118,0,0,0,0,0,0,0,0,0,0,0,0,0.00691812,0.025006,0.276659
8760,UOX,622,6,139,24,12,109,69,27,4,94,61,83,21,4,7,1,0,4,3,0,0,1,2,3,0.00663989,0.0253584,0.261842
8770,UOX,713,6,141,16,8,136,70,39,8,118,85,92,42,5,11,1,1,5,4,2,0,9,5,4,0.00678438,0.028922,0.234575
8780,UOX,712,6,165,21,16,146,72,21,8,105,72,86,79,5,19,1,2,11,5,3,1,8,11,18,0.00679853,0.0311894,0.217975
8790,UOX,690,5,148,20,14,145,70,20,1,117,76,79,64,5,13,4,0,14,6,2,0,8,4,13,0.0068938,0.028284,0.243735
8800,UOX,786,6,176,19,11,149,72,29,6,119,104,101,65,4,19,0,1,6,3,3,0,9,6,18,0.00680226,0.0338343,0.201046
8810,UOX,713,6,143,14,16,151,47,32,4,99,82,125,0,0,0,0,0,0,0,0,0,0,0,0,0.00681803,0.0223839,0.304596
8820,UOX,658,5,182,18,8,125,63,16,3,112,76,55,0,0,0,0,0,0,0,0,0,0,0,0,0.00684694,0.0174536,0.392294
8830,UOX,746,6,190,11,23,143,72,27,3,93,90,94,0,0,0,0,0,0,0,0,0,0,0,0,0.00681225,0.0206233,0.330318
8840,UOX,713,7,170,17,18,143,56,20,6,94,80,109,0,0,0,0,0,0,0,0,0,0,0,0,0.00685038,0.0207994,0.329355
8850,UOX,728,8,186,15,12,131,61,24,2,108,76,113,54,4,11,2,2,8,2,1,1,6,10,11,0.00667999,0.0364052,0.18349
8860,UOX,734,8,163,25,18,118,68,26,2,129,83,102,34,4,15,0,0,3,3,1,1,3,5,3,0.00685918,0.0295826,0.231865
8870,UOX,692,5,172,33,14,121,59,19,10,108,73,83,34,4,11,1,1,2,6,1,0,4,5,3,0.00676998,0.027134,0.249502
8880,UOX,678,5,152,14,12,130,62,24,4,122,72,86,51,5,15,2,1,7,3,1,0,3,6,13,0.00679864,0.026702,0.254611
8890,UOX,627,4,126,27,12,133,55,23,6,92,69,84,34,4,8,0,0,7,1,2,1,4,6,5,0.00672413,0.025359,0.265158
8900,UOX,682,5,157,8,14,121,70,21,8,123,72,88,0,0,0,0,0,0,0,0,0,0,0,0,0.00694525,0.0200945,0.345629
8910,UOX,683,6,154,20,13,146,69,29,5,91,64,92,65,5,9,1,1,11,8,2,0,3,7,23,0.00684531,0.0321855,0.212683
8920,UOX,734,6,159,26,12,152,66,19,7,106,89,98,8,3,1,1,0,1,1,0,0,0,0,4,0.00682394,0.0282056,0.241936
8930,UOX,788,6,183,17,13,168,55,25,1,128,89,109,0,0,0,0,0,0,0,0,0,0,0,0,0.00683674,0.0209975,0.325598
8940,UOX,746,10,177,24,14,115,72,30,5,106,87,116,0,0,0,0,0,0,0,0,0,0,0,0,0.00679234,0.0240493,0.282434
8950,UOX,653,6,142,14,7,137,50,19,3,105,89,87,87,5,25,0,0,16,10,0,0,8,12,16,0.00681874,0.0356824,0.191095
8960,UOX,665,6,140,13,17,120,54,28,6,114,81,92,0,0,0,0,0,0,0,0,0,0,0,0,0.00676431,0.0194598,0.347603
8970,UOX,624,6,155,18,13,115,60,19,4,86,73,81,93,5,26,5,2,15,2,2,0,9,15,17,0.00662572,0.0302704,0.218885
8980,UOX,636,6,158,13,12,114,60,24,4,84,67,100,171,7,49,3,5,21,6,3,0,27,21,36,0.00679099,0.0366916,0.185083
8990,UOX,681,6,151,24,14,141,70,21,2,96,64,98,0,0,0,0,0,0,0,0,0,0,0,0,0.00676247,0.0201894,0.334951
9000,UOX,632,6,146,15,12,119,60,16,8,103,69,84,22,4,4,0,1,3,1,0,1,9,2,1,0.00669104,0.0298422,0.224214
9010,UOX,565,4,142,18,6,103,52,22,4,89,69,60,0,0,0,0,0,0,0,0,0,0,0,0,0.00672693,0.0149339,0.450446
9020,UOX,617,5,154,15,17,109,75,16,5,95,59,72,52,5,13,0,0,11,2,1,0,3,5,17,0.00666216,0.0278913,0.238861
9030,UOX,736,6,177,15,11,145,69,31,4,104,86,94,0,0,0,0,0,0,0,0,0,0,0,0,0.00679362,0.020009,0.339528
9040,UOX,691,6,168,17,8,132,74,26,4,94,74,94,32,6,3,0,0,4,4,0,0,3,3,15,0.00673684,0.0306132,0.220063
9050,UOX,759,7,170,14,13,150,69,31,2,119,84,107,0,0,0,0,0,0,0,0,0,0,0,0,0.00679262,0.0241487,0.281283
9060,UOX,677,7,156,18,13,134,72,27,9,85,64,99,0,0,0,0,0,0,0,0,0,0,0,0,0.00684455,0.020891,0.327632
9070,UOX,660,7,153,12,12,122,61,28,15,100,67,90,0,0,0,0,0,0,0,0,0,0,0,0,0.00677289,0.0215997,0.313564
9080,UOX,694,6,149,27,14,134,64,32,6,103,77,88,129,6,27,3,5,18,9,5,2,10,9,41,0.00674833,0.0332626,0.20288
9090,UOX,658,4,173,12,7,136,50,18,6,90,72,94,0,0,0,0,0,0,0,0,0,0,0,0,0.00678888,0.0164556,0.412558
9100,UOX,644,5,170,20,12,129,67,33,5,85,62,61,0,0,0,0,0,0,0,0,0,0,0,0,0.00664507,0.0198836,0.334199
9110,UOX,623,6,153,10,12,109,55,24,6,94,74,86,0,0,0,0,0,0,0,0,0,0,0,0,0.00667498,0.0183358,0.364041
9120,UOX,738,7,183,20,16,141,80,26,1,94,77,100,128,6,38,2,2,12,6,3,1,11,11,42,0.00668158,0.0373647,0.178821
9130,UOX,730,6,159,21,17,141,68,27,4,114,86,93,0,0,0,0,0,0,0,0,0,0,0,0,0.00683707,0.0211806,0.322799
9140,UOX,679,5,180,11,10,141,70,22,5,100,75,65,0,0,0,0,0,0,0,0,0,0,0,0,0.00678599,0.0187355,0.362199
9150,UOX,682,6,168,21,20,122,57,24,11,98,75,86,0,0,0,0,0,0,0,0,0,0,0,0,0.00667397,0.0225416,0.296073
9160,UOX,684,7,158,15,14,127,78,23,5,100,72,92,0,0,0,0,0,0,0,0,0,0,0,0,0.00675022,0.0214828,0.314215
9170,UOX,704,5,149,18,17,126,100,21,9,99,76,89,0,0,0,0,0,0,0,0,0,0,0,0,0.00672508,0.0198724,0.338413
9180,UOX,762,7,155,27,19,158,72,24,8,111,68,120,0,0,0,0,0,0,0,0,0,0,0,0,0.00683486,0.023361,0.292576
9190,UOX,628,6,147,18,17,106,60,30,7,94,68,81,29,4,9,0,0,8,4,1,0,3,1,3,0.0066291,0.0274867,0.241175
9200,UOX,631,4,168,21,16,112,50,22,7,89,83,63,0,0,0,0,0,0,0,0,0,0,0,0,0.00674741,0.0185835,0.363086
9210,UOX,604,6,136,12,14,122,51,20,5,95,77,72,0,0,0,0,0,0,0,0,0,0,0,0,0.00675519,0.0179607,0.376109
9220,UOX,765,6,200,19,8,161,73,20,5,113,87,79,86,11,19,0,4,16,4,3,0,10,5,25,0.00682507,0.035442,0.19257
9230,UOX,681,6,148,13,11,139,72,25,8,91,83,91,55,7,18,1,0,4,4,3,0,6,10,9,0.00677834,0.0295598,0.229309
9240,UOX,653,9,149,15,17,150,51,15,9,101,59,87,0,0,0,0,0,0,0,0,0,0,0,0,0.00678634,0.0226679,0.299381
9250,UOX,735,5,165,10,12,167,74,24,5,117,82,79,0,0,0,0,0,0,0,0,0,0,0,0,0.00690831,0.0199235,0.346741
9260,UOX,680,7,168,20,14,122,66,28,4,108,61,89,147,5,39,4,4,29,10,5,0,14,15,27,0.00683781,0.0327442,0.208825
9270,UOX,685,6,173,13,9,145,64,19,5,84,72,101,0,0,0,0,0,0,0,0,0,0,0,0,0.00674551,0.0200391,0.336618
9280,UOX,749,6,178,19,13,129,73,34,9,102,94,98,0,0,0,0,0,0,0,0,0,0,0,0,0.00673051,0.0208936,0.322133
9290,UOX,737,6,176,12,16,148,69,24,8,100,78,106,0,0,0,0,0,0,0,0,0,0,0,0,0.00675234,0.0196104,0.344325
9300,UOX,613,5,131,23,8,139,59,19,3,88,78,65,42,5,7,0,2,2,5,1,0,8,4,13,0.00679743,0.0315813,0.215236
9310,UOX,703,6,158,9,18,144,70,31,7,93,77,96,23,6,6,0,0,5,1,0,0,3,1,7,0.00673722,0.0288378,0.233624
9320,UOX,690,6,159,16,8,134,65,27,5,101,69,106,81,5,27,3,2,12,8,2,0,15,3,9,0.00674156,0.0335041,0.201216
9330,UOX,670,5,157,21,16,129,58,26,4,101,67,91,65,4,15,3,1,6,5,2,0,8,8,17,0.0069106,0.0296293,0.233235
9340,UOX,585,6,160,17,15,108,52,25,2,90,57,59,101,6,20,2,1,18,7,2,0,8,7,36,0.00674605,0.0303025,0.222623
9350,UOX,674,6,147,20,12,144,75,25,5,85,77,84,100,5,26,4,2,18,4,5,0,9,12,20,0.0067639,0.0351159,0.192616
9360,UOX,722,6,172,15,14,143,67,27,9,103,66,106,0,0,0,0,0,0,0,0,0,0,0,0,0.00682254,0.0195309,0.349321
9370,UOX,726,5,184,18,11,137,72,28,7,98,81,90,0,0,0,0,0,0,0,0,0,0,0,0,0.00665719,0.0196518,0.338758
9380,UOX,718,6,153,16,12,152,43,26,5,121,85,105,53,7,10,0,0,8,2,1,0,7,6,19,0.00686384,0.0323932,0.211892
9390,UOX,669,5,171,12,8,124,57,25,0,108,85,79,0,0,0,0,0,0,0,0,0,0,0,0,0.0067719,0.0178781,0.378781
9400,UOX,661,5,133,11,16,135,61,29,4,94,86,92,172,6,48,7,4,25,10,5,0,22,21,30,0.00685962,0.0370424,0.185183
9410,UOX,664,7,170,22,12,123,53,8,4,118,90,64,0,0,0,0,0,0,0,0,0,0,0,0,0.00676121,0.0186627,0.362284
9420,UOX,732,9,154,18,15,156,65,28,2,114,72,108,0,0,0,0,0,0,0,0,0,0,0,0,0.00675614,0.0241423,0.279846
9430,UOX,671,6,157,20,16,132,64,20,7,97,67,91,0,0,0,0,0,0,0,0,0,0,0,0,0.00685649,0.0188735,0.363287
9440,UOX,809,7,184,23,16,149,76,29,9,118,70,135,33,6,7,2,1,5,1,0,0,6,4,7,0.00675515,0.033601,0.20104
9450,UOX,699,5,172,20,8,125,64,29,11,107,73,90,57,5,17,0,2,7,3,0,0,9,8,11,0.00675834,0.0322794,0.20937
9460,UOX,712,7,166,13,9,140,59,28,3,104,92,98,65,5,20,1,0,4,6,2,3,7,10,12,0.00677218,0.029729,0.227797
9470,UOX,634,5,161,12,7,120,59,24,6,105,72,68,0,0,0,0,0,0,0,0,0,0,0,0,0.00675195,0.0185273,0.364433
9480,UOX,724,7,177,21,11,136,62,21,6,116,83,91,0,0,0,0,0,0,0,0,0,0,0,0,0.0068727,0.0223324,0.307745
9490,UOX,808,8,167,24,14,168,78,24,8,127,86,112,0,0,0,0,0,0,0,0,0,0,0,0,0.00686309,0.022652,0.30298
9500,UOX,713,6,152,19,10,148,61,27,3,113,93,87,0,0,0,0,0,0,0,0,0,0,0,0,0.00684168,0.0213048,0.321134
9510,UOX,636,6,131,16,13,114,70,24,4,89,88,87,0,0,0,0,0,0,0,0,0,0,0,0,0.00673763,0.019037,0.353923
9520,UOX,673,5,155,16,8,130,66,24,4,91,74,105,0,0,0,0,0,0,0,0,0,0,0,0,0.00675018,0.01867,0.361552
9530,UOX,792,8,156,18,12,164,75,29,4,109,98,127,40,4,8,0,0,4,3,2,0,6,9,8,0.00677965,0.0356002,0.190438
9540,UOX,738,6,174,21,12,141,70,29,8,109,77,97,80,5,31,1,3,8,2,3,0,15,4,13,0.00670992,0.0308967,0.217172
9550,UOX,706,5,160,16,14,133,58,27,5,117,93,83,9,3,1,0,0,0,0,0,0,0,1,7,0.00676471,0.0287395,0.23538
9560,UOX,716,5,173,18,12,143,57,32,7,105,74,95,78,5,25,2,3,11,9,1,0,11,7,9,0.00668437,0.029218,0.228775
9570,UOX,771,6,168,21,17,148,86,34,5,113,72,107,0,0,0,0,0,0,0,0,0,0,0,0,0.00691608,0.0218667,0.316284
9580,UOX,730,8,159,17,9,147,64,25,7,105,85,112,0,0,0,0,0,0,0,0,0,0,0,0,0.00670058,0.0212897,0.314734
9590,UOX,664,5,156,14,11,112,75,20,4,112,61,99,0,0,0,0,0,0,0,0,0,0,0,0,0.00668739,0.0198322,0.337198
9600,UOX,699,8,151,15,6,124,66,34,5,106,88,104,0,0,0,0,0,0,0,0,0,0,0,0,0.00681148,0.0248996,0.273558
9610,UOX,700,7,158,20,8,153,60,28,1,96,74,102,0,0,0,0,0,0,0,0,0,0,0,0,0.0067852,0.0196286,0.345679
9620,UOX,624,5,154,20,14,129,46,19,8,96,77,61,0,0,0,0,0,0,0,0,0,0,0,0,0.00679117,0.0173389,0.391673
9630,UOX,708,6,165,15,15,150,70,32,10,95,61,95,0,0,0,0,0,0,0,0,0,0,0,0,0.00669688,0.0204281,0.327827
9640,UOX,708,5,174,21,13,151,72,28,9,97,68,75,77,5,22,3,2,8,10,1,0,12,6,13,0.0067916,0.0297232,0.228495
9650,UOX,678,6,154,23,17,133,50,26,11,94,76,94,86,6,29,1,0,12,7,2,1,13,9,12,0.00673238,0.0327735,0.205422
9660,UOX,775,7,184,25,13,147,65,27,5,124,96,89,63,6,15,6,2,11,5,1,0,6,5,12,0.00672776,0.0323139,0.2082
9670,UOX,737,6,143,19,8,144,73,20,8,143,71,108,0,0,0,0,0,0,0,0,0,0,0,0,0.00668807,0.0215464,0.310404
9680,UOX,659,7,151,17,8,148,54,23,5,95,64,94,0,0,0,0,0,0,0,0,0,0,0,0,0.00689361,0.0203751,0.338334
9690,UOX,760,6,158,16,6,160,70,23,5,118,95,109,40,4,16,1,0,4,1,1,0,6,5,6,0.00684385,0.0289566,0.236348
9700,UOX,616,4,167,13,12,113,64,19,3,89,64,72,134,6,38,2,4,25,6,5,0,6,13,35,0.00676173,0.0324701,0.208245
9710,UOX,728,7,151,16,15,147,59,31,6,123,78,102,38,4,9,1,2,7,2,1,0,4,3,9,0.00673361,0.0309172,0.217795
9720,UOX,659,6,141,18,16,124,63,21,8,95,87,86,82,5,20,3,3,9,3,2,0,7,15,20,0.00666319,0.0293288,0.227189
9730,UOX,650,6,119,12,14,124,61,22,9,112,66,111,45,5,9,1,0,4,4,2,0,5,6,14,0.00677377,0.0297158,0.227952
9740,UOX,744,6,183,20,16,137,66,27,7,120,78,90,24,5,1,0,1,7,1,1,1,4,1,7,0.00683148,0.0292699,0.233396
9750,UOX,719,5,169,20,16,143,56,22,3,108,66,116,52,5,14,1,1,7,1,2,2,10,2,12,0.00673928,0.0328217,0.20533
9760,UOX,693,6,157,21,9,139,57,32,5,98,79,96,0,0,0,0,0,0,0,0,0,0,0,0,0.00677941,0.0204749,0.331108
9770,UOX,674,6,149,14,16,140,77,20,1,94,72,91,14,4,2,0,0,6,1,1,0,1,1,2,0.00679944,0.0270097,0.25174
9780,UOX,712,5,182,16,11,141,65,28,4,110,84,71,0,0,0,0,0,0,0,0,0,0,0,0,0.00676773,0.018441,0.366993
9790,UOX,715,5,174,23,15,133,67,15,6,105,91,86,56,4,18,2,0,7,3,2,2,6,6,10,0.00669139,0.0280202,0.238806
9800,UOX,691,5,152,18,9,138,60,15,7,119,67,106,111,7,27,1,2,17,6,1,2,16,9,30,0.00662667,0.035176,0.188386
9810,UOX,593,5,147,13,10,111,48,26,4,89,65,80,0,0,0,0,0,0,0,0,0,0,0,0,0.00665144,0.017251,0.385568
9820,UOX,714,6,172,22,14,134,70,25,3,98,84,92,0,0,0,0,0,0,0,0,0,0,0,0,0.00679967,0.0199155,0.341426
9830,UOX,627,5,139,15,13,114,68,17,8,101,73,79,19,4,2,0,1,2,1,0,0,1,2,10,0.00671094,0.0265165,0.253085
9840,UOX,727,6,153,14,8,145,71,31,9,111,85,100,0,0,0,0,0,0,0,0,0,0,0,0,0.00675983,0.0201707,0.335132
9850,UOX,683,7,163,25,9,139,55,18,6,104,84,80,11,3,1,0,0,1,3,0,0,1,1,4,0.00670877,0.0310783,0.215867
9860,UOX,689,5,175,16,4,128,65,28,11,106,67,89,150,8,38,4,5,14,7,9,1,20,17,35,0.00677584,0.0343825,0.197072
9870,UOX,661,6,177,14,9,127,61,23,4,90,68,88,0,0,0,0,0,0,0,0,0,0,0,0,0.00677568,0.0195338,0.346869
9880,UOX,792,6,210,15,15,141,59,35,8,115,87,107,116,5,26,2,2,27,5,0,1,16,12,25,0.00675924,0.0336212,0.201041
9890,UOX,665,6,152,18,16,137,60,23,5,99,65,90,83,5,26,3,1,9,5,6,0,13,5,15,0.00674784,0.0286175,0.235794
9900,UOX,697,6,166,20,14,123,73,25,3,106,70,97,0,0,0,0,0,0,0,0,0,0,0,0,0.00671593,0.0213447,0.314641
9910,UOX,781,8,180,17,13,144,73,31,10,123,87,103,117,7,38,1,4,17,2,4,0,13,8,30,0.00679442,0.035415,0.191851
9920,UOX,618,8,147,20,13,116,59,28,8,94,63,70,54,5,13,2,3,7,4,1,0,5,6,13,0.00676191,0.0292997,0.230784
9930,UOX,747,6,165,22,12,160,82,18,8,103,76,101,0,0,0,0,0,0,0,0,0,0,0,0,0.0067086,0.0203791,0.329191
9940,UOX,669,5,162,26,11,140,54,26,10,82,72,86,0,0,0,0,0,0,0,0,0,0,0,0,0.00667679,0.0183968,0.362932
9950,UOX,662,6,161,17,11,133,58,29,5,89,59,100,27,4,5,0,0,3,3,0,0,3,1,12,0.0068256,0.0328794,0.207595
9960,UOX,686,6,160,21,12,141,70,36,6,94,64,82,0,0,0,0,0,0,0,0,0,0,0,0,0.0067341,0.0194781,0.345726
9970,UOX,761,6,175,22,13,155,71,35,5,113,88,84,0,0,0,0,0,0,0,0,0,0,0,0,0.00685177,0.0184538,0.371293
9980,UOX,664,4,178,20,13,139,54,25,8,86,72,69,6,3,0,0,0,1,0,0,0,1,0,4,0.00673998,0.024236,0.278098
9990,UOX,721,5,157,17,15,121,59,34,9,117,75,117,38,5,10,0,1,9,3,1,0,3,4,7,0.00674382,0.0292626,0.230459
10000,UOX,677,5,156,13,16,154,54,15,8,100,78,83,0,0,0,0,0,0,0,0,0,0,0,0,0.00675678,0.020021,0.337485
10010,UOX,591,5,147,15,11,114,51,20,2,95,76,60,20,4,1,0,1,3,2,1,0,1,1,10,0.00673825,0.0261599,0.257579
10020,UOX,667,5,147,19,13,131,60,18,6,113,90,70,0,0,0,0,0,0,0,0,0,0,0,0,0.00675642,0.0182256,0.370711
10030,UOX,753,6,178,12,11,152,75,31,3,121,88,82,0,0,0,0,0,0,0,0,0,0,0,0,0.00680953,0.0195485,0.348339
10040,UOX,610,5,138,16,5,120,48,18,8,99,73,85,44,5,13,2,2,6,1,2,0,9,3,6,0.00670482,0.0273794,0.244886
10050,UOX,697,6,150,9,13,124,60,31,13,120,98,79,0,0,0,0,0,0,0,0,0,0,0,0,0.00671836,0.0228579,0.293919
10060,UOX,652,6,159,19,11,130,62,26,6,96,68,75,0,0,0,0,0,0,0,0,0,0,0,0,0.00679925,0.0188304,0.361078
10070,UOX,647,5,177,12,19,113,59,28,7,78,72,82,113,5,28,3,2,14,6,2,0,16,19,23,0.00667336,0.0294074,0.226928
10080,UOX,699,5,158,14,11,120,65,24,7,96,97,107,0,0,0,0,0,0,0,0,0,0,0,0,0.00676163,0.020001,0.338065
10090,UOX,742,5,146,26,12,159,73,39,9,99,83,96,12,5,2,0,1,0,0,0,1,0,0,8,0.00668826,0.0276997,0.241456
10100,UOX,712,6,160,21,15,131,78,27,8,98,77,97,0,0,0,0,0,0,0,0,0,0,0,0,0.00680205,0.0213338,0.318839
10110,UOX,637,7,185,20,13,130,60,16,2,80,53,78,93,5,29,4,1,12,3,2,0,10,15,17,0.00667993,0.0309848,0.215587
10120,UOX,663,7,151,15,10,111,54,22,6,94,85,115,0,0,0,0,0,0,0,0,0,0,0,0,0.00673412,0.0220705,0.305119
10130,UOX,646,5,160,13,14,139,65,15,8,89,73,70,114,4,32,3,5,14,12,1,2,13,15,17,0.00685478,0.0278281,0.246326
10140,UOX,668,8,161,19,8,129,64,34,3,83,71,96,0,0,0,0,0,0,0,0,0,0,0,0,0.00664945,0.0217877,0.305193
10150,UOX,699,5,162,15,13,154,63,22,6,95,71,98,0,0,0,0,0,0,0,0,0,0,0,0,0.00680598,0.0203672,0.334163
10160,UOX,730,6,182,11,14,143,63,23,6,102,86,100,0,0,0,0,0,0,0,0,0,0,0,0,0.00662219,0.0203011,0.326199
10170,UOX,720,6,162,15,9,141,75,32,5,134,64,83,33,4,3,2,0,7,0,3,0,0,2,16,0.00674441,0.026815,0.251517
10180,UOX,639,5,150,18,11,103,63,25,9,107,78,75,178,7,41,5,1,19,11,4,2,22,26,47,0.00683327,0.0361581,0.188983
10190,UOX,672,5,143,13,14,126,68,29,4,115,79,81,28,6,8,1,1,4,5,1,0,1,4,3,0.00675031,0.0279509,0.241506
10200,UOX,648,5,151,19,10,121,55,17,8,103,66,98,0,0,0,0,0,0,0,0,0,0,0,0,0.00673136,0.0217465,0.309537
10210,UOX,684,5,184,17,14,155,57,23,11,87,63,73,0,0,0,0,0,0,0,0,0,0,0,0,0.00677764,0.0193117,0.350961
10220,UOX,625,6,156,21,14,98,71,16,5,89,60,95,0,0,0,0,0,0,0,0,0,0,0,0,0.00677112,0.0199155,0.339992
10230,UOX,670,5,169,15,16,128,59,14,8,98,80,83,0,0,0,0,0,0,0,0,0,0,0,0,0.0068132,0.0183816,0.370653
10240,UOX,707,5,175,15,15,129,63,24,9,106,73,98,53,6,9,3,1,13,4,0,0,6,5,12,0.00675758,0.0298412,0.226452
10250,UOX,694,4,153,20,9,151,67,22,6,117,79,70,20,4,8,1,0,2,1,1,0,4,2,1,0.00673166,0.0284747,0.236408
10260,UOX,723,6,157,16,12,147,70,19,10,118,75,99,0,0,0,0,0,0,0,0,0,0,0,0,0.00673644,0.0198839,0.338789
10270,UOX,726,5,163,18,16,135,72,30,2,118,85,87,0,0,0,0,0,0,0,0,0,0,0,0,0.00673965,0.0189157,0.356298
10280,UOX,605,6,138,12,9,134,57,22,5,98,60,70,0,0,0,0,0,0,0,0,0,0,0,0,0.00668033,0.0189219,0.353047
10290,UOX,669,6,164,18,13,124,65,23,5,100,67,90,0,0,0,0,0,0,0,0,0,0,0,0,0.00679549,0.0195208,0.348114
10300,UOX,653,6,145,17,8,135,55,31,11,108,65,78,50,5,19,0,1,6,6,0,0,3,3,12,0.00675002,0.0332103,0.203251
10310,UOX,731,6,161,12,11,156,59,34,6,99,85,108,0,0,0,0,0,0,0,0,0,0,0,0,0.00683781,0.021363,0.320077
10320,UOX,687,5,166,18,11,138,59,26,10,101,69,89,0,0,0,0,0,0,0,0,0,0,0,0,0.0067966,0.0190004,0.357708
10330,UOX,789,6,188,12,14,152,78,28,5,137,85,90,127,4,40,0,2,13,7,1,0,23,13,28,0.00679323,0.0324494,0.209348
10340,UOX,720,8,143,20,9,162,61,28,13,116,70,98,25,6,5,0,1,4,0,0,0,1,3,11,0.00681934,0.0322217,0.211638
10350,UOX,693,6,154,10,11,150,63,18,5,108,72,102,0,0,0,0,0,0,0,0,0,0,0,0,0.00669845,0.0226697,0.29548
10360,UOX,709,5,157,24,10,146,57,28,4,107,74,102,0,0,0,0,0,0,0,0,0,0,0,0,0.00672234,0.0213545,0.314797
10370,UOX,622,5,148,17,11,131,54,23,9,91,66,72,0,0,0,0,0,0,0,0,0,0,0,0,0.00664172,0.0185081,0.358855
10380,UOX,633,8,148,13,8,131,69,18,9,94,65,78,55,4,11,0,1,13,1,1,0,9,10,9,0.00682938,0.0311824,0.219014
10390,UOX,690,6,182,28,11,132,60,30,6,105,62,74,2,3,1,0,0,1,0,0,0,0,0,0,0.00672817,0.0249329,0.269851
10400,UOX,731,6,176,14,16,141,64,32,8,101,75,104,86,6,22,4,1,11,3,2,1,12,14,16,0.00672086,0.0365041,0.184112
10410,UOX,0,3,0,0,0,0,0,0,0,0,0,0,0,0,0,0,0,0,0,0,0,0,0,0,0.000187741,0.00647659,0.0289876
10420,UOX,675,7,167,21,12,134,65,25,2,90,80,79,0,0,0,0,0,0,0,0,0,0,0,0,0.00680413,0.0189543,0.358975
10430,UOX,613,6,159,18,13,119,48,17,6,73,61,99,37,5,7,1,2,3,2,2,1,5,3,11,0.00668163,0.0297156,0.224852
10440,UOX,649,6,163,12,4,139,61,14,11,103,64,78,38,5,8,1,0,8,3,0,0,6,5,7,0.00667745,0.0278193,0.240029
10450,UOX,717,5,169,20,11,151,58,25,8,104,82,89,0,0,0,0,0,0,0,0,0,0,0,0,0.00670252,0.0216807,0.309147
10460,UOX,630,6,147,22,14,136,56,19,5,96,71,64,86,5,22,5,0,19,4,2,0,12,5,17,0.00675375,0.0305483,0.221084
10470,UOX,603,5,140,18,15,126,52,27,5,87,62,71,20,5,5,0,0,3,2,0,0,4,1,5,0.00675847,0.0273778,0.246859
10480,UOX,794,7,192,20,10,153,71,27,7,135,82,97,0,0,0,0,0,0,0,0,0,0,0,0,0.00668149,0.0218367,0.305976
10490,UOX,627,6,133,22,8,128,59,20,5,99,65,88,0,0,0,0,0,0,0,0,0,0,0,0,0.00667339,0.0189279,0.352569
10500,UOX,696,7,153,17,14,124,47,40,9,117,73,102,0,0,0,0,0,0,0,0,0,0,0,0,0.0067713,0.0234816,0.288366
10510,UOX,699,7,164,16,21,132,76,22,3,104,68,93,0,0,0,0,0,0,0,0,0,0,0,0,0.00680772,0.0211682,0.321601
10520,UOX,739,7,189,20,17,128,64,28,12,101,81,99,0,0,0,0,0,0,0,0,0,0,0,0,0.00674732,0.0206939,0.326054
10530,UOX,729,6,169,16,16,143,73,26,3,120,75,88,0,0,0,0,0,0,0,0,0,0,0,0,0.00680743,0.0199074,0.341954
10540,UOX,704,6,144,24,13,112,71,28,6,118,100,88,0,0,0,0,0,0,0,0,0,0,0,0,0.00672899,0.021816,0.308443
10550,UOX,697,6,173,22,13,127,55,21,6,114,72,94,0,0,0,0,0,0,0,0,0,0,0,0,0.00676101,0.0223909,0.301953
10560,UOX,732,8,151,17,11,164,71,38,5,103,64,108,0,0,0,0,0,0,0,0,0,0,0,0,0.00679594,0.0235094,0.289073
10570,UOX,694,7,143,24,14,137,71,23,5,99,78,100,41,5,11,0,1,4,3,2,0,3,2,15,0.006759,0.0303392,0.222781
10580,UOX,635,6,137,14,16,112,63,30,5,96,75,87,32,5,12,1,0,8,2,1,0,6,2,0,0.00686379,0.0270398,0.25384
10590,UOX,663,5,163,16,15,131,63,29,6,102,71,67,0,0,0,0,0,0,0,0,0,0,0,0,0.00677122,0.0169331,0.399881
10600,UOX,639,5,148,15,6,125,56,21,4,107,55,102,94,5,23,2,3,16,6,1,0,8,11,24,0.00677821,0.0357057,0.189835
10610,UOX,762,7,150,12,12,157,72,35,5,127,76,116,21,4,5,0,0,2,2,0,0,3,5,4,0.00683706,0.0301211,0.226986
10620,UOX,622,5,146,16,17,142,69,15,2,86,62,67,0,0,0,0,0,0,0,0,0,0,0,0,0.0068098,0.0179113,0.380196
10630,UOX,682,6,127,14,13,145,73,28,4,111,67,100,0,0,0,0,0,0,0,0,0,0,0,0,0.00673457,0.0197502,0.340987
10640,UOX,623,5,151,17,11,123,55,18,8,94,67,79,116,6,38,4,0,20,10,3,1,14,13,13,0.00668916,0.0295847,0.226102
10650,UOX,719,6,170,19,9,135,73,23,7,96,69,118,0,0,0,0,0,0,0,0,0,0,0,0,0.00675391,0.0237485,0.284393
10660,UOX,771,6,189,18,12,161,68,27,13,100,82,101,0,0,0,0,0,0,0,0,0,0,0,0,0.00683736,0.0225834,0.302761
10670,UOX,771,5,186,16,10,163,69,30,6,105,91,95,0,0,0,0,0,0,0,0,0,0,0,0,0.00680975,0.019917,0.341906
10680,UOX,743,6,161,18,18,140,56,25,8,124,90,103,0,0,0,0,0,0,0,0,0,0,0,0,0.00676752,0.019431,0.348284
10690,UOX,713,9,139,13,15,143,60,33,4,106,100,100,0,0,0,0,0,0,0,0,0,0,0,0,0.0066927,0.0227492,0.294195
10700,UOX,677,5,148,23,15,113,73,27,3,105,82,88,0,0,0,0,0,0,0,0,0,0,0,0,0.00677039,0.0205202,0.329937
10710,UOX,660,6,154,8,10,145,61,19,5,98,64,96,0,0,0,0,0,0,0,0,0,0,0,0,0.00671406,0.0193173,0.347568
10720,UOX,736,7,184,13,17,140,67,20,3,105,81,106,0,0,0,0,0,0,0,0,0,0,0,0,0.00674715,0.0217102,0.310782
10730,UOX,754,6,174,17,12,145,68,23,8,120,84,103,0,0,0,0,0,0,0,0,0,0,0,0,0.0067688,0.0214395,0.315716
10740,UOX,666,7,161,15,13,109,72,23,5,95,88,85,0,0,0,0,0,0,0,0,0,0,0,0,0.0067598,0.0185963,0.363502
10750,UOX,649,7,157,11,12,125,67,18,3,103,53,100,26,4,11,0,0,3,1,1,0,4,2,4,0.00675721,0.0337172,0.200408
10760,UOX,702,6,169,12,14,136,66,31,9,115,76,74,0,0,0,0,0,0,0,0,0,0,0,0,0.00691457,0.0189624,0.364646
10770,UOX,653,5,169,20,14,125,72,19,4,92,64,74,0,0,0,0,0,0,0,0,0,0,0,0,0.00674369,0.0189982,0.354965
10780,UOX,717,6,176,21,17,121,50,22,4,107,93,106,0,0,0,0,0,0,0,0,0,0,0,0,0.00678199,0.019823,0.342127
10790,UOX,636,8,174,12,13,106,40,24,9,87,60,111,0,0,0,0,0,0,0,0,0,0,0,0,0.00675987,0.021065,0.320905
10800,UOX,674,6,160,15,13,124,63,23,7,97,88,84,0,0,0,0,0,0,0,0,0,0,0,0,0.00674755,0.0210806,0.320083
10810,UOX,683,6,163,15,16,132,66,23,6,97,80,85,0,0,0,0,0,0,0,0,0,0,0,0,0.00680629,0.0195521,0.34811
10820,UOX,663,5,169,10,13,130,61,28,5,99,74,74,63,4,22,1,2,7,2,1,0,8,6,14,0.00671075,0.0271099,0.247539
10830,UOX,0,3,0,0,0,0,0,0,0,0,0,0,0,0,0,0,0,0,0,0,0,0,0,0,0.000189751,0.00667957,0.0284077
10840,UOX,752,6,178,18,10,157,60,25,7,120,87,90,84,7,22,1,0,16,5,2,0,9,4,25,0.00672974,0.0311135,0.216296
10850,UOX,589,5,139,13,13,116,54,25,5,83,68,73,0,0,0,0,0,0,0,0,0,0,0,0,0.00680644,0.0196763,0.345921
10860,UOX,665,6,151,15,13,117,50,29,8,118,83,81,0,0,0,0,0,0,0,0,0,0,0,0,0.00662048,0.0186064,0.355817
10870,UOX,0,3,0,0,0,0,0,0,0,0,0,0,0,0,0,0,0,0,0,0,0,0,0,0,0.000188941,0.00644636,0.0293097
10880,UOX,600,5,146,14,10,123,57,19,6,91,67,67,15,4,6,0,1,3,1,0,0,2,0,2,0.006714,0.0255317,0.262967
10890,UOX,672,6,180,17,11,136,53,22,11,86,67,89,0,0,0,0,0,0,0,0,0,0,0,0,0.00680944,0.0192568,0.353613
10900,UOX,699,6,170,12,13,135,65,24,4,112,75,89,34,4,10,4,0,4,2,2,0,1,3,8,0.00676789,0.0313838,0.215649
10910,UOX,785,7,164,25,17,155,71,33,5,101,110,104,0,0,0,0,0,0,0,0,0,0,0,0,0.00683714,0.0219319,0.311744
10920,UOX,715,6,185,12,10,116,85,35,7,96,72,97,69,5,19,1,0,13,2,1,0,10,8,15,0.00676995,0.0303032,0.223407
10930,UOX,723,6,176,17,6,115,80,28,5,122,84,90,38,4,13,1,2,6,2,1,0,5,2,6,0.00675278,0.0294558,0.229251
10940,UOX,696,4,158,11,15,133,59,28,12,110,82,88,0,0,0,0,0,0,0,0,0,0,0,0,0.00670064,0.0169245,0.395914
10950,UOX,716,6,158,19,13,130,86,21,3,101,82,103,0,0,0,0,0,0,0,0,0,0,0,0,0.0067439,0.0222806,0.30268
10960,UOX,676,5,150,15,9,130,61,19,6,113,65,108,0,0,0,0,0,0,0,0,0,0,0,0,0.00671346,0.0181285,0.370326
10970,UOX,731,5,171,25,18,143,69,26,9,90,77,103,169,8,37,3,4,26,6,4,2,21,20,46,0.00664411,0.0356689,0.186272
10980,UOX,686,6,151,14,8,174,54,20,6,98,72,89,0,0,0,0,0,0,0,0,0,0,0,0,0.00669937,0.0196667,0.340645
10990,UOX,688,7,156,20,15,131,88,24,6,101,68,79,83,4,28,5,0,14,7,1,0,12,9,7,0.00677986,0.0291446,0.232628
11000,UOX,644,5,170,15,16,120,42,26,4,106,70,75,99,5,38,0,1,15,9,0,0,16,11,9,0.00676993,0.0334228,0.202554
11010,UOX,605,6,125,22,8,115,51,22,10,92,69,91,0,0,0,0,0,0,0,0,0,0,0,0,0.00675221,0.020664,0.326762
11020,UOX,637,5,138,17,12,145,46,18,6,115,65,75,0,0,0,0,0,0,0,0,0,0,0,0,0.00669107,0.0188452,0.355054
11030,UOX,701,5,150,16,7,144,72,30,8,105,80,89,4,3,0,0,0,1,0,0,0,0,0,3,0.00667557,0.0261116,0.255655
11040,UOX,686,6,143,14,13,127,59,25,12,96,89,108,0,0,0,0,0,0,0,0,0,0,0,0,0.00675427,0.0191571,0.352573
11050,UOX,670,6,147,28,12,142,61,35,3,94,74,74,74,4,15,2,0,12,6,2,0,15,5,17,0.00668027,0.0335709,0.19899
11060,UOX,764,6,183,17,13,154,75,31,3,106,83,99,0,0,0,0,0,0,0,0,0,0,0,0,0.00679446,0.0212439,0.319831
11070,UOX,705,5,169,17,18,126,56,24,13,109,79,94,46,4,15,0,0,7,3,2,1,7,5,6,0.0066654,0.0281301,0.236949
11080,UOX,660,5,155,17,10,128,54,20,10,117,79,70,17,4,2,0,0,3,0,0,1,3,3,5,0.00666908,0.0246144,0.270942
11090,UOX,712,5,175,18,14,154,55,23,5,105,78,85,0,0,0,0,0,0,0,0,0,0,0,0,0.0067033,0.018318,0.365941
11100,UOX,673,5,180,18,14,120,69,19,7,100,68,78,82,4,20,0,1,13,3,4,1,9,13,18,0.00660106,0.0326669,0.202072
11110,UOX,713,7,159,15,8,138,65,23,2,109,86,108,10,3,2,0,1,1,2,0,0,0,1,3,0.00672604,0.028997,0.231956
11120,UOX,725,6,174,24,16,155,68,27,5,91,70,95,0,0,0,0,0,0,0,0,0,0,0,0,0.00675372,0.0211131,0.319883
11130,UOX,637,6,152,15,17,122,54,35,5,91,69,77,73,5,18,2,2,19,7,2,0,7,5,11,0.00679913,0.0302379,0.224855
11140,UOX,722,7,149,16,18,130,58,31,10,110,100,100,53,4,19,0,2,7,3,1,0,9,5,7,0.00661945,0.0302108,0.219109
11150,UOX,668,6,153,8,6,128,58,42,7,99,80,87,0,0,0,0,0,0,0,0,0,0,0,0,0.00672325,0.0208004,0.323227
11160,UOX,675,6,146,16,8,129,68,30,3,104,85,86,56,4,16,1,1,13,1,2,0,6,3,13,0.00673759,0.0287717,0.234174
11170,UOX,682,6,172,20,12,127,56,31,5,109,56,94,0,0,0,0,0,0,0,0,0,0,0,0,0.00667548,0.0207182,0.322203
11180,UOX,666,8,142,16,15,138,58,24,4,113,70,86,60,5,9,4,0,14,5,0,0,5,9,14,0.00683989,0.0293483,0.233059
11190,UOX,788,8,142,10,13,158,92,39,7,129,80,118,0,0,0,0,0,0,0,0,0,0,0,0,0.00681327,0.0243616,0.279673
11200,UOX,645,6,166,15,16,118,66,14,6,90,63,91,47,4,13,1,0,7,7,1,0,7,3,8,0.00664529,0.0319771,0.207814
11210,UOX,686,7,170,16,15,125,54,26,3,97,82,98,0,0,0,0,0,0,0,0,0,0,0,0,0.00675442,0.0206379,0.327282
11220,UOX,696,6,172,17,14,153,52,35,5,91,68,89,95,6,22,1,2,12,5,6,0,16,8,23,0.00664348,0.0329263,0.201768
11230,UOX,665,7,172,17,11,115,45,33,7,114,71,80,0,0,0,0,0,0,0,0,0,0,0,0,0.00672249,0.0204758,0.328314
11240,UOX,619,6,156,20,13,125,61,31,3,75,63,72,0,0,0,0,0,0,0,0,0,0,0,0,0.00683639,0.0189828,0.360137
11250,UOX,664,6,156,22,10,117,72,21,5,93,70,98,96,5,31,1,0,9,8,4,0,14,14,15,0.00671446,0.0347255,0.193358
11260,UOX,609,6,130,22,8,133,59,17,7,90,69,74,0,0,0,0,0,0,0,0,0,0,0,0,0.00667611,0.0180999,0.368849
11270,UOX,746,6,136,20,12,158,73,34,5,114,81,113,0,0,0,0,0,0,0,0,0,0,0,0,0.00674618,0.020011,0.337124
11280,UOX,764,5,191,15,20,141,87,29,8,104,74,95,69,5,22,2,2,8,4,3,1,10,6,11,0.00677935,0.0294197,0.230435
11290,UOX,589,5,121,16,12,125,48,20,4,97,60,86,0,0,0,0,0,0,0,0,0,0,0,0,0.00652737,0.0178523,0.365632
11300,UOX,678,6,153,7,14,144,61,22,8,93,75,101,20,4,2,0,0,6,0,1,0,4,3,4,0.00665663,0.0315603,0.210918
11310,UOX,703,6,179,20,10,146,57,27,5,105,71,83,127,5,26,1,6,29,7,3,2,16,8,29,0.00676156,0.0337798,0.200166
11320,UOX,895,6,200,23,10,179,87,30,7,150,87,122,0,0,0,0,0,0,0,0,0,0,0,0,0.00700596,0.0245085,0.285859
11330,UOX,622,6,125,11,7,121,58,31,8,93,77,91,0,0,0,0,0,0,0,0,0,0,0,0,0.00678,0.0199047,0.340622
11340,UOX,718,6,147,22,13,134,70,32,7,84,103,106,0,0,0,0,0,0,0,0,0,0,0,0,0.00689438,0.0214066,0.322068
11350,UOX,693,6,161,18,12,129,68,27,10,104,75,89,24,5,2,1,0,2,0,2,0,3,0,14,0.00689791,0.0333374,0.206912
11360,UOX,719,7,172,18,20,130,55,25,6,117,72,104,0,0,0,0,0,0,0,0,0,0,0,0,0.00665258,0.0200844,0.331232
11370,UOX,602,8,138,10,11,110,59,24,7,99,67,77,30,6,10,0,0,5,3,0,1,3,4,4,0.00677108,0.0293009,0.231088
11380,UOX,732,6,177,17,17,132,59,25,4,118,79,104,0,0,0,0,0,0,0,0,0,0,0,0,0.00677977,0.0194352,0.348839
11390,UOX,717,7,159,21,7,122,57,29,15,120,76,111,0,0,0,0,0,0,0,0,0,0,0,0,0.0067434,0.0229897,0.293323
11400,UOX,731,6,179,21,13,149,69,28,8,102,74,88,29,4,9,2,0,4,2,1,0,2,3,6,0.00702864,0.0328159,0.214184
11410,UOX,654,6,138,19,12,142,59,19,7,98,76,84,36,6,10,0,1,10,1,0,0,2,5,7,0.00671845,0.0274513,0.244741
11420,UOX,736,6,159,13,10,147,71,23,4,128,78,103,0,0,0,0,0,0,0,0,0,0,0,0,0.00669771,0.0201348,0.332643
11430,UOX,726,7,154,17,13,145,72,26,9,107,86,97,94,6,24,3,0,9,9,3,0,16,9,21,0.00672341,0.0329368,0.20413
11440,UOX,668,5,148,17,7,119,58,27,6,118,88,80,0,0,0,0,0,0,0,0,0,0,0,0,0.00683242,0.0178817,0.38209
11450,UOX,732,6,155,22,11,142,67,29,12,112,81,101,40,4,14,3,0,6,3,1,0,5,4,4,0.00674338,0.0344006,0.196025
11460,UOX,631,6,146,18,15,130,50,23,3,84,75,87,0,0,0,0,0,0,0,0,0,0,0,0,0.00673416,0.0196683,0.342386
11470,UOX,697,4,157,19,16,162,64,27,8,85,76,83,0,0,0,0,0,0,0,0,0,0,0,0,0.00663697,0.0174775,0.379745
11480,UOX,699,8,156,26,13,136,65,23,4,115,74,87,3,3,0,0,0,2,0,0,0,0,1,0,0.00677713,0.0280347,0.241741
11490,UOX,724,6,164,23,13,139,75,29,5,120,64,92,8,3,0,0,0,3,1,1,0,1,0,2,0.00674079,0.0264625,0.25473
11500,UOX,644,5,156,7,15,120,55,25,10,95,91,70,0,0,0,0,0,0,0,0,0,0,0,0,0.0067237,0.0211115,0.318486
11510,UOX,692,6,144,21,15,140,71,28,2,92,79,100,0,0,0,0,0,0,0,0,0,0,0,0,0.00667073,0.0197725,0.337375
11520,UOX,598,6,166,16,12,97,67,30,5,81,54,70,0,0,0,0,0,0,0,0,0,0,0,0,0.00665428,0.018683,0.356168
11530,UOX,696,10,149,12,16,135,82,25,6,104,71,96,52,5,12,3,0,9,3,1,0,9,4,11,0.00669468,0.0340726,0.196483
11540,UOX,689,7,174,7,19,143,52,30,5,93,74,92,87,6,17,1,0,18,4,0,0,5,10,32,0.0067136,0.0337426,0.198965
11550,UOX,637,6,161,17,13,119,58,25,4,101,69,70,0,0,0,0,0,0,0,0,0,0,0,0,0.00679899,0.0215563,0.315406
11560,UOX,652,5,159,21,14,129,51,20,3,107,77,71,86,5,16,0,1,12,3,3,0,13,15,23,0.00676839,0.0275327,0.245831
11570,UOX,645,5,166,12,11,138,43,31,1,80,83,80,0,0,0,0,0,0,0,0,0,0,0,0,0.00662905,0.0179255,0.369811
11580,UOX,784,5,182,22,17,162,63,33,5,112,85,103,37,4,10,1,0,8,4,1,0,6,4,3,0.00678043,0.0272454,0.248865
11590,UOX,743,6,154,19,17,138,80,34,10,108,83,100,68,6,16,5,1,12,3,4,1,7,5,14,0.00673108,0.0313989,0.214373
11600,UOX,695,5,167,13,8,142,52,33,6,108,84,82,0,0,0,0,0,0,0,0,0,0,0,0,0.00675972,0.0212192,0.318567
11610,UOX,710,6,144,19,11,139,73,23,7,104,88,102,0,0,0,0,0,0,0,0,0,0,0,0,0.00677477,0.0204627,0.331078
11620,UOX,654,4,157,18,3,145,57,19,5,93,80,77,71,5,19,0,2,10,7,3,1,10,4,15,0.00671632,0.027209,0.246842
11630,UOX,700,6,159,17,14,144,64,36,8,85,84,89,0,0,0,0,0,0,0,0,0,0,0,0,0.00682857,0.0193576,0.352759
11640,UOX,649,6,147,15,6,114,66,26,7,99,70,99,92,4,23,4,1,11,8,8,0,12,10,15,0.0068375,0.0300725,0.227367
11650,UOX,686,5,167,21,8,110,71,22,8,103,77,99,0,0,0,0,0,0,0,0,0,0,0,0,0.00674281,0.0216743,0.311097
11660,UOX,669,7,161,16,11,109,56,24,4,110,72,106,0,0,0,0,0,0,0,0,0,0,0,0,0.00669597,0.0212536,0.315052
11670,UOX,629,5,162,13,9,116,62,26,8,84,85,64,0,0,0,0,0,0,0,0,0,0,0,0,0.00675617,0.0166116,0.406715
11680,UOX,649,4,172,18,15,131,62,19,3,85,55,89,0,0,0,0,0,0,0,0,0,0,0,0,0.00674476,0.0177804,0.379336
11690,UOX,743,5,156,14,13,162,73,19,3,112,79,112,33,4,12,2,0,8,1,0,0,5,4,1,0.00692839,0.0277692,0.249499
11700,UOX,782,7,179,18,14,140,79,27,9,114,85,117,0,0,0,0,0,0,0,0,0,0,0,0,0.00676947,0.0240182,0.281847
11710,UOX,576,5,130,17,8,108,64,16,9,86,51,87,0,0,0,0,0,0,0,0,0,0,0,0,0.00678683,0.0188688,0.359686
11720,UOX,759,7,173,25,14,156,55,22,6,112,94,102,0,0,0,0,0,0,0,0,0,0,0,0,0.00677162,0.0224288,0.301916
11730,UOX,723,5,164,14,10,156,73,22,8,106,81,89,27,5,9,0,0,3,3,1,0,3,1,7,0.00677014,0.027492,0.246258
11740,UOX,642,5,150,14,13,119,72,26,7,99,61,81,0,0,0,0,0,0,0,0,0,0,0,0,0.00675565,0.0174752,0.386585
11750,UOX,662,5,155,18,16,119,72,21,10,104,65,82,51,4,8,1,0,8,4,3,0,2,2,23,0.00671955,0.0319033,0.210623
11760,UOX,670,7,166,20,8,134,64,22,8,87,66,95,9,3,2,0,0,1,0,0,0,0,2,4,0.00667888,0.0288348,0.231626
11770,UOX,677,6,150,17,12,135,65,23,9,103,70,93,0,0,0,0,0,0,0,0,0,0,0,0,0.00670711,0.01898,0.353377
11780,UOX,665,5,151,16,14,142,44,24,5,107,73,89,111,6,39,3,0,13,14,3,0,8,13,18,0.006801,0.0308897,0.22017
11790,UOX,658,6,163,19,10,117,63,23,6,109,92,56,79,6,33,3,1,7,4,4,0,16,4,7,0.00673519,0.0288309,0.23361
11800,UOX,691,5,180,17,12,122,68,21,5,113,71,82,0,0,0,0,0,0,0,0,0,0,0,0,0.00678773,0.0193019,0.351661
11810,UOX,660,8,159,20,13,125,70,32,5,82,68,86,0,0,0,0,0,0,0,0,0,0,0,0,0.00665165,0.0208962,0.318318
11820,UOX,700,6,170,8,15,122,56,31,10,112,80,96,52,5,17,0,1,4,2,0,0,9,10,9,0.00681354,0.030827,0.221025
11830,UOX,704,6,185,20,10,125,47,28,7,107,79,96,47,5,13,1,1,10,2,1,0,3,2,14,0.00683361,0.0297351,0.229816
11840,UOX,604,6,132,13,13,126,66,21,1,94,57,81,37,4,7,0,0,11,4,1,0,6,4,4,0.00677667,0.0263971,0.25672
11850,UOX,659,6,156,16,11,122,72,29,11,96,65,81,0,0,0,0,0,0,0,0,0,0,0,0,0.00675662,0.0222985,0.303008
11860,UOX,728,7,168,23,15,147,78,24,6,89,86,92,0,0,0,0,0,0,0,0,0,0,0,0,0.00679271,0.0216465,0.313802
11870,UOX,681,6,172,8,7,116,64,26,6,91,77,114,0,0,0,0,0,0,0,0,0,0,0,0,0.00681247,0.0209693,0.324879
11880,UOX,689,6,144,14,18,141,65,33,2,97,80,95,23,4,8,2,0,3,2,1,0,3,3,1,0.00682095,0.0276285,0.246881
11890,UOX,734,5,168,16,14,157,61,29,4,101,86,98,64,5,18,6,0,7,5,3,1,12,7,5,0.00688975,0.0282177,0.244164
11900,UOX,718,6,162,17,24,142,80,26,5,105,81,76,0,0,0,0,0,0,0,0,0,0,0,0,0.00688974,0.0209573,0.328752
11910,UOX,724,8,144,20,13,153,59,27,5,119,77,107,0,0,0,0,0,0,0,0,0,0,0,0,0.00678725,0.0239841,0.282989
11920,UOX,691,6,176,17,12,132,62,31,5,101,74,81,0,0,0,0,0,0,0,0,0,0,0,0,0.00687082,0.018122,0.379143
11930,UOX,659,7,148,19,9,121,70,25,8,80,75,104,0,0,0,0,0,0,0,0,0,0,0,0,0.00678063,0.0220444,0.30759
11940,UOX,714,7,150,15,20,135,73,23,6,114,89,89,63,6,21,1,1,8,9,3,0,10,2,8,0.00674823,0.0289764,0.232887
11950,UOX,694,7,155,16,10,121,56,34,3,118,78,103,0,0,0,0,0,0,0,0,0,0,0,0,0.0067047,0.0220264,0.304394
11960,UOX,663,5,155,19,12,137,60,29,7,102,57,85,0,0,0,0,0,0,0,0,0,0,0,0,0.00678127,0.0180629,0.375425
11970,UOX,659,6,172,19,10,119,51,20,2,106,74,86,40,4,12,0,1,3,3,3,0,6,4,8,0.00668262,0.0291354,0.229364
11980,UOX,679,4,180,22,15,120,77,24,7,100,71,63,87,4,9,3,0,18,7,4,1,18,1,26,0.00682166,0.0274036,0.248933
11990,UOX,742,6,162,18,13,161,71,30,5,106,66,110,0,0,0,0,0,0,0,0,0,0,0,0,0.00679157,0.0198136,0.342773
12000,UOX,691,5,160,26,13,136,77,36,8,91,61,83,0,0,0,0,0,0,0,0,0,0,0,0,0.00682872,0.0209388,0.326128
12010,UOX,681,5,153,14,22,129,68,29,7,102,57,100,0,0,0,0,0,0,0,0,0,0,0,0,0.00681021,0.0198961,0.342289
12020,UOX,692,5,153,22,16,137,64,31,4,91,72,102,0,0,0,0,0,0,0,0,0,0,0,0,0.00689796,0.0180458,0.382247
12030,UOX,719,6,155,21,10,136,86,26,8,111,78,88,0,0,0,0,0,0,0,0,0,0,0,0,0.00675733,0.0191735,0.35243
12040,UOX,639,6,137,14,13,136,63,21,11,91,63,90,77,5,22,4,0,15,5,1,0,11,6,13,0.00670537,0.0304275,0.220372
12050,UOX,701,5,166,12,16,136,64,16,10,116,72,93,0,0,0,0,0,0,0,0,0,0,0,0,0.00670674,0.0206552,0.3247
12060,UOX,700,7,173,16,17,124,80,26,3,116,71,74,60,5,22,4,1,4,7,1,0,7,2,12,0.0068416,0.0303482,0.225437
12070,UOX,608,6,120,18,11,139,55,19,4,101,58,83,33,5,11,1,1,3,1,0,0,4,4,8,0.00685729,0.0278553,0.246175
12080,UOX,605,5,133,11,9,135,46,23,3,98,69,78,0,0,0,0,0,0,0,0,0,0,0,0,0.0068189,0.0180465,0.377852
12090,UOX,582,6,136,9,6,129,51,31,3,92,59,66,0,0,0,0,0,0,0,0,0,0,0,0,0.00673997,0.0169707,0.397152
12100,UOX,614,5,127,17,15,135,61,23,10,89,59,78,0,0,0,0,0,0,0,0,0,0,0,0,0.00682589,0.0196302,0.347724
12110,UOX,0,3,0,0,0,0,0,0,0,0,0,0,0,0,0,0,0,0,0,0,0,0,0,0,0.000195061,0.00661231,0.0294997
12120,UOX,772,5,176,14,11,166,78,26,9,99,85,108,0,0,0,0,0,0,0,0,0,0,0,0,0.00688525,0.0206545,0.333354
12130,UOX,696,5,158,16,13,146,60,31,5,111,66,90,100,5,33,2,2,11,7,2,1,12,12,18,0.00679211,0.0307168,0.22112
12140,UOX,651,5,154,10,13,130,61,16,4,104,80,79,0,0,0,0,0,0,0,0,0,0,0,0,0.00671995,0.0179329,0.374728
12150,UOX,684,6,166,13,13,115,66,25,6,118,70,92,41,4,11,4,2,5,3,0,1,8,4,3,0.00673537,0.0322398,0.208915
12160,UOX,695,7,156,16,10,130,65,26,2,100,73,117,76,4,18,0,3,8,6,2,0,9,6,24,0.00672307,0.032261,0.208396
12170,UOX,651,5,129,14,11,114,64,23,3,123,73,97,0,0,0,0,0,0,0,0,0,0,0,0,0.00683892,0.0176911,0.386573
12180,UOX,672,6,150,18,5,119,51,21,5,118,73,112,103,9,20,4,2,13,4,2,1,14,9,34,0.0067273,0.0348179,0.193214
12190,UOX,727,6,206,18,16,148,67,26,4,97,69,76,0,0,0,0,0,0,0,0,0,0,0,0,0.00672026,0.0209088,0.321407
12200,UOX,581,5,150,9,11,103,47,28,5,92,63,73,0,0,0,0,0,0,0,0,0,0,0,0,0.00675033,0.0196031,0.34435
12210,UOX,714,6,199,13,12,136,63,27,8,91,77,88,0,0,0,0,0,0,0,0,0,0,0,0,0.00686254,0.0192424,0.356637
12220,UOX,577,5,145,12,15,116,49,19,7,88,54,72,53,4,14,0,1,11,4,3,0,5,8,7,0.0068401,0.0266614,0.256554
12230,UOX,705,7,149,18,15,131,67,32,1,114,82,96,0,0,0,0,0,0,0,0,0,0,0,0,0.00667442,0.0203279,0.328337
12240,UOX,694,5,159,25,13,129,56,23,3,95,76,115,0,0,0,0,0,0,0,0,0,0,0,0,0.00685623,0.0200618,0.341756
12250,UOX,589,5,143,19,14,111,51,23,2,83,77,66,49,6,11,0,2,11,2,1,0,6,4,12,0.0066814,0.0319496,0.209123
12260,UOX,676,5,148,14,6,151,54,26,4,111,77,85,0,0,0,0,0,0,0,0,0,0,0,0,0.00683148,0.0180989,0.377453
12270,UOX,758,5,186,17,13,134,63,28,10,122,84,101,115,5,29,3,2,17,3,1,2,9,11,38,0.00677655,0.0311279,0.2177
12280,UOX,708,6,148,15,12,136,59,33,8,103,72,122,0,0,0,0,0,0,0,0,0,0,0,0,0.00682597,0.0215716,0.316433
12290,UOX,0,3,0,0,0,0,0,0,0,0,0,0,0,0,0,0,0,0,0,0,0,0,0,0,0.000182931,0.0063275,0.0289105
12300,UOX,659,7,140,17,7,141,65,27,4,93,56,109,0,0,0,0,0,0,0,0,0,0,0,0,0.0067575,0.0229795,0.294067
12310,UOX,727,6,187,21,7,133,60,33,13,119,73,81,44,4,12,0,0,11,2,0,0,7,6,6,0.00674959,0.0287633,0.23466
12320,UOX,589,5,140,7,12,122,60,26,5,102,55,60,0,0,0,0,0,0,0,0,0,0,0,0,0.00663437,0.0154977,0.428088
12330,UOX,723,6,161,11,12,128,62,26,9,123,99,92,0,0,0,0,0,0,0,0,0,0,0,0,0.00668376,0.0202609,0.329885
12340,UOX,717,7,145,23,12,140,75,37,4,98,88,95,31,4,10,1,0,5,0,1,0,2,3,9,0.0067637,0.0299228,0.226038
12350,UOX,666,5,153,21,16,151,69,19,7,97,57,76,0,0,0,0,0,0,0,0,0,0,0,0,0.0066985,0.0192708,0.347598
12360,UOX,654,4,159,18,15,132,55,17,5,101,72,80,0,0,0,0,0,0,0,0,0,0,0,0,0.00673383,0.0179489,0.375166
12370,UOX,740,6,169,19,14,132,64,22,4,116,92,108,11,3,3,0,0,0,1,0,0,2,3,2,0.00677598,0.0278617,0.243201
12380,UOX,728,6,158,15,8,144,69,30,1,126,78,99,86,5,22,3,4,11,8,1,2,11,9,15,0.00668597,0.0312513,0.213942
12390,UOX,717,7,168,27,12,138,62,26,11,117,64,92,104,5,22,3,3,26,7,3,0,14,11,15,0.00681002,0.0341985,0.199132
12400,UOX,619,5,136,19,15,106,65,26,8,97,75,72,0,0,0,0,0,0,0,0,0,0,0,0,0.00678122,0.0212026,0.319829
12410,UOX,692,7,145,19,20,139,73,24,9,96,64,103,0,0,0,0,0,0,0,0,0,0,0,0,0.00663117,0.0215824,0.307249
12420,UOX,749,6,165,21,11,152,68,26,1,109,77,119,57,5,7,1,1,11,4,2,2,2,5,22,0.0066403,0.0313682,0.211689
12430,UOX,649,6,146,25,9,122,53,30,5,107,67,85,0,0,0,0,0,0,0,0,0,0,0,0,0.00671867,0.0183553,0.366033
12440,UOX,0,3,0,0,0,0,0,0,0,0,0,0,0,0,0,0,0,0,0,0,0,0,0,0,0.000185081,0.0067898,0.0272587
12450,UOX,722,6,162,14,9,157,63,36,5,101,81,94,0,0,0,0,0,0,0,0,0,0,0,0,0.00679596,0.0227316,0.298965
12460,UOX,690,7,164,24,10,146,83,25,4,87,61,86,41,5,9,2,2,6,2,2,1,5,9,3,0.00667617,0.0289345,0.230734
12470,UOX,656,8,171,19,8,138,43,14,5,102,71,85,0,0,0,0,0,0,0,0,0,0,0,0,0.00673941,0.0210195,0.320626
12480,UOX,763,6,195,11,14,140,85,25,6,101,89,97,0,0,0,0,0,0,0,0,0,0,0,0,0.0067652,0.0204562,0.330716
12490,UOX,731,4,152,17,16,152,90,23,10,98,86,87,56,6,14,1,1,12,3,3,0,3,7,12,0.00674297,0.0284539,0.236979
12500,UOX,695,6,158,16,8,144,68,24,9,102,76,90,0,0,0,0,0,0,0,0,0,0,0,0,0.00688122,0.020437,0.336703
12510,UOX,812,5,189,18,12,156,70,37,9,108,98,115,0,0,0,0,0,0,0,0,0,0,0,0,0.00681565,0.0212529,0.320692
12520,UOX,697,8,168,12,14,130,75,31,8,95,74,90,0,0,0,0,0,0,0,0,0,0,0,0,0.00668546,0.0222622,0.300305
12530,UOX,711,5,159,23,6,154,69,20,4,106,69,101,61,7,17,0,1,20,2,2,0,5,5,9,0.00688314,0.0302049,0.227882
12540,UOX,651,6,147,12,11,121,69,23,10,96,69,93,0,0,0,0,0,0,0,0,0,0,0,0,0.00678919,0.0197618,0.343552
12550,UOX,772,6,150,16,21,152,73,27,4,123,91,115,18,3,7,2,0,2,2,0,0,0,0,5,0.00673855,0.0335388,0.200918
12560,UOX,683,6,181,13,10,136,58,21,1,91,78,94,10,4,1,0,0,5,2,0,0,1,0,1,0.00666045,0.0265149,0.251197
12570,UOX,676,7,140,13,14,137,66,26,8,112,73,87,0,0,0,0,0,0,0,0,0,0,0,0,0.00670724,0.0217706,0.308087
12580,UOX,667,7,170,21,11,115,58,19,6,107,64,96,0,0,0,0,0,0,0,0,0,0,0,0,0.00670668,0.0203754,0.329155
12590,UOX,678,5,158,19,17,137,58,31,6,89,75,88,0,0,0,0,0,0,0,0,0,0,0,0,0.00676911,0.0185953,0.364023
12600,UOX,705,6,150,16,10,145,70,28,4,97,72,113,55,5,19,2,0,5,2,1,1,6,10,9,0.006826,0.0333886,0.204441
12610,UOX,663,6,142,11,7,132,78,29,7,100,77,80,79,5,25,1,1,8,4,7,1,2,12,18,0.0067887,0.0305122,0.222491
12620,UOX,679,7,150,14,13,139,61,27,2,109,75,89,0,0,0,0,0,0,0,0,0,0,0,0,0.00683164,0.0206134,0.331418
12630,UOX,677,8,141,14,20,128,74,25,4,121,64,86,51,5,11,1,0,5,4,1,0,11,9,9,0.00669498,0.0333734,0.200609
12640,UOX,728,6,158,20,17,151,70,23,5,94,78,112,34,5,9,2,0,4,3,0,0,4,4,8,0.00673422,0.0310932,0.216581
12650,UOX,728,6,175,22,15,146,57,26,6,107,74,100,0,0,0,0,0,0,0,0,0,0,0,0,0.00668569,0.0231571,0.28871
12660,UOX,760,5,164,17,17,157,78,18,8,119,85,97,19,3,7,1,0,3,3,0,0,1,0,4,0.00678802,0.0268643,0.252678
12670,UOX,667,6,157,19,10,131,60,16,7,110,74,83,23,4,11,2,0,4,1,0,0,2,2,1,0.006768,0.0275487,0.245674
12680,UOX,742,6,161,16,9,154,73,23,9,108,90,99,0,0,0,0,0,0,0,0,0,0,0,0,0.00689497,0.0203208,0.339305
12690,UOX,700,6,160,16,12,143,67,25,6,106,67,98,0,0,0,0,0,0,0,0,0,0,0,0,0.00673829,0.0202145,0.33334
12700,UOX,646,5,172,13,19,127,64,17,6,94,65,69,0,0,0,0,0,0,0,0,0,0,0,0,0.00687873,0.0185385,0.37105
12710,UOX,644,6,145,20,12,112,68,23,3,107,72,82,24,6,8,1,2,1,2,2,0,2,1,5,0.00689765,0.0284919,0.242092
12720,UOX,689,6,142,19,9,129,72,26,10,96,71,115,0,0,0,0,0,0,0,0,0,0,0,0,0.00679813,0.0214107,0.31751
12730,UOX,727,7,160,19,9,140,70,30,8,110,83,98,0,0,0,0,0,0,0,0,0,0,0,0,0.00679863,0.0226428,0.300256
12740,UOX,751,8,143,23,9,143,88,31,6,104,70,134,27,4,5,0,0,2,2,0,0,3,4,11,0.00679901,0.0324965,0.209223
12750,UOX,683,5,140,24,14,117,83,31,5,117,70,82,0,0,0,0,0,0,0,0,0,0,0,0,0.0067996,0.0205816,0.330373
12760,UOX,725,5,167,23,10,151,79,28,7,108,73,79,0,0,0,0,0,0,0,0,0,0,0,0,0.00668352,0.0193796,0.344874
12770,UOX,698,7,182,24,10,123,73,26,8,90,69,93,70,5,19,3,1,7,4,3,0,5,6,22,0.00680826,0.0331717,0.205243
12780,UOX,715,7,150,23,13,124,72,22,9,120,78,104,0,0,0,0,0,0,0,0,0,0,0,0,0.00677322,0.0211799,0.319795
12790,UOX,751,5,164,13,6,163,86,34,11,97,74,103,22,6,4,0,0,4,1,0,0,1,2,10,0.00673815,0.0297531,0.226469
12800,UOX,633,5,161,17,8,109,71,18,9,117,51,72,0,0,0,0,0,0,0,0,0,0,0,0,0.00672454,0.01968,0.341693
12810,UOX,599,4,134,26,8,107,65,26,5,100,55,73,0,0,0,0,0,0,0,0,0,0,0,0,0.00686284,0.0165586,0.414457
12820,UOX,636,6,157,11,21,124,58,17,5,93,73,77,0,0,0,0,0,0,0,0,0,0,0,0,0.00684423,0.0189811,0.360582
12830,UOX,0,3,0,0,0,0,0,0,0,0,0,0,0,0,0,0,0,0,0,0,0,0,0,0,0.000191441,0.00703757,0.0272027
12840,UOX,663,5,166,20,17,125,51,26,3,102,79,74,0,0,0,0,0,0,0,0,0,0,0,0,0.00679773,0.0168969,0.402307
12850,UOX,633,6,141,22,9,129,65,12,3,102,59,91,0,0,0,0,0,0,0,0,0,0,0,0,0.00680329,0.0220025,0.309205
12860,UOX,753,8,147,23,11,142,61,30,6,138,86,109,56,4,15,4,1,7,1,1,0,7,5,15,0.00687348,0.0308946,0.222482
12870,UOX,711,7,189,20,17,149,80,21,2,80,71,82,91,4,18,1,2,15,9,0,1,9,11,25,0.00707989,0.0326275,0.216991
12880,UOX,647,7,144,14,15,123,63,29,4,101,64,90,17,5,1,0,1,3,0,0,0,0,0,12,0.00696184,0.0307393,0.22648
12890,UOX,696,8,165,21,14,141,60,22,7,112,72,82,51,5,14,0,1,9,4,2,0,6,3,12,0.00680035,0.0320153,0.212409
12900,UOX,638,6,140,12,8,122,52,18,8,114,65,99,110,6,21,2,3,20,7,5,1,19,10,22,0.0069031,0.0368385,0.187388
12910,UOX,776,7,186,19,16,153,71,34,5,93,106,93,0,0,0,0,0,0,0,0,0,0,0,0,0.00682974,0.0221495,0.308347
12920,UOX,690,5,165,14,8,142,71,31,3,106,76,74,31,4,19,2,0,2,0,0,1,5,1,1,0.00675297,0.0272601,0.247723
12930,UOX,715,6,195,18,13,128,71,30,8,99,77,76,0,0,0,0,0,0,0,0,0,0,0,0,0.00695907,0.0195482,0.355995
12940,UOX,581,6,134,18,8,122,46,20,3,92,65,73,33,5,9,0,0,4,2,1,0,3,3,11,0.00680114,0.0266516,0.255186
12950,UOX,681,5,168,18,14,129,68,33,9,85,73,84,70,5,16,2,1,4,3,1,2,15,6,20,0.00684711,0.0325746,0.210198
12960,UOX,604,4,122,17,6,120,69,32,6,89,62,81,0,0,0,0,0,0,0,0,0,0,0,0,0.00673974,0.0165968,0.406086
12970,UOX,684,6,162,13,13,140,61,21,3,97,81,93,48,5,18,1,1,8,2,3,1,3,5,6,0.00666916,0.0289104,0.230683
12980,UOX,685,7,165,19,10,142,58,25,5,117,58,86,77,6,13,0,3,12,3,3,0,12,8,23,0.00688324,0.0308418,0.223179
12990,UOX,666,6,163,15,12,119,65,27,7,104,65,89,0,0,0,0,0,0,0,0,0,0,0,0,0.00674053,0.0194527,0.346508
13000,UOX,582,5,137,18,7,119,64,26,4,83,63,61,0,0,0,0,0,0,0,0,0,0,0,0,0.00685916,0.0188156,0.364547
13010,UOX,707,7,143,20,12,130,63,25,7,100,95,112,0,0,0,0,0,0,0,0,0,0,0,0,0.00684001,0.0218853,0.312539
13020,UOX,668,6,170,16,14,133,67,28,4,92,73,71,0,0,0,0,0,0,0,0,0,0,0,0,0.00677127,0.0191358,0.353854
13030,UOX,648,4,141,18,13,134,51,23,9,114,66,79,0,0,0,0,0,0,0,0,0,0,0,0,0.00680866,0.0164369,0.414229
13040,UOX,0,3,0,0,0,0,0,0,0,0,0,0,45,4,11,0,0,10,2,1,0,5,10,6,0.000189471,0.0150055,0.0126267
13050,UOX,637,6,144,20,6,112,52,25,5,105,73,95,73,5,15,2,3,11,2,2,0,10,9,19,0.00670605,0.0326031,0.205687
13060,UOX,707,5,170,22,12,142,65,21,7,122,63,83,22,3,7,1,0,3,0,1,1,4,2,3,0.00679276,0.0268453,0.253034
13070,UOX,645,5,156,20,19,126,78,15,7,102,60,62,214,6,67,3,4,39,10,3,0,24,26,38,0.00679145,0.0311081,0.218318
13080,UOX,690,6,163,26,14,126,65,21,14,116,77,68,0,0,0,0,0,0,0,0,0,0,0,0,0.00684613,0.0170892,0.400612
13090,UOX,702,7,162,13,9,142,59,24,6,111,77,99,0,0,0,0,0,0,0,0,0,0,0,0,0.00676698,0.0219993,0.3076
13100,UOX,726,8,180,15,17,140,68,33,9,114,73,77,55,5,14,0,5,7,5,1,0,7,8,8,0.00683639,0.0332192,0.205796
13110,UOX,606,5,157,17,14,108,44,18,10,95,74,69,0,0,0,0,0,0,0,0,0,0,0,0,0.00684255,0.0179059,0.382139
13120,UOX,682,8,169,20,15,134,60,24,8,108,61,83,0,0,0,0,0,0,0,0,0,0,0,0,0.00677292,0.02064,0.328146
13130,UOX,613,5,159,16,16,134,55,24,1,67,70,71,0,0,0,0,0,0,0,0,0,0,0,0,0.00681859,0.0178146,0.382752
13140,UOX,623,6,150,20,20,109,67,22,9,71,61,94,54,8,15,1,0,6,3,1,0,12,3,13,0.00668872,0.0301995,0.221485
13150,UOX,658,6,160,24,11,140,56,28,8,92,57,82,165,7,33,5,3,20,17,5,1,15,17,49,0.0067109,0.0390941,0.17166
13160,UOX,0,3,0,0,0,0,0,0,0,0,0,0,25,6,6,1,1,3,0,0,0,4,3,7,0.000187561,0.015302,0.0122573
13170,UOX,662,6,160,17,13,124,58,21,5,88,73,103,0,0,0,0,0,0,0,0,0,0,0,0,0.0068661,0.0211676,0.324368
13180,UOX,698,5,166,21,15,145,66,25,5,99,73,83,0,0,0,0,0,0,0,0,0,0,0,0,0.00681605,0.017884,0.381125
13190,UOX,743,7,170,22,14,119,89,33,2,100,81,113,47,7,10,1,0,6,2,3,2,4,6,13,0.00673352,0.0333173,0.202103
13200,UOX,771,6,188,18,11,169,57,22,4,114,89,99,37,5,7,1,0,9,3,1,1,1,4,10,0.0068333,0.0329714,0.207249
13210,UOX,724,7,168,17,20,149,68,31,7,91,62,111,0,0,0,0,0,0,0,0,0,0,0,0,0.0067179,0.0233968,0.287128
13220,UOX,753,6,170,20,9,155,53,23,10,120,80,113,62,5,17,0,0,12,2,0,2,5,4,20,0.00677564,0.0315217,0.214952
13230,UOX,715,7,169,19,10,133,71,25,5,88,77,118,0,0,0,0,0,0,0,0,0,0,0,0,0.0067598,0.0214184,0.315607
13240,UOX,618,5,148,10,10,139,56,26,3,74,60,92,0,0,0,0,0,0,0,0,0,0,0,0,0.006825,0.0178689,0.381948
13250,UOX,784,7,192,24,9,158,71,22,3,125,87,93,0,0,0,0,0,0,0,0,0,0,0,0,0.0068408,0.0213316,0.320689
13260,UOX,693,6,134,20,12,135,59,28,8,100,88,109,68,7,12,1,1,9,3,2,0,9,7,24,0.0069284,0.03347,0.207003
13270,UOX,695,5,166,18,12,130,72,29,9,105,72,82,0,0,0,0,0,0,0,0,0,0,0,0,0.00676627,0.0197639,0.342354
13280,UOX,705,5,127,15,15,156,76,32,7,119,66,92,0,0,0,0,0,0,0,0,0,0,0,0,0.00685135,0.0203064,0.337398
13290,UOX,600,5,138,14,10,118,60,25,4,112,48,71,53,6,12,1,1,14,2,2,0,4,4,13,0.00677411,0.028513,0.23758
13300,UOX,759,8,164,19,17,149,67,31,3,118,89,102,0,0,0,0,0,0,0,0,0,0,0,0,0.00677543,0.0252129,0.268728
13310,UOX,755,9,153,22,20,137,83,18,9,124,74,115,0,0,0,0,0,0,0,0,0,0,0,0,0.00675901,0.0258801,0.261166
13320,UOX,694,6,167,22,10,133,65,26,7,85,79,100,0,0,0,0,0,0,0,0,0,0,0,0,0.00676977,0.0211332,0.320338
13330,UOX,839,5,205,24,14,156,71,33,5,111,111,109,101,6,37,2,2,13,2,2,1,15,14,13,0.00685121,0.0310113,0.220926
13340,UOX,738,6,178,22,12,133,75,24,7,117,86,84,61,4,17,7,2,8,1,3,0,10,6,7,0.00683965,0.0290497,0.235447
13350,UOX,732,6,131,18,11,153,78,33,4,118,65,121,0,0,0,0,0,0,0,0,0,0,0,0,0.00683257,0.0230877,0.29594
13360,UOX,773,5,183,16,10,154,69,22,5,119,96,99,0,0,0,0,0,0,0,0,0,0,0,0,0.00686085,0.0202886,0.338162
13370,UOX,703,9,162,22,11,139,62,16,8,107,84,92,94,5,24,2,4,10,3,2,0,17,10,22,0.00683572,0.0337348,0.202631
13380,UOX,698,6,192,17,13,131,52,20,8,95,71,99,55,7,15,2,1,6,1,0,1,4,11,14,0.00670025,0.0296691,0.225833
13390,UOX,699,6,182,14,9,142,72,35,3,95,68,79,0,0,0,0,0,0,0,0,0,0,0,0,0.0067415,0.0194338,0.346895
13400,UOX,707,7,174,21,15,135,54,22,3,96,83,104,14,4,3,1,0,2,3,1,0,0,0,4,0.00678513,0.0309215,0.219431
13410,UOX,712,7,163,26,13,143,69,25,4,116,80,73,0,0,0,0,0,0,0,0,0,0,0,0,0.00673839,0.0220314,0.305854
13420,UOX,629,4,141,11,11,122,64,27,4,93,94,62,3,3,2,0,0,1,0,0,0,0,0,0,0.00670023,0.0232039,0.288754
13430,UOX,745,5,175,16,10,137,70,30,7,116,91,93,105,5,34,5,4,12,7,2,0,10,10,21,0.00679584,0.0294128,0.23105
13440,UOX,617,6,175,11,16,110,59,21,9,97,58,61,23,3,3,1,1,4,0,0,0,0,4,10,0.00671187,0.0260522,0.257631
13450,UOX,553,4,165,15,11,93,45,16,4,83,51,70,46,4,15,0,1,8,6,0,0,5,4,7,0.00669697,0.02795,0.239606
13460,UOX,696,5,148,11,16,144,59,26,4,103,91,94,0,0,0,0,0,0,0,0,0,0,0,0,0.00671958,0.0201031,0.334256
13470,UOX,581,5,131,10,13,115,59,15,3,88,65,82,0,0,0,0,0,0,0,0,0,0,0,0,0.00670053,0.0175455,0.381894
13480,UOX,781,8,175,15,10,154,74,30,5,125,78,115,61,5,19,1,1,9,4,3,1,6,6,11,0.00675333,0.0342066,0.197428
13490,UOX,682,8,156,23,12,136,72,17,3,108,69,86,0,0,0,0,0,0,0,0,0,0,0,0,0.00675408,0.0220104,0.306859
13500,UOX,647,8,161,13,16,133,61,23,5,75,74,86,0,0,0,0,0,0,0,0,0,0,0,0,0.0067352,0.0225434,0.298766
13510,UOX,817,7,206,20,10,137,87,34,4,129,87,103,0,0,0,0,0,0,0,0,0,0,0,0,0.00695946,0.02118,0.328586
13520,UOX,629,5,136,9,14,152,61,16,8,86,57,90,0,0,0,0,0,0,0,0,0,0,0,0,0.00669511,0.0181269,0.369347
13530,UOX,794,8,163,21,13,162,48,35,5,118,97,132,41,5,14,2,0,5,3,0,0,5,6,6,0.00679852,0.0320696,0.211993
13540,UOX,615,5,147,13,18,122,75,28,5,88,63,56,15,3,1,0,0,1,1,1,2,0,3,6,0.00672646,0.0243951,0.27573
13550,UOX,729,6,178,18,10,136,79,31,7,100,75,95,0,0,0,0,0,0,0,0,0,0,0,0,0.00682157,0.0220429,0.309467
13560,UOX,738,8,153,15,14,137,63,26,3,126,89,112,0,0,0,0,0,0,0,0,0,0,0,0,0.00688332,0.022262,0.309195
13570,UOX,640,4,147,11,10,137,65,21,11,95,69,74,0,0,0,0,0,0,0,0,0,0,0,0,0.00670388,0.0164892,0.406562
13580,UOX,752,7,167,21,5,152,80,35,4,120,71,97,84,5,30,3,2,9,3,2,0,7,10,18,0.00680762,0.0332378,0.204815
13590,UOX,700,5,178,11,14,128,59,29,3,113,82,83,18,4,2,0,0,1,2,0,0,0,4,9,0.00669103,0.0275581,0.242798
13600,UOX,664,5,148,19,5,137,56,20,3,107,81,88,0,0,0,0,0,0,0,0,0,0,0,0,0.00686784,0.0208821,0.328887
13610,UOX,737,6,161,17,14,142,65,29,7,120,77,105,0,0,0,0,0,0,0,0,0,0,0,0,0.00687978,0.0209522,0.328355
13620,UOX,652,5,160,17,12,134,72,39,6,81,57,74,0,0,0,0,0,0,0,0,0,0,0,0,0.00687193,0.017755,0.387042
13630,UOX,738,8,173,11,10,142,70,33,6,99,77,117,0,0,0,0,0,0,0,0,0,0,0,0,0.00683397,0.0229128,0.29826
13640,UOX,721,5,179,19,12,126,78,23,10,107,69,98,0,0,0,0,0,0,0,0,0,0,0,0,0.00675881,0.0174923,0.386388
13650,UOX,749,7,170,20,15,139,83,19,6,115,75,107,47,4,12,1,3,6,4,1,1,6,5,8,0.00676379,0.0352521,0.191869
13660,UOX,670,5,175,18,11,137,71,20,6,87,61,84,51,4,14,2,2,7,3,1,0,11,5,6,0.0067214,0.0269131,0.249745
13670,UOX,699,6,157,19,9,119,82,27,7,105,78,96,74,4,25,0,0,14,5,3,0,10,7,10,0.00673038,0.0289707,0.232317
13680,UOX,679,7,141,10,12,138,66,31,6,114,76,85,0,0,0,0,0,0,0,0,0,0,0,0,0.00667986,0.0198572,0.336395
13690,UOX,652,5,150,21,12,124,74,20,8,78,82,83,7,3,0,0,0,0,0,0,0,2,2,3,0.00681461,0.0255283,0.266943
13700,UOX,746,5,168,16,12,126,81,29,8,98,97,111,0,0,0,0,0,0,0,0,0,0,0,0,0.00696611,0.0229182,0.303956
13710,UOX,789,5,173,18,13,159,78,34,7,110,84,113,0,0,0,0,0,0,0,0,0,0,0,0,0.00681723,0.0188538,0.361584
13720,UOX,733,7,164,21,13,149,46,34,5,119,89,93,114,8,17,1,2,22,7,3,0,16,15,31,0.00687046,0.0355026,0.19352
13730,UOX,721,7,159,16,20,120,77,27,3,113,79,107,80,5,20,6,1,10,5,1,1,8,6,22,0.00673604,0.0335386,0.200845
13740,UOX,691,6,165,20,14,138,74,23,3,100,80,74,0,0,0,0,0,0,0,0,0,0,0,0,0.00686226,0.0201322,0.340859
13750,UOX,718,9,174,17,19,121,67,23,5,101,84,107,0,0,0,0,0,0,0,0,0,0,0,0,0.00699409,0.0244878,0.285615
13760,UOX,634,7,166,19,15,133,56,24,7,92,64,58,0,0,0,0,0,0,0,0,0,0,0,0,0.00677558,0.0191631,0.353573
13770,UOX,763,6,181,24,25,149,78,31,1,94,83,97,0,0,0,0,0,0,0,0,0,0,0,0,0.00687307,0.0215486,0.318956
13780,UOX,630,7,124,11,7,134,59,23,8,94,75,95,84,4,23,1,2,9,5,2,0,11,11,20,0.00670296,0.0294343,0.227726
13790,UOX,624,8,156,17,16,104,58,23,4,102,60,84,0,0,0,0,0,0,0,0,0,0,0,0,0.00685106,0.020466,0.334753
13800,UOX,674,5,188,14,14,139,48,19,4,88,68,92,0,0,0,0,0,0,0,0,0,0,0,0,0.00673462,0.0201214,0.334698
13810,UOX,709,5,152,17,10,146,74,20,5,116,76,93,18,4,1,0,0,4,1,1,0,1,0,10,0.00675553,0.0276034,0.244735
13820,UOX,688,5,174,13,14,145,52,20,7,99,77,87,16,4,4,1,0,1,3,0,0,0,1,6,0.00671362,0.0264043,0.254262
13830,UOX,710,7,176,22,9,131,67,24,13,97,77,94,29,5,13,0,0,2,0,1,0,0,4,9,0.006662,0.0308321,0.216073
13840,UOX,749,7,167,17,12,138,69,39,10,119,76,102,55,5,19,2,1,7,5,1,0,5,7,8,0.00693032,0.0317206,0.21848
13850,UOX,638,5,171,11,12,124,54,34,6,93,64,69,10,3,3,2,0,2,1,0,0,1,0,1,0.00676644,0.0277044,0.244237
13860,UOX,728,7,163,24,19,141,51,23,8,109,79,111,0,0,0,0,0,0,0,0,0,0,0,0,0.00681247,0.0219885,0.30982
13870,UOX,796,8,193,20,12,141,70,25,13,117,90,115,0,0,0,0,0,0,0,0,0,0,0,0,0.0067614,0.0255643,0.264486
13880,UOX,603,6,143,10,11,127,53,19,2,100,66,72,0,0,0,0,0,0,0,0,0,0,0,0,0.00678597,0.0174423,0.389052
13890,UOX,698,7,163,27,19,137,56,30,10,97,73,86,0,0,0,0,0,0,0,0,0,0,0,0,0.00679544,0.0221622,0.306623
13900,UOX,751,7,166,21,18,141,67,24,8,113,79,114,0,0,0,0,0,0,0,0,0,0,0,0,0.00682403,0.0238867,0.285683
13910,UOX,693,7,136,11,8,148,57,30,6,124,72,101,19,4,8,1,1,0,0,1,0,3,1,4,0.00676582,0.0274961,0.246065
13920,UOX,728,10,183,17,23,125,71,25,8,110,77,89,0,0,0,0,0,0,0,0,0,0,0,0,0.00682436,0.0235426,0.289873
13930,UOX,743,5,179,20,11,165,74,22,4,103,85,80,41,4,6,0,1,11,1,1,0,8,7,6,0.00681319,0.0286019,0.238207
13940,UOX,721,5,173,19,24,109,58,31,4,103,109,91,81,5,13,2,1,11,6,2,0,8,10,28,0.00685323,0.0299739,0.22864
13950,UOX,757,7,184,12,19,145,80,25,8,110,73,101,0,0,0,0,0,0,0,0,0,0,0,0,0.00689289,0.0229944,0.299764
13960,UOX,618,7,150,23,17,118,53,26,5,88,65,73,56,6,13,1,0,8,6,0,3,6,9,10,0.00684758,0.0293094,0.233631
13970,UOX,791,6,168,19,11,163,61,26,5,122,92,124,4,3,0,0,0,0,1,0,0,0,0,3,0.00684202,0.0286056,0.239185
13980,UOX,769,5,180,20,19,143,75,39,7,100,85,101,32,5,12,1,1,3,3,0,0,9,3,0,0.00675058,0.0278533,0.242362
13990,UOX,737,6,174,18,15,126,81,44,8,115,74,82,30,3,7,0,1,6,1,1,0,3,7,4,0.00684778,0.02697,0.253903
14000,UOX,693,6,139,10,13,145,68,27,6,108,66,111,0,0,0,0,0,0,0,0,0,0,0,0,0.0068693,0.0228533,0.300582
14010,UOX,725,5,167,21,9,139,76,23,1,117,89,83,0,0,0,0,0,0,0,0,0,0,0,0,0.0068273,0.0192128,0.355352
14020,UOX,628,5,164,10,10,123,40,19,7,96,87,72,8,4,0,0,1,1,2,0,0,0,1,3,0.00679751,0.0259155,0.262295
14030,UOX,675,6,146,15,15,140,61,28,7,101,77,85,0,0,0,0,0,0,0,0,0,0,0,0,0.00685462,0.0193566,0.354122
14040,UOX,662,7,158,25,6,117,65,20,7,87,70,107,24,4,3,0,4,3,1,0,1,3,3,6,0.00686038,0.0290256,0.236356
14050,UOX,0,3,0,0,0,0,0,0,0,0,0,0,0,0,0,0,0,0,0,0,0,0,0,0,0.000188641,0.00803189,0.0234865
14060,UOX,619,6,115,8,14,130,54,30,4,102,85,77,109,7,35,4,2,10,6,3,1,18,11,19,0.00669441,0.0307714,0.217553
14070,UOX,699,7,152,14,14,156,71,17,7,103,85,80,0,0,0,0,0,0,0,0,0,0,0,0,0.00675779,0.0209511,0.322551
14080,UOX,659,4,178,21,15,114,52,23,7,100,72,77,5,3,0,0,0,0,2,0,0,1,0,2,0.00693312,0.02405,0.288279
14090,UOX,629,4,129,18,10,126,57,23,5,109,72,80,0,0,0,0,0,0,0,0,0,0,0,0,0.00674869,0.0163529,0.412692
14100,UOX,663,5,164,13,7,124,68,26,7,86,73,95,26,4,3,0,2,3,2,0,2,3,3,8,0.00680402,0.0315145,0.215901
14110,UOX,608,6,145,17,9,115,50,25,8,105,64,70,0,0,0,0,0,0,0,0,0,0,0,0,0.00661669,0.0188856,0.350357
14120,UOX,703,6,178,17,9,133,54,34,4,112,74,88,25,5,3,0,0,7,0,0,0,3,2,10,0.00682705,0.0293611,0.23252
14130,UOX,671,5,161,18,12,123,71,21,8,102,76,79,0,0,0,0,0,0,0,0,0,0,0,0,0.00671789,0.0186204,0.360781
14140,UOX,746,5,172,16,20,144,56,25,3,119,81,110,0,0,0,0,0,0,0,0,0,0,0,0,0.00684097,0.0197792,0.345867
14150,UOX,742,6,169,21,17,135,64,31,5,120,77,103,0,0,0,0,0,0,0,0,0,0,0,0,0.0068427,0.0215599,0.317381
14160,UOX,682,7,172,31,17,124,53,30,7,102,63,83,0,0,0,0,0,0,0,0,0,0,0,0,0.00685002,0.0197938,0.346069
14170,UOX,767,6,178,20,15,155,61,32,6,111,84,105,57,4,20,3,1,5,5,2,0,8,8,5,0.00678361,0.029629,0.228951
14180,UOX,672,5,174,16,6,115,68,26,6,109,83,69,4,3,1,0,0,2,0,0,0,0,0,1,0.00677186,0.0240469,0.28161
14190,UOX,637,6,155,18,13,101,52,34,6,87,76,95,0,0,0,0,0,0,0,0,0,0,0,0,0.00672246,0.0198253,0.339084
14200,UOX,712,7,170,20,9,140,67,30,2,103,75,96,0,0,0,0,0,0,0,0,0,0,0,0,0.00673966,0.0213215,0.316096
14210,UOX,700,7,176,11,12,136,58,28,10,109,72,88,148,6,38,0,8,21,7,5,2,27,13,27,0.0068796,0.0337874,0.203614
14220,UOX,729,6,144,22,9,130,84,31,11,94,92,112,0,0,0,0,0,0,0,0,0,0,0,0,0.0068274,0.0215017,0.317529
14230,UOX,5,3,2,0,1,1,0,0,0,0,1,0,7,3,1,0,0,2,0,0,0,2,0,2,0.000187591,0.0132007,0.0142107
14240,UOX,692,7,174,11,9,124,70,12,10,101,73,108,0,0,0,0,0,0,0,0,0,0,0,0,0.00678368,0.0224342,0.302381
14250,UOX,737,5,188,15,7,121,68,28,5,118,91,96,65,5,23,0,1,11,4,1,0,9,6,10,0.00686163,0.033895,0.202438
14260,UOX,707,5,157,19,11,144,62,20,10,104,100,80,0,0,0,0,0,0,0,0,0,0,0,0,0.00671266,0.0187962,0.357129
14270,UOX,707,7,163,18,13,130,74,39,9,114,75,72,0,0,0,0,0,0,0,0,0,0,0,0,0.0068293,0.0211843,0.322376
14280,UOX,666,5,150,12,14,140,65,17,6,102,66,94,56,5,9,3,1,11,5,0,0,5,9,13,0.00677381,0.0296768,0.228252
14290,UOX,666,5,166,13,10,142,54,20,5,101,60,95,0,0,0,0,0,0,0,0,0,0,0,0,0.00672564,0.0192121,0.350073
14300,UOX,624,5,130,12,10,126,68,32,6,105,63,72,87,4,22,0,1,13,5,3,0,11,6,26,0.00669335,0.0321917,0.207922
14310,UOX,662,6,152,14,21,132,51,22,7,86,71,106,64,5,24,4,0,6,4,3,0,10,6,7,0.00674102,0.0303766,0.221915
14320,UOX,675,5,176,21,14,123,56,23,3,108,72,79,144,6,38,2,0,23,7,4,0,21,16,33,0.00680152,0.0326608,0.208247
14330,UOX,710,6,172,20,15,133,64,31,3,109,71,92,71,5,20,2,0,10,4,2,1,8,6,18,0.00678001,0.0301162,0.225128
14340,UOX,691,7,165,16,10,143,68,23,8,112,74,72,0,0,0,0,0,0,0,0,0,0,0,0,0.00684398,0.0186799,0.366382
14350,UOX,690,6,143,20,14,137,62,29,9,100,85,91,115,5,27,2,2,24,4,1,0,13,7,35,0.006721,0.0374319,0.179552
14360,UOX,690,6,165,13,11,151,60,30,5,103,67,85,0,0,0,0,0,0,0,0,0,0,0,0,0.00677814,0.0205999,0.329038
14370,UOX,667,6,143,12,14,140,63,30,5,92,66,102,0,0,0,0,0,0,0,0,0,0,0,0,0.0066535,0.021141,0.31472
14380,UOX,769,6,158,25,10,148,74,27,9,123,72,123,0,0,0,0,0,0,0,0,0,0,0,0,0.0067208,0.0206969,0.324724
14390,UOX,731,6,166,12,20,154,67,34,2,120,76,80,5,3,2,0,0,0,0,1,0,0,0,2,0.00678567,0.0260171,0.260815
14400,UOX,0,3,0,0,0,0,0,0,0,0,0,0,0,0,0,0,0,0,0,0,0,0,0,0,0.000188941,0.0084658,0.0223181
14410,UOX,662,6,151,15,11,144,56,27,5,99,76,78,96,5,27,2,0,9,5,3,2,12,11,25,0.00662275,0.0315385,0.209989
14420,UOX,705,5,178,27,15,130,54,28,3,106,66,98,0,0,0,0,0,0,0,0,0,0,0,0,0.00676903,0.0191723,0.353063
14430,UOX,731,4,164,19,17,133,67,28,4,108,83,108,63,5,17,2,2,6,7,0,0,12,3,14,0.0069743,0.0280252,0.248858
14440,UOX,690,6,183,18,10,122,64,19,2,103,71,98,0,0,0,0,0,0,0,0,0,0,0,0,0.00676395,0.0204306,0.33107
14450,UOX,758,6,183,18,18,140,53,29,5,118,72,122,0,0,0,0,0,0,0,0,0,0,0,0,0.00688136,0.021672,0.317522
14460,UOX,751,6,174,19,12,145,70,28,7,110,93,93,43,4,12,0,1,8,2,0,0,4,5,11,0.00676401,0.0292585,0.231181
14470,UOX,734,5,153,25,13,155,70,30,4,115,75,94,0,0,0,0,0,0,0,0,0,0,0,0,0.00690427,0.0199353,0.346333
14480,UOX,689,7,185,12,13,151,60,27,5,81,76,79,0,0,0,0,0,0,0,0,0,0,0,0,0.00690008,0.0208491,0.330953
14490,UOX,714,6,174,20,16,133,90,21,5,112,65,78,0,0,0,0,0,0,0,0,0,0,0,0,0.00683019,0.0193552,0.352886
14500,UOX,701,5,163,21,9,139,63,21,4,102,79,100,0,0,0,0,0,0,0,0,0,0,0,0,0.00674276,0.0198161,0.340266
14510,UOX,682,5,162,13,7,136,70,18,6,110,72,88,0,0,0,0,0,0,0,0,0,0,0,0,0.0068323,0.0186948,0.365464
14520,UOX,696,5,156,34,16,113,61,21,10,117,72,96,0,0,0,0,0,0,0,0,0,0,0,0,0.00681635,0.0181907,0.374716
14530,UOX,735,7,182,20,19,146,71,20,7,94,77,99,0,0,0,0,0,0,0,0,0,0,0,0,0.00674226,0.0208279,0.323712
14540,UOX,706,5,166,18,6,154,64,29,5,98,77,89,0,0,0,0,0,0,0,0,0,0,0,0,0.00682304,0.0182996,0.372851
14550,UOX,678,4,164,15,10,134,72,23,12,96,85,67,90,4,24,3,2,9,8,1,1,11,7,24,0.00683576,0.031307,0.218346
14560,UOX,635,5,168,17,13,135,65,19,3,94,49,72,0,0,0,0,0,0,0,0,0,0,0,0,0.00682524,0.0171704,0.3975
14570,UOX,746,6,169,20,14,144,57,30,2,117,97,96,0,0,0,0,0,0,0,0,0,0,0,0,0.00688761,0.0199594,0.34508
14580,UOX,641,6,159,19,21,116,67,15,5,97,63,79,0,0,0,0,0,0,0,0,0,0,0,0,0.00684694,0.0180507,0.379317
14590,UOX,616,5,155,18,9,119,47,29,6,86,68,79,42,5,7,2,0,9,1,2,0,5,2,14,0.00682501,0.0282856,0.241289
14600,UOX,655,7,149,22,11,155,55,19,5,82,64,93,71,5,19,4,0,15,5,3,0,6,8,11,0.00681176,0.0338791,0.201061
14610,UOX,633,4,141,16,13,125,57,22,3,104,66,86,0,0,0,0,0,0,0,0,0,0,0,0,0.00684305,0.0171261,0.399568
14620,UOX,763,7,185,27,14,138,72,28,13,130,76,80,0,0,0,0,0,0,0,0,0,0,0,0,0.00679924,0.0223903,0.303669
14630,UOX,684,6,186,8,20,125,62,20,9,102,61,91,82,5,26,3,0,14,4,0,1,11,12,11,0.0068448,0.0306564,0.223275
14640,UOX,699,8,153,13,12,134,74,32,5,106,80,90,79,8,16,1,1,11,5,2,2,13,9,19,0.00683434,0.0330974,0.206492
14650,UOX,732,8,161,21,9,141,58,24,9,108,79,122,95,5,27,3,3,21,5,1,0,15,11,9,0.00683994,0.0383885,0.178177
14660,UOX,711,6,162,27,6,157,71,23,5,101,72,87,0,0,0,0,0,0,0,0,0,0,0,0,0.00676071,0.0195736,0.345399
14670,UOX,721,7,164,16,15,127,82,25,4,109,67,112,0,0,0,0,0,0,0,0,0,0,0,0,0.00687044,0.0213963,0.321104
14680,UOX,731,6,174,14,16,139,71,25,8,102,74,108,0,0,0,0,0,0,0,0,0,0,0,0,0.00696333,0.0221023,0.315049
14690,UOX,759,5,179,21,10,167,63,24,6,111,85,93,13,4,1,0,1,1,0,1,0,2,0,7,0.00686252,0.0268176,0.255896
14700,UOX,705,6,166,20,8,128,76,31,5,112,81,78,0,0,0,0,0,0,0,0,0,0,0,0,0.00686891,0.0196295,0.349928
14710,UOX,704,5,153,19,10,141,61,20,10,100,95,95,0,0,0,0,0,0,0,0,0,0,0,0,0.00681044,0.0205354,0.331644
14720,UOX,651,5,174,17,15,126,51,23,3,98,61,83,76,4,12,1,1,8,2,0,0,16,10,26,0.00678992,0.0293131,0.231634
14730,UOX,658,5,144,21,11,122,65,28,9,111,66,81,0,0,0,0,0,0,0,0,0,0,0,0,0.00674647,0.0195121,0.345759
14740,UOX,620,6,163,17,9,116,63,25,5,87,68,67,0,0,0,0,0,0,0,0,0,0,0,0,0.00685169,0.0183877,0.372624
14750,UOX,655,5,169,23,13,107,69,25,5,91,74,79,46,4,17,1,2,9,1,1,0,1,7,7,0.00692079,0.0299083,0.2314
14760,UOX,783,5,166,25,17,157,69,34,6,120,83,106,3,3,0,0,0,1,0,0,0,0,0,2,0.00673302,0.0274762,0.245049
14770,UOX,741,6,175,19,16,157,71,28,7,117,69,82,27,4,6,1,0,8,1,1,0,4,5,1,0.00672749,0.027784,0.242135
14780,UOX,745,9,179,19,9,144,67,22,9,134,65,97,0,0,0,0,0,0,0,0,0,0,0,0,0.00684635,0.0226654,0.302062
14790,UOX,734,5,165,16,14,132,66,24,7,131,93,86,0,0,0,0,0,0,0,0,0,0,0,0,0.0069663,0.0188035,0.370479
14800,UOX,715,5,186,21,10,131,67,24,7,107,79,83,0,0,0,0,0,0,0,0,0,0,0,0,0.00665839,0.0200519,0.332058
14810,UOX,635,6,147,17,12,116,65,25,8,94,65,86,0,0,0,0,0,0,0,0,0,0,0,0,0.00682355,0.0197246,0.345941
14820,UOX,787,7,165,25,18,174,64,26,5,112,103,95,0,0,0,0,0,0,0,0,0,0,0,0,0.00667085,0.0211318,0.315678
14830,UOX,610,6,149,17,12,124,52,28,4,91,57,76,120,7,40,3,1,13,5,2,1,12,14,29,0.00674208,0.0321849,0.20948
14840,UOX,741,5,167,13,14,142,81,25,5,106,88,100,0,0,0,0,0,0,0,0,0,0,0,0,0.00676805,0.0196463,0.344495
14850,UOX,662,4,151,19,10,133,64,28,7,105,73,72,102,6,38,2,1,14,7,3,1,14,9,13,0.00676409,0.0313883,0.215497
14860,UOX,821,6,193,19,12,163,66,30,6,149,79,104,69,4,11,0,4,12,4,0,0,13,4,21,0.0067502,0.0297777,0.226686
14870,UOX,677,5,145,15,11,126,69,32,5,106,72,96,0,0,0,0,0,0,0,0,0,0,0,0,0.00670223,0.0204257,0.328126
14880,UOX,770,6,176,16,12,143,74,18,6,116,89,120,38,4,11,1,0,7,3,0,1,3,4,8,0.00670731,0.0293444,0.228572
14890,UOX,654,4,146,19,19,133,66,18,2,102,79,70,113,5,32,2,2,16,6,3,1,14,11,26,0.00678286,0.0289652,0.234173
14900,UOX,697,5,178,20,12,144,54,27,4,116,85,57,0,0,0,0,0,0,0,0,0,0,0,0,0.0067424,0.0203978,0.330545
14910,UOX,774,7,184,17,14,174,64,27,14,106,85,89,0,0,0,0,0,0,0,0,0,0,0,0,0.00675968,0.0233879,0.289024
14920,UOX,714,6,160,19,22,118,63,27,5,104,81,115,0,0,0,0,0,0,0,0,0,0,0,0,0.00676248,0.0213222,0.317156
14930,UOX,636,5,143,13,10,127,75,23,5,94,72,74,88,5,21,1,3,16,6,2,0,9,9,21,0.00666315,0.0290204,0.229602
14940,UOX,748,6,169,13,9,158,63,29,6,102,96,103,124,5,43,3,2,19,9,4,0,13,11,20,0.0067045,0.033632,0.199349
14950,UOX,706,5,171,12,16,128,81,16,6,92,76,108,64,5,14,2,0,12,3,2,0,15,10,6,0.0071267,0.03405,0.209301
14960,UOX,704,7,177,17,17,137,73,26,6,96,67,88,0,0,0,0,0,0,0,0,0,0,0,0,0.00667684,0.0204733,0.326123
14970,UOX,605,5,135,15,9,129,45,19,5,97,75,76,0,0,0,0,0,0,0,0,0,0,0,0,0.00677193,0.0181868,0.372354
14980,UOX,682,6,163,21,22,141,57,31,6,84,80,77,90,5,31,1,2,13,4,6,0,7,12,14,0.0067676,0.0311465,0.217283
14990,UOX,655,6,165,13,15,123,56,18,7,95,76,87,0,0,0,0,0,0,0,0,0,0,0,0,0.00680507,0.0202356,0.336292
15000,UOX,580,4,138,15,6,132,55,24,7,98,57,48,0,0,0,0,0,0,0,0,0,0,0,0,0.00687955,0.0160914,0.427529
15010,UOX,792,9,177,20,19,145,89,38,10,117,83,94,0,0,0,0,0,0,0,0,0,0,0,0,0.0067631,0.0227503,0.297274
15020,UOX,659,7,150,19,11,127,66,16,8,130,63,69,107,5,30,2,2,21,7,3,0,12,9,21,0.00668842,0.0312444,0.214068
15030,UOX,733,6,159,19,18,137,67,18,9,110,89,107,25,4,6,0,0,4,5,2,0,0,2,6,0.00679963,0.0282983,0.240284
15040,UOX,653,5,149,17,3,138,60,17,3,99,66,101,27,4,6,0,0,4,0,1,0,2,4,10,0.00668,0.0291551,0.229119
15050,UOX,714,6,132,14,16,150,66,33,4,111,76,112,78,5,26,2,0,8,6,2,0,6,9,19,0.00672602,0.0349879,0.192238
15060,UOX,586,5,155,13,12,110,51,19,4,82,70,70,0,0,0,0,0,0,0,0,0,0,0,0,0.00664342,0.0179137,0.370857
15070,UOX,691,6,173,25,14,127,59,27,10,98,54,104,40,5,18,0,0,10,2,0,0,2,0,8,0.00677342,0.0284033,0.238473
15080,UOX,618,5,133,14,11,107,66,22,7,113,77,68,37,4,11,0,0,10,2,0,0,8,4,2,0.00673681,0.0260652,0.25846
15090,UOX,648,5,148,16,12,146,49,21,4,100,70,82,150,7,35,3,3,30,9,6,0,15,18,31,0.00668511,0.0313218,0.213433
15100,UOX,653,7,127,13,14,129,77,11,3,119,78,82,0,0,0,0,0,0,0,0,0,0,0,0,0.0067661,0.0226977,0.298096
15110,UOX,622,6,152,18,7,108,72,20,5,92,67,81,0,0,0,0,0,0,0,0,0,0,0,0,0.00672886,0.0192452,0.349638
15120,UOX,640,5,149,13,14,101,63,20,3,115,69,93,0,0,0,0,0,0,0,0,0,0,0,0,0.00669235,0.0191433,0.349592
15130,UOX,683,4,171,8,9,138,69,26,8,98,86,70,62,5,20,0,0,9,5,3,1,7,6,11,0.0067395,0.0275142,0.244946
15140,UOX,776,5,193,16,9,140,63,23,4,106,88,134,71,6,31,0,1,8,1,0,1,9,9,11,0.00680899,0.0299538,0.227316
15150,UOX,709,6,157,16,15,129,71,30,5,104,78,104,0,0,0,0,0,0,0,0,0,0,0,0,0.00667848,0.0233278,0.286289
15160,UOX,743,7,155,24,18,148,79,27,4,111,70,107,53,5,18,1,0,9,1,0,0,8,2,14,0.00677366,0.0329469,0.205593
15170,UOX,634,5,142,15,12,136,44,21,8,105,65,86,29,4,9,1,0,5,3,1,0,1,5,4,0.00681242,0.0270269,0.252061
15180,UOX,742,9,175,18,18,137,63,27,3,109,88,104,0,0,0,0,0,0,0,0,0,0,0,0,0.00670914,0.0241657,0.277631
15190,UOX,0,3,0,0,0,0,0,0,0,0,0,0,0,0,0,0,0,0,0,0,0,0,0,0,0.000190641,0.00684915,0.0278343
15200,UOX,770,6,192,19,12,160,73,31,3,111,74,95,0,0,0,0,0,0,0,0,0,0,0,0,0.0066633,0.0223802,0.297731
15210,UOX,677,7,141,16,18,141,64,20,9,95,73,100,0,0,0,0,0,0,0,0,0,0,0,0,0.00672917,0.0228472,0.294529
15220,UOX,669,7,157,11,7,132,76,27,3,94,67,95,0,0,0,0,0,0,0,0,0,0,0,0,0.0067569,0.0204705,0.330079
15230,UOX,782,6,175,22,11,150,71,33,3,118,94,105,115,5,33,4,1,16,3,1,0,12,15,30,0.00686192,0.0316639,0.216711
15240,UOX,724,8,172,25,19,128,83,21,5,102,79,90,99,5,28,1,0,10,4,1,0,16,5,34,0.00677553,0.0322213,0.210281
15250,UOX,734,5,159,14,15,164,51,31,5,113,79,103,0,0,0,0,0,0,0,0,0,0,0,0,0.00676666,0.0221121,0.306016
15260,UOX,774,6,165,14,12,156,81,22,10,114,80,120,0,0,0,0,0,0,0,0,0,0,0,0,0.00670539,0.020805,0.322297
15270,UOX,633,4,143,21,13,133,59,22,3,93,72,74,19,4,8,0,0,3,3,2,0,2,1,0,0.00686205,0.0234718,0.292352
15280,UOX,654,6,162,16,10,132,47,24,5,101,70,87,73,5,19,2,2,11,4,2,0,6,8,19,0.0066467,0.0311821,0.213157
15290,UOX,689,7,179,15,7,137,56,23,2,107,76,87,0,0,0,0,0,0,0,0,0,0,0,0,0.00687192,0.0198837,0.345606
15300,UOX,740,8,172,25,12,147,60,24,7,114,76,103,63,5,10,3,1,10,2,3,0,10,8,16,0.00670451,0.0358067,0.187242
15310,UOX,697,5,150,19,14,139,69,25,7,114,76,84,0,0,0,0,0,0,0,0,0,0,0,0,0.00679598,0.0184283,0.36878
15320,UOX,663,5,167,22,11,128,69,27,7,88,75,69,59,5,20,3,0,5,6,2,0,12,4,7,0.00670764,0.0279181,0.240261
15330,UOX,650,7,155,13,8,149,64,27,6,92,57,79,0,0,0,0,0,0,0,0,0,0,0,0,0.00682394,0.019884,0.343188
15340,UOX,682,7,133,19,13,130,55,27,10,115,81,99,24,4,8,2,0,2,1,0,1,3,3,4,0.00676914,0.028814,0.234925
15350,UOX,617,4,140,19,16,117,48,28,2,97,71,79,0,0,0,0,0,0,0,0,0,0,0,0,0.00669844,0.0198409,0.337607
15360,UOX,770,6,195,17,18,144,75,24,3,95,95,104,0,0,0,0,0,0,0,0,0,0,0,0,0.00672396,0.0210249,0.31981
15370,UOX,785,6,190,22,9,145,73,34,8,123,72,109,0,0,0,0,0,0,0,0,0,0,0,0,0.00674819,0.0219686,0.307174
15380,UOX,744,6,159,18,12,144,71,39,11,118,78,94,15,3,2,0,1,1,1,1,0,2,0,7,0.00672937,0.0272998,0.246499
15390,UOX,792,7,176,17,12,164,71,25,4,116,74,133,0,0,0,0,0,0,0,0,0,0,0,0,0.00677145,0.0246913,0.274244
15400,UOX,788,6,172,24,18,149,77,31,7,122,85,103,0,0,0,0,0,0,0,0,0,0,0,0,0.0068707,0.0216127,0.3179
15410,UOX,685,8,184,10,8,121,65,30,9,86,67,105,0,0,0,0,0,0,0,0,0,0,0,0,0.00671803,0.0222534,0.301888
15420,UOX,721,5,172,22,11,146,52,29,5,88,89,107,0,0,0,0,0,0,0,0,0,0,0,0,0.00693291,0.0203774,0.340225
15430,UOX,778,6,188,20,10,147,64,21,9,125,70,124,0,0,0,0,0,0,0,0,0,0,0,0,0.00679638,0.0224177,0.30317
15440,UOX,683,6,146,17,12,134,63,29,8,91,89,94,0,0,0,0,0,0,0,0,0,0,0,0,0.00676777,0.021497,0.314823
15450,UOX,0,3,0,0,0,0,0,0,0,0,0,0,0,0,0,0,0,0,0,0,0,0,0,0,0.000194351,0.00840824,0.0231143
15460,UOX,737,6,176,13,13,143,64,26,3,111,83,105,0,0,0,0,0,0,0,0,0,0,0,0,0.00673422,0.0209724,0.321099
15470,UOX,685,4,176,10,12,135,61,27,6,111,78,69,0,0,0,0,0,0,0,0,0,0,0,0,0.00664572,0.0175593,0.378473
15480,UOX,709,6,155,16,13,140,55,18,5,119,71,117,77,5,25,2,1,9,7,2,0,7,9,15,0.00670783,0.0303902,0.220723
15490,UOX,670,8,161,14,11,111,72,24,4,99,79,95,22,4,6,0,0,2,1,0,0,7,4,2,0.00675028,0.0289161,0.233443
15500,UOX,763,8,166,11,8,142,54,28,9,125,100,120,0,0,0,0,0,0,0,0,0,0,0,0,0.00683943,0.0243592,0.280774
15510,UOX,722,7,211,23,9,120,80,26,3,82,79,89,0,0,0,0,0,0,0,0,0,0,0,0,0.00681546,0.0209438,0.325417
15520,UOX,738,7,184,14,10,138,80,28,10,112,72,90,50,5,14,1,0,9,3,2,0,7,3,11,0.0067886,0.0305848,0.22196
15530,UOX,689,6,156,19,8,153,59,22,9,116,69,78,0,0,0,0,0,0,0,0,0,0,0,0,0.00698135,0.0194691,0.358585
15540,UOX,664,6,189,23,13,115,67,21,5,87,74,70,18,5,6,1,0,3,1,0,0,1,2,4,0.0066943,0.0264955,0.252658
15550,UOX,685,5,152,18,11,139,73,32,4,97,68,91,0,0,0,0,0,0,0,0,0,0,0,0,0.00680009,0.0204882,0.331902
15560,UOX,740,7,184,20,18,142,61,22,7,105,73,108,57,4,23,1,1,6,5,0,0,5,7,9,0.00678774,0.0323709,0.209686
15570,UOX,755,12,158,21,13,151,74,34,5,129,69,101,0,0,0,0,0,0,0,0,0,0,0,0,0.00684251,0.0247283,0.276707
15580,UOX,636,4,154,11,16,141,61,22,3,101,61,66,0,0,0,0,0,0,0,0,0,0,0,0,0.00669627,0.0166749,0.401579
15590,UOX,722,7,188,15,13,143,48,26,9,112,78,90,0,0,0,0,0,0,0,0,0,0,0,0,0.00671415,0.0205344,0.326971
15600,UOX,676,5,160,17,11,125,74,29,6,96,62,96,0,0,0,0,0,0,0,0,0,0,0,0,0.00684695,0.022236,0.307921
15610,UOX,745,5,182,15,12,133,62,25,7,135,83,91,53,5,20,0,0,3,3,2,1,11,7,6,0.00689535,0.0276517,0.249364
15620,UOX,653,5,173,17,13,130,55,26,8,82,64,85,97,6,34,3,2,11,3,4,2,10,13,15,0.006647,0.0304014,0.218641
15630,UOX,691,5,163,17,10,149,58,15,8,104,73,94,116,6,38,5,2,17,9,4,0,10,6,25,0.00680222,0.0303,0.224496
15640,UOX,687,5,156,14,13,121,77,25,4,103,72,102,48,5,12,0,0,5,3,0,0,11,5,12,0.00688559,0.0295567,0.232962
15650,UOX,689,9,156,22,7,131,74,25,6,95,69,104,0,0,0,0,0,0,0,0,0,0,0,0,0.00666064,0.0252318,0.263978
15660,UOX,681,6,149,17,16,121,45,32,10,115,70,106,0,0,0,0,0,0,0,0,0,0,0,0,0.00671047,0.0222011,0.302258
15670,UOX,677,9,163,24,9,123,72,18,7,94,63,104,0,0,0,0,0,0,0,0,0,0,0,0,0.00672398,0.0222446,0.302275
15680,UOX,694,7,154,30,14,142,54,31,4,94,81,90,43,5,11,2,1,2,7,0,0,3,5,12,0.0068045,0.031069,0.219012
15690,UOX,711,5,146,13,15,175,66,23,5,113,62,93,11,3,2,3,0,1,0,0,0,2,1,2,0.00669037,0.0248322,0.269423
15700,UOX,638,4,173,19,8,121,53,23,15,90,73,63,98,5,33,3,0,15,4,4,1,13,13,12,0.0067716,0.031487,0.21506
15710,UOX,0,3,0,0,0,0,0,0,0,0,0,0,0,0,0,0,0,0,0,0,0,0,0,0,0.000185001,0.0062896,0.0294138
15720,UOX,664,6,147,20,15,139,56,27,7,97,74,82,0,0,0,0,0,0,0,0,0,0,0,0,0.00673228,0.0203439,0.330924
15730,UOX,725,5,153,17,12,156,70,32,4,95,74,112,0,0,0,0,0,0,0,0,0,0,0,0,0.00675403,0.0202922,0.332839
15740,UOX,671,6,140,21,10,128,64,18,1,112,80,97,0,0,0,0,0,0,0,0,0,0,0,0,0.00675029,0.0207559,0.325222
15750,UOX,705,8,177,20,14,128,61,32,4,96,83,90,0,0,0,0,0,0,0,0,0,0,0,0,0.00673955,0.024156,0.279001
15760,UOX,756,5,176,17,15,182,53,26,0,120,78,89,0,0,0,0,0,0,0,0,0,0,0,0,0.00665453,0.0205434,0.323925
15770,UOX,642,6,133,20,5,128,59,21,3,111,62,100,33,5,6,1,0,7,2,0,0,6,5,6,0.00665719,0.0300214,0.221748
15780,UOX,697,4,140,16,14,152,51,24,10,116,88,86,0,0,0,0,0,0,0,0,0,0,0,0,0.00673441,0.0187104,0.359929
15790,UOX,764,7,184,25,8,133,75,28,8,104,73,126,0,0,0,0,0,0,0,0,0,0,0,0,0.00661218,0.02382,0.277589
15800,UOX,634,6,146,21,9,109,60,28,6,107,71,77,0,0,0,0,0,0,0,0,0,0,0,0,0.00676736,0.0225928,0.299536
15810,UOX,554,4,145,16,14,93,48,21,2,101,50,64,0,0,0,0,0,0,0,0,0,0,0,0,0.00667016,0.0166371,0.400921
15820,UOX,704,5,152,13,9,144,67,26,9,108,63,113,77,6,24,3,2,13,2,2,0,10,7,14,0.00679912,0.0314759,0.21601
15830,UOX,716,6,163,16,9,141,60,27,3,106,81,110,10,4,2,1,0,1,2,0,0,2,0,2,0.00670273,0.0266761,0.251264
15840,UOX,751,6,218,19,14,144,59,27,4,100,66,100,115,5,39,3,2,14,8,6,0,16,12,15,0.00674548,0.0329699,0.204595
15850,UOX,669,10,161,16,16,138,56,30,3,105,63,81,0,0,0,0,0,0,0,0,0,0,0,0,0.00678561,0.0246439,0.275346
15860,UOX,787,8,185,19,6,141,76,25,9,116,98,112,18,4,0,3,1,3,2,1,0,1,1,6,0.00674474,0.0313198,0.215351
15870,UOX,708,6,153,18,15,136,54,27,2,95,84,124,24,6,6,0,1,6,2,0,1,0,0,8,0.00665417,0.0323393,0.205761
15880,UOX,646,5,161,16,11,128,50,25,4,96,91,64,40,4,11,3,1,4,2,1,0,6,5,7,0.00683414,0.02694,0.25368
15890,UOX,636,6,139,12,16,119,69,27,7,96,59,92,0,0,0,0,0,0,0,0,0,0,0,0,0.00667898,0.0198116,0.337124
15900,UOX,732,6,177,13,13,134,74,26,4,107,83,101,0,0,0,0,0,0,0,0,0,0,0,0,0.00669292,0.0229204,0.292008
15910,UOX,683,5,151,13,14,134,65,26,1,101,80,98,0,0,0,0,0,0,0,0,0,0,0,0,0.00667797,0.0202961,0.329027
15920,UOX,677,5,140,23,9,134,70,23,4,101,65,108,51,5,15,1,1,8,1,1,0,8,3,13,0.00675579,0.0285505,0.236626
15930,UOX,734,5,175,20,13,114,70,23,9,122,73,115,0,0,0,0,0,0,0,0,0,0,0,0,0.00681145,0.021016,0.324108
15940,UOX,640,8,152,18,9,130,76,22,8,84,60,81,0,0,0,0,0,0,0,0,0,0,0,0,0.00670323,0.0202048,0.331763
15950,UOX,674,5,172,18,19,114,80,22,5,97,79,68,113,5,16,2,2,20,6,1,1,15,10,40,0.00668877,0.0340805,0.196264
15960,UOX,680,4,153,11,15,112,80,22,4,106,84,93,79,4,19,1,1,13,5,2,0,15,7,16,0.00687107,0.0272982,0.251704
15970,UOX,757,6,203,18,17,163,66,22,9,102,70,87,0,0,0,0,0,0,0,0,0,0,0,0,0.00669975,0.021098,0.317554
15980,UOX,707,4,175,12,16,152,68,23,6,111,74,70,84,4,21,4,4,8,3,2,2,12,9,19,0.00673351,0.0282254,0.238562
15990,UOX,665,6,154,11,18,123,62,26,5,98,79,89,0,0,0,0,0,0,0,0,0,0,0,0,0.00666121,0.0194043,0.343286
16000,UOX,766,6,182,16,21,156,63,22,9,115,79,103,0,0,0,0,0,0,0,0,0,0,0,0,0.00671355,0.0237161,0.28308
16010,UOX,717,7,155,21,16,133,73,27,7,134,68,83,83,5,15,2,1,10,1,4,0,7,10,33,0.00677273,0.0340919,0.198661
16020,UOX,640,6,150,15,11,122,54,31,7,84,88,78,97,6,19,2,2,7,4,1,1,14,10,37,0.00669066,0.0311264,0.214951
16030,UOX,0,3,0,0,0,0,0,0,0,0,0,0,50,5,13,2,2,4,5,1,1,2,5,15,0.000188081,0.0168709,0.0111483
16040,UOX,744,5,161,17,11,149,76,28,8,121,85,88,0,0,0,0,0,0,0,0,0,0,0,0,0.00683933,0.0191938,0.356331
16050,UOX,668,6,158,18,11,127,62,21,11,101,68,91,44,4,13,1,0,3,4,0,0,4,8,11,0.00680258,0.0314187,0.216514
16060,UOX,727,6,165,19,13,124,72,23,4,103,86,118,0,0,0,0,0,0,0,0,0,0,0,0,0.00670807,0.0214558,0.312646
16070,UOX,669,5,168,13,14,127,65,26,2,85,71,98,0,0,0,0,0,0,0,0,0,0,0,0,0.0067504,0.0207127,0.325906
16080,UOX,709,5,171,16,13,127,69,21,8,117,83,84,0,0,0,0,0,0,0,0,0,0,0,0,0.00675207,0.0187578,0.359961
16090,UOX,735,6,159,21,10,126,69,28,10,117,77,118,150,6,30,2,2,17,17,4,1,24,19,34,0.00675629,0.0365019,0.185095
16100,UOX,0,3,0,0,0,0,0,0,0,0,0,0,0,0,0,0,0,0,0,0,0,0,0,0,0.000184441,0.00809643,0.0227805
16110,UOX,668,5,189,13,8,131,78,19,1,93,69,67,94,6,24,4,2,12,8,4,0,15,11,14,0.00668148,0.0303171,0.220386
16120,UOX,677,6,164,17,9,134,66,24,9,95,77,82,0,0,0,0,0,0,0,0,0,0,0,0,0.00678352,0.0182729,0.371234
16130,UOX,681,5,164,8,11,128,59,29,6,110,74,92,0,0,0,0,0,0,0,0,0,0,0,0,0.00680646,0.0197545,0.344552
16140,UOX,784,5,164,21,15,161,75,19,5,116,95,113,53,7,13,2,3,5,2,2,0,9,1,16,0.0067434,0.0306272,0.220177
16150,UOX,716,5,176,17,17,126,70,23,2,126,67,92,0,0,0,0,0,0,0,0,0,0,0,0,0.00671819,0.0197478,0.3402
16160,UOX,608,6,136,18,10,113,63,20,5,94,54,95,0,0,0,0,0,0,0,0,0,0,0,0,0.00664893,0.0201194,0.330474
16170,UOX,741,6,168,18,11,151,84,24,8,99,81,97,153,6,33,2,6,22,14,5,0,18,13,40,0.00684201,0.0362866,0.188555
16180,UOX,674,6,182,17,12,126,57,24,9,92,66,89,34,5,13,2,0,6,1,0,0,4,1,7,0.00661497,0.0288547,0.229251
16190,UOX,720,6,152,18,11,132,66,23,13,105,82,118,0,0,0,0,0,0,0,0,0,0,0,0,0.00676289,0.0223348,0.302796
16200,UOX,719,6,180,17,20,131,56,35,4,99,76,101,0,0,0,0,0,0,0,0,0,0,0,0,0.00668399,0.0217962,0.306659
16210,UOX,758,6,155,19,14,155,67,27,9,102,96,114,18,5,1,0,2,3,0,0,0,2,1,9,0.00668497,0.0287955,0.232153
16220,UOX,688,5,158,17,11,119,56,36,7,109,80,95,0,0,0,0,0,0,0,0,0,0,0,0,0.00680391,0.0202357,0.336232
16230,UOX,670,5,175,23,18,109,58,28,8,81,87,83,0,0,0,0,0,0,0,0,0,0,0,0,0.00673304,0.0180977,0.372038
16240,UOX,773,5,171,14,14,148,86,37,5,91,89,118,32,5,9,0,0,5,4,0,0,6,0,8,0.00674207,0.0296539,0.227359
16250,UOX,702,6,144,25,14,133,74,30,6,111,74,91,0,0,0,0,0,0,0,0,0,0,0,0,0.0066762,0.0220644,0.302577
16260,UOX,698,6,165,24,12,143,76,28,9,100,53,88,0,0,0,0,0,0,0,0,0,0,0,0,0.0068013,0.0191116,0.355873
16270,UOX,732,6,161,16,12,131,90,43,4,108,83,84,3,3,2,0,0,0,0,0,0,1,0,0,0.00679695,0.0265698,0.255814
16280,UOX,668,5,164,12,9,130,71,26,4,97,72,83,0,0,0,0,0,0,0,0,0,0,0,0,0.00674769,0.0171391,0.393702
16290,UOX,688,5,157,18,16,136,72,14,6,110,73,86,0,0,0,0,0,0,0,0,0,0,0,0,0.00673171,0.0190169,0.353985
16300,UOX,723,5,133,13,6,156,67,32,3,122,80,111,54,6,10,1,0,8,4,1,0,7,3,20,0.00678475,0.0352124,0.19268
16310,UOX,731,9,192,17,14,159,61,24,9,87,71,97,61,6,16,2,1,7,1,2,1,7,4,20,0.00665652,0.0350197,0.190079
16320,UOX,713,6,155,22,12,120,74,21,7,112,88,102,11,4,4,0,1,1,0,2,0,1,2,0,0.00671379,0.0276718,0.242622
16330,UOX,715,4,195,15,8,127,57,29,8,109,87,80,42,5,5,0,1,10,4,0,0,2,3,17,0.00673381,0.0279795,0.240669
16340,UOX,703,6,176,19,8,124,76,31,13,107,77,72,0,0,0,0,0,0,0,0,0,0,0,0,0.00677473,0.0200813,0.337364
16350,UOX,650,6,162,13,9,124,68,16,6,83,80,89,0,0,0,0,0,0,0,0,0,0,0,0,0.00671672,0.0212244,0.316463
16360,UOX,620,5,136,17,10,134,49,30,8,88,73,75,0,0,0,0,0,0,0,0,0,0,0,0,0.006689,0.0181652,0.36823
16370,UOX,747,8,161,11,18,142,73,21,6,106,86,123,35,3,12,0,1,7,3,2,0,6,1,3,0.00669087,0.0306322,0.218426
16380,UOX,656,5,148,12,10,127,65,31,7,96,72,88,0,0,0,0,0,0,0,0,0,0,0,0,0.00662411,0.0188857,0.350747
16390,UOX,159,4,43,2,5,30,13,5,3,25,8,25,0,0,0,0,0,0,0,0,0,0,0,0,0.00661072,0.00942665,0.70128
16400,UOX,733,6,157,21,16,144,72,18,4,122,84,95,18,5,6,0,0,2,1,1,0,0,2,6,0.00673274,0.032427,0.207627
16410,UOX,720,7,155,19,7,146,69,26,3,112,65,118,0,0,0,0,0,0,0,0,0,0,0,0,0.00674271,0.0210812,0.319845
16420,UOX,738,6,161,10,14,148,72,20,2,107,87,117,76,5,23,1,1,11,6,1,0,7,7,19,0.00661638,0.0332346,0.199081
16430,UOX,586,6,150,18,11,107,45,30,5,88,50,82,0,0,0,0,0,0,0,0,0,0,0,0,0.00674842,0.0176003,0.383426
16440,UOX,699,6,154,17,13,143,61,21,7,111,62,110,0,0,0,0,0,0,0,0,0,0,0,0,0.00671109,0.0212858,0.315285
16450,UOX,773,6,178,17,12,163,73,24,7,118,71,110,0,0,0,0,0,0,0,0,0,0,0,0,0.00682805,0.0232883,0.293196
16460,UOX,741,5,179,19,22,138,63,28,5,110,82,95,28,4,10,1,0,3,3,0,0,1,3,7,0.00674463,0.0296582,0.227412
16470,UOX,664,5,133,21,14,145,63,20,7,113,69,79,0,0,0,0,0,0,0,0,0,0,0,0,0.00674779,0.0182145,0.370462
16480,UOX,738,7,168,25,12,158,69,21,5,108,79,93,0,0,0,0,0,0,0,0,0,0,0,0,0.00666429,0.0212277,0.313944
16490,UOX,774,5,166,18,14,152,65,36,6,113,72,132,7,5,0,0,0,2,1,0,0,1,0,3,0.00674879,0.0289583,0.233052
16500,UOX,612,5,135,19,9,108,60,29,3,96,82,71,86,6,15,4,2,17,4,3,1,11,15,14,0.0066574,0.0343587,0.193762
16510,UOX,696,6,159,16,9,125,61,22,5,103,78,118,0,0,0,0,0,0,0,0,0,0,0,0,0.00673881,0.0205258,0.32831
16520,UOX,681,5,183,16,7,114,65,18,3,113,79,83,10,4,4,1,1,1,1,0,0,1,0,1,0.0066583,0.027217,0.244638
16530,UOX,712,5,158,15,10,164,59,28,8,121,71,78,0,0,0,0,0,0,0,0,0,0,0,0,0.00673538,0.0185809,0.362489
16540,UOX,678,6,154,24,14,126,60,27,7,102,76,88,0,0,0,0,0,0,0,0,0,0,0,0,0.00670826,0.0194064,0.345673
16550,UOX,743,6,180,19,14,148,55,28,8,104,91,96,0,0,0,0,0,0,0,0,0,0,0,0,0.00677809,0.0231244,0.293113
16560,UOX,759,6,177,16,11,138,69,35,3,128,90,92,201,7,69,4,4,31,10,10,1,23,21,28,0.00673165,0.0353871,0.190229
16570,UOX,654,6,143,11,15,112,85,27,6,117,53,85,185,5,50,7,3,27,19,8,1,19,11,40,0.00673136,0.0345953,0.194574
16580,UOX,648,5,148,20,20,101,63,21,8,108,88,71,148,6,41,1,0,21,9,5,0,21,19,31,0.00673628,0.0334532,0.201364
16590,UOX,683,7,163,19,9,123,69,26,6,93,81,94,0,0,0,0,0,0,0,0,0,0,0,0,0.00671473,0.0202466,0.331647
16600,UOX,702,6,159,20,11,143,59,21,6,102,75,106,32,4,6,1,0,7,4,1,0,4,4,5,0.00673175,0.0322903,0.208476
16610,UOX,671,6,147,17,12,115,80,32,2,98,87,81,35,5,14,2,0,4,1,0,0,5,4,5,0.00677904,0.0298456,0.227137
16620,UOX,645,5,156,12,13,124,69,29,6,97,55,84,21,4,2,0,0,3,1,1,0,3,2,9,0.00671708,0.0262942,0.255458
16630,UOX,716,6,169,21,11,139,64,34,8,117,67,86,79,5,15,1,1,13,4,1,1,13,11,19,0.006741,0.0302647,0.222735
16640,UOX,776,7,204,21,16,130,66,21,3,126,77,112,46,5,18,0,1,2,0,0,0,9,6,10,0.00681454,0.0324197,0.210197
16650,UOX,629,6,157,20,7,126,68,24,6,99,64,58,0,0,0,0,0,0,0,0,0,0,0,0,0.00667484,0.0204977,0.325639
16660,UOX,610,5,122,11,19,129,67,21,2,87,71,81,0,0,0,0,0,0,0,0,0,0,0,0,0.00671989,0.0182231,0.368756
16670,UOX,603,4,146,19,14,113,67,20,1,84,67,72,0,0,0,0,0,0,0,0,0,0,0,0,0.00672284,0.0169197,0.397339
16680,UOX,740,6,171,10,14,142,66,27,7,109,88,106,147,6,43,5,5,18,11,3,1,23,14,24,0.00676581,0.0336441,0.201099
16690,UOX,780,6,142,21,16,157,84,33,8,128,98,93,38,5,13,0,0,5,2,1,0,6,1,10,0.00678029,0.0301317,0.225022
16700,UOX,701,5,166,17,14,123,68,28,9,104,82,90,0,0,0,0,0,0,0,0,0,0,0,0,0.00678505,0.0212224,0.319712
16710,UOX,596,6,159,13,17,103,61,27,3,87,57,69,48,6,4,0,0,7,4,0,0,8,3,22,0.00665269,0.0301243,0.220841
16720,UOX,630,6,135,17,9,112,62,25,7,99,78,86,109,7,25,3,2,16,8,5,1,7,10,32,0.0067472,0.0313727,0.215066
16730,UOX,776,7,186,16,14,135,73,30,6,127,99,90,0,0,0,0,0,0,0,0,0,0,0,0,0.00667825,0.0210454,0.317325
16740,UOX,725,6,179,25,15,158,61,30,9,102,67,79,0,0,0,0,0,0,0,0,0,0,0,0,0.00673757,0.0193872,0.347527
16750,UOX,707,6,191,16,7,154,59,19,2,109,68,82,0,0,0,0,0,0,0,0,0,0,0,0,0.00671011,0.0222562,0.301494
16760,UOX,712,6,181,20,12,120,67,28,14,102,86,82,0,0,0,0,0,0,0,0,0,0,0,0,0.00674437,0.0207195,0.325508
16770,UOX,698,6,160,17,16,137,74,24,10,119,62,79,0,0,0,0,0,0,0,0,0,0,0,0,0.00675325,0.0208627,0.3237
16780,UOX,669,6,153,16,10,127,68,32,8,112,66,77,0,0,0,0,0,0,0,0,0,0,0,0,0.00673285,0.020867,0.322655
16790,UOX,689,6,143,15,13,131,72,31,6,98,79,101,0,0,0,0,0,0,0,0,0,0,0,0,0.00673245,0.0213281,0.315661
16800,UOX,730,6,156,18,17,123,65,20,9,136,98,88,0,0,0,0,0,0,0,0,0,0,0,0,0.00673336,0.0228726,0.294385
16810,UOX,737,6,167,14,7,155,64,27,5,114,83,101,0,0,0,0,0,0,0,0,0,0,0,0,0.00674142,0.0193118,0.349082
16820,UOX,682,5,174,12,9,140,62,29,2,98,75,81,0,0,0,0,0,0,0,0,0,0,0,0,0.00668676,0.0186016,0.359473
16830,UOX,679,7,162,20,9,108,72,24,6,103,91,84,118,7,38,2,1,18,7,3,0,16,9,24,0.00668539,0.0322944,0.207014
16840,UOX,685,6,163,15,15,138,62,32,6,104,79,71,0,0,0,0,0,0,0,0,0,0,0,0,0.00685568,0.018416,0.372267
16850,UOX,611,5,148,22,10,107,72,23,5,81,62,81,78,5,21,1,3,12,4,4,0,7,3,23,0.00663343,0.0357447,0.185578
16860,UOX,750,6,149,24,17,165,63,26,6,109,82,109,26,4,5,2,1,3,0,0,0,4,3,8,0.00678713,0.0701546,0.0967453
16870,UOX,701,5,151,21,13,122,77,21,4,116,86,90,43,4,13,0,2,6,4,1,0,7,2,8,0.00679098,0.0272421,0.249283
16880,UOX,689,8,163,14,16,129,57,23,5,106,72,104,47,6,15,1,0,7,4,1,0,4,4,11,0.00674645,0.0316807,0.212952
16890,UOX,734,7,151,9,14,151,70,33,7,119,58,122,0,0,0,0,0,0,0,0,0,0,0,0,0.00671496,0.0206571,0.325068
16900,UOX,730,6,167,21,9,132,60,27,5,115,77,117,83,5,22,1,1,17,4,4,2,7,4,21,0.00664105,0.0362339,0.183283
16910,UOX,765,8,168,15,15,152,73,32,9,116,82,103,36,3,6,0,0,6,3,5,0,7,1,8,0.00677444,0.030664,0.220925
16920,UOX,681,5,151,8,14,145,60,26,5,110,65,97,0,0,0,0,0,0,0,0,0,0,0,0,0.00671196,0.0194944,0.344302
16930,UOX,710,7,156,19,9,139,81,26,8,105,61,106,0,0,0,0,0,0,0,0,0,0,0,0,0.00671384,0.0232218,0.289118
16940,UOX,84,3,27,4,1,9,8,2,1,13,9,10,0,0,0,0,0,0,0,0,0,0,0,0,0.00636616,0.00835133,0.762293
16950,UOX,696,6,157,17,6,134,57,24,7,118,76,100,0,0,0,0,0,0,0,0,0,0,0,0,0.00681334,0.0224603,0.303351
16960,UOX,678,5,179,23,10,125,64,24,3,91,76,83,0,0,0,0,0,0,0,0,0,0,0,0,0.00673735,0.0177759,0.379017
16970,UOX,713,5,161,15,9,132,84,29,5,102,77,99,0,0,0,0,0,0,0,0,0,0,0,0,0.00675946,0.0194866,0.346876
16980,UOX,775,5,153,22,15,193,65,34,7,119,69,98,0,0,0,0,0,0,0,0,0,0,0,0,0.0067644,0.0198182,0.341323
16990,UOX,670,5,152,16,18,129,69,25,7,98,70,86,0,0,0,0,0,0,0,0,0,0,0,0,0.00670646,0.0186748,0.359119
17000,UOX,737,6,167,15,16,137,73,20,1,131,85,92,0,0,0,0,0,0,0,0,0,0,0,0,0.00668428,0.0211503,0.316037
17010,UOX,772,5,202,20,8,154,57,30,9,125,77,90,44,5,12,2,1,5,4,1,0,4,4,11,0.0068248,0.0288262,0.236756
17020,UOX,668,5,160,24,16,148,60,21,6,96,63,74,50,5,14,2,1,5,4,1,1,7,4,11,0.00667976,0.0267962,0.24928
17030,UOX,748,5,171,9,16,145,64,29,14,123,82,95,0,0,0,0,0,0,0,0,0,0,0,0,0.00666474,0.0192667,0.34592
17040,UOX,697,5,180,17,13,109,64,28,9,111,81,85,27,5,3,0,0,10,2,0,0,1,2,9,0.00676302,0.0281647,0.240124
17050,UOX,738,5,176,17,13,153,69,24,9,120,85,72,25,5,6,0,0,5,4,0,0,2,0,8,0.00663882,0.0308806,0.214983
17060,UOX,763,6,155,20,15,154,80,31,4,106,77,121,0,0,0,0,0,0,0,0,0,0,0,0,0.0067879,0.0213214,0.318361
17070,UOX,680,6,153,16,14,139,56,34,4,95,78,91,0,0,0,0,0,0,0,0,0,0,0,0,0.00664434,0.0199448,0.333136
17080,UOX,688,6,158,14,14,146,58,28,5,97,75,93,113,9,35,2,1,20,4,0,0,19,11,21,0.00667175,0.0336998,0.197976
17090,UOX,743,7,162,17,14,151,68,23,8,115,84,101,0,0,0,0,0,0,0,0,0,0,0,0,0.0066489,0.0198588,0.334809
17100,UOX,736,7,154,13,14,145,65,25,10,122,84,104,0,0,0,0,0,0,0,0,0,0,0,0,0.00681892,0.0227863,0.299256
17110,UOX,631,5,144,20,12,127,63,26,9,90,58,82,0,0,0,0,0,0,0,0,0,0,0,0,0.00678942,0.0174581,0.388899
17120,UOX,632,5,161,19,10,113,61,24,5,111,62,66,0,0,0,0,0,0,0,0,0,0,0,0,0.0067761,0.0168241,0.402761
17130,UOX,750,6,170,13,19,142,65,35,5,114,83,104,6,3,1,0,0,2,0,0,0,2,0,1,0.00665583,0.0274804,0.242203
17140,UOX,730,6,163,24,16,139,64,30,9,100,81,104,0,0,0,0,0,0,0,0,0,0,0,0,0.00671173,0.0211771,0.316933
17150,UOX,624,5,160,21,12,111,75,23,2,81,71,68,0,0,0,0,0,0,0,0,0,0,0,0,0.00670805,0.0202797,0.330777
17160,UOX,774,6,172,21,8,171,68,31,5,104,92,102,0,0,0,0,0,0,0,0,0,0,0,0,0.00673105,0.020584,0.327004
17170,UOX,703,5,149,13,11,149,67,32,5,113,85,79,0,0,0,0,0,0,0,0,0,0,0,0,0.00670582,0.0189836,0.353242
17180,UOX,657,6,169,9,13,101,48,24,8,100,88,97,53,5,12,2,2,9,5,3,1,2,5,12,0.00664079,0.0289285,0.229559
17190,UOX,764,7,172,10,12,156,67,28,12,109,81,117,0,0,0,0,0,0,0,0,0,0,0,0,0.00670734,0.0232228,0.288825
17200,UOX,3,3,0,0,0,0,0,0,0,0,2,1,0,0,0,0,0,0,0,0,0,0,0,0,0.000187411,0.00854968,0.0219202
17210,UOX,615,7,158,22,14,102,54,21,7,100,62,75,0,0,0,0,0,0,0,0,0,0,0,0,0.00670643,0.0223142,0.300546
17220,UOX,781,8,185,14,12,160,69,26,6,121,74,114,24,4,9,1,0,4,2,0,0,2,3,3,0.00671192,0.0322165,0.208338
17230,UOX,662,5,143,14,9,149,69,34,6,93,71,74,37,5,13,0,0,8,1,0,1,4,4,6,0.00678753,0.0263392,0.257696
17240,UOX,834,7,151,24,11,180,76,40,2,143,73,134,0,0,0,0,0,0,0,0,0,0,0,0,0.006792,0.0227059,0.299129
17250,UOX,730,5,148,21,12,144,65,25,5,112,91,107,51,8,16,2,2,7,6,1,1,6,2,8,0.0066638,0.0346118,0.19253
17260,UOX,603,6,146,22,7,119,46,9,8,101,58,87,55,6,1,0,1,6,4,2,0,3,2,36,0.00667714,0.0324898,0.205515
17270,UOX,665,5,148,15,10,125,66,22,3,115,82,79,34,4,10,1,2,7,0,2,0,4,3,5,0.00671966,0.0259217,0.259229
17280,UOX,604,5,146,15,15,134,48,25,9,86,51,75,7,3,0,0,0,0,1,0,0,1,0,5,0.006668,0.0250936,0.265725
17290,UOX,677,8,161,16,10,125,72,19,10,100,83,81,0,0,0,0,0,0,0,0,0,0,0,0,0.00667751,0.0212747,0.31387
17300,UOX,648,5,138,13,14,137,71,24,5,85,79,82,0,0,0,0,0,0,0,0,0,0,0,0,0.00668548,0.0208117,0.321237
17310,UOX,707,5,158,20,8,125,68,25,7,102,91,103,8,3,3,0,0,3,0,0,0,1,0,1,0.00667159,0.0261608,0.255022
17320,UOX,868,6,179,34,5,160,80,30,8,138,113,121,0,0,0,0,0,0,0,0,0,0,0,0,0.00678367,0.0214196,0.316704
17330,UOX,726,5,176,14,12,134,69,31,4,111,75,100,86,6,17,2,1,11,5,3,1,12,11,23,0.0066489,0.0337875,0.196786
17340,UOX,788,7,157,13,15,179,79,21,5,124,82,113,51,6,16,1,1,1,5,0,0,3,8,16,0.00677558,0.0326544,0.207493
17350,UOX,779,7,167,10,12,148,85,26,5,114,103,109,58,5,15,2,1,6,2,1,0,6,8,17,0.0067286,0.036033,0.186734
17360,UOX,752,7,174,21,12,126,88,25,3,123,81,99,0,0,0,0,0,0,0,0,0,0,0,0,0.00688361,0.022607,0.30449
17370,UOX,585,4,162,14,11,121,54,11,4,71,72,65,0,0,0,0,0,0,0,0,0,0,0,0,0.00672396,0.0157745,0.426254
17380,UOX,652,5,161,13,10,130,51,32,4,92,67,92,0,0,0,0,0,0,0,0,0,0,0,0,0.00672529,0.0195563,0.343893
17390,UOX,724,7,156,18,11,147,64,38,6,115,65,104,39,5,16,2,0,5,0,2,1,4,6,3,0.00676006,0.0316955,0.213281
17400,UOX,685,7,168,21,10,140,69,26,4,97,65,85,0,0,0,0,0,0,0,0,0,0,0,0,0.00665097,0.0229721,0.289524
17410,UOX,683,5,154,14,9,130,57,26,6,116,79,92,0,0,0,0,0,0,0,0,0,0,0,0,0.00665383,0.0199623,0.333319
17420,UOX,619,7,121,18,17,142,52,26,5,88,67,83,10,3,1,1,0,1,2,1,0,1,1,2,0.00684547,0.0263973,0.259325
17430,UOX,695,5,163,18,11,130,68,25,5,108,74,93,0,0,0,0,0,0,0,0,0,0,0,0,0.00683944,0.0192258,0.355742
17440,UOX,754,5,177,24,8,156,68,33,2,107,89,90,0,0,0,0,0,0,0,0,0,0,0,0,0.00682056,0.0187673,0.363427
17450,UOX,707,5,171,19,13,128,79,30,6,104,71,86,93,6,27,2,0,11,6,4,1,15,17,10,0.00678899,0.0337551,0.201125
17460,UOX,689,6,161,18,19,115,58,24,8,120,79,87,0,0,0,0,0,0,0,0,0,0,0,0,0.00677534,0.0194345,0.348625
17470,UOX,753,6,180,16,9,155,74,31,6,101,85,96,0,0,0,0,0,0,0,0,0,0,0,0,0.00687469,0.020848,0.329752
17480,UOX,685,5,151,17,15,140,65,27,6,114,67,83,0,0,0,0,0,0,0,0,0,0,0,0,0.00681679,0.0177116,0.384877
17490,UOX,673,5,162,17,14,125,78,23,5,88,67,94,0,0,0,0,0,0,0,0,0,0,0,0,0.00683893,0.0182363,0.375016
17500,UOX,679,7,154,18,20,130,69,21,10,99,66,92,0,0,0,0,0,0,0,0,0,0,0,0,0.00673422,0.0233639,0.288232
17510,UOX,669,5,158,11,14,130,67,22,8,102,77,80,0,0,0,0,0,0,0,0,0,0,0,0,0.00675835,0.0201549,0.335321
17520,UOX,726,5,165,20,14,139,57,24,6,103,88,110,54,6,14,1,0,10,3,1,0,8,4,13,0.00675963,0.0313095,0.215897
17530,UOX,694,8,162,23,10,130,70,22,5,95,78,99,37,5,11,0,0,7,2,0,1,3,3,10,0.0067295,0.0334543,0.201155
17540,UOX,695,5,164,17,6,134,76,27,3,100,81,87,0,0,0,0,0,0,0,0,0,0,0,0,0.00678689,0.0182241,0.372413
17550,UOX,621,5,157,23,9,98,56,27,9,84,59,99,34,6,3,0,1,4,7,0,0,3,1,15,0.00665653,0.0337079,0.197477
17560,UOX,697,6,160,19,12,134,77,22,0,90,90,93,0,0,0,0,0,0,0,0,0,0,0,0,0.00671641,0.0205783,0.326384
17570,UOX,642,5,145,17,8,139,55,23,7,86,73,89,0,0,0,0,0,0,0,0,0,0,0,0,0.00673393,0.0196865,0.342058
17580,UOX,780,6,163,20,10,169,80,28,4,120,78,108,0,0,0,0,0,0,0,0,0,0,0,0,0.00674604,0.0221797,0.304154
17590,UOX,779,5,177,25,14,153,73,31,4,114,92,96,63,5,7,1,1,14,5,0,0,10,6,19,0.00676533,0.0305713,0.221297
17600,UOX,757,6,186,21,15,145,63,24,7,104,79,113,0,0,0,0,0,0,0,0,0,0,0,0,0.00668016,0.0246314,0.271205
17610,UOX,629,7,144,17,15,134,63,20,4,100,66,66,0,0,0,0,0,0,0,0,0,0,0,0,0.00681573,0.0187766,0.362989
17620,UOX,547,5,144,14,10,122,46,21,5,66,45,74,0,0,0,0,0,0,0,0,0,0,0,0,0.00666559,0.0167427,0.398119
17630,UOX,715,8,150,15,17,143,59,28,6,124,78,95,85,6,21,0,2,16,8,1,1,9,13,14,0.00680826,0.0326466,0.208544
17640,UOX,743,7,192,24,5,126,83,26,6,118,75,88,0,0,0,0,0,0,0,0,0,0,0,0,0.00675076,0.0196331,0.343845
17650,UOX,700,7,162,18,12,138,68,28,5,112,77,80,85,6,28,2,1,12,7,0,0,15,3,17,0.00677329,0.03728,0.181687
17660,UOX,679,7,167,11,11,130,58,21,5,110,78,88,0,0,0,0,0,0,0,0,0,0,0,0,0.00673725,0.0197705,0.340772
17670,UOX,717,7,170,18,16,145,57,23,7,111,75,95,0,0,0,0,0,0,0,0,0,0,0,0,0.00664795,0.0218572,0.304154
17680,UOX,643,6,140,16,10,120,60,26,3,107,82,79,45,4,9,1,1,9,1,0,0,3,7,14,0.00680659,0.0303651,0.224158
17690,UOX,729,6,159,22,12,125,66,24,9,131,90,91,0,0,0,0,0,0,0,0,0,0,0,0,0.00674557,0.0200459,0.336506
17700,UOX,588,5,141,15,11,121,53,29,4,81,57,76,155,6,38,3,3,26,15,2,0,15,18,35,0.00676148,0.0357022,0.189385
17710,UOX,0,3,0,0,0,0,0,0,0,0,0,0,0,0,0,0,0,0,0,0,0,0,0,0,0.000193381,0.00630208,0.0306853
17720,UOX,677,7,137,12,14,136,61,27,4,103,91,92,77,6,21,1,2,12,9,0,0,8,8,16,0.00677788,0.0330503,0.205078
17730,UOX,720,6,159,18,9,135,69,26,9,117,82,96,0,0,0,0,0,0,0,0,0,0,0,0,0.00673544,0.0215244,0.312922
17740,UOX,645,5,155,10,10,106,70,38,4,93,73,86,168,6,32,2,1,36,5,2,0,23,16,51,0.0067491,0.0336266,0.200707
17750,UOX,621,6,160,12,11,116,64,22,5,82,64,85,43,4,8,1,1,7,3,2,1,6,10,4,0.00667571,0.0326473,0.20448
17760,UOX,662,5,173,17,13,126,65,30,3,93,67,75,0,0,0,0,0,0,0,0,0,0,0,0,0.00668503,0.0197398,0.338658
17770,UOX,694,6,166,18,11,151,69,22,3,94,75,85,0,0,0,0,0,0,0,0,0,0,0,0,0.00675292,0.0212046,0.318465
17780,UOX,547,4,138,19,8,110,52,25,4,84,53,54,47,4,17,0,0,4,2,0,0,7,4,13,0.00663283,0.024849,0.266925
17790,UOX,656,4,156,19,6,119,67,33,6,103,66,81,0,0,0,0,0,0,0,0,0,0,0,0,0.00671692,0.0177455,0.378513
17800,UOX,728,7,173,11,11,124,72,21,8,124,77,107,12,4,1,0,0,0,1,0,0,1,1,8,0.00671064,0.0341488,0.196512
17810,UOX,716,6,162,21,10,148,62,27,4,104,71,107,87,6,26,0,0,14,3,5,0,12,3,24,0.0067253,0.0327966,0.205061
17820,UOX,815,7,189,29,12,167,74,32,6,102,88,116,0,0,0,0,0,0,0,0,0,0,0,0,0.0067241,0.0223041,0.301474
17830,UOX,0,3,0,0,0,0,0,0,0,0,0,0,88,4,26,0,1,15,5,1,0,18,9,13,0.000190811,0.0170223,0.0112095
17840,UOX,672,5,161,15,9,147,55,23,7,94,70,91,96,7,20,1,1,20,5,4,0,14,10,21,0.00672267,0.0339208,0.198187
17850,UOX,698,6,179,16,13,134,57,36,8,117,66,72,0,0,0,0,0,0,0,0,0,0,0,0,0.00677513,0.0214747,0.315493
17860,UOX,720,5,129,17,10,138,69,34,4,127,94,98,0,0,0,0,0,0,0,0,0,0,0,0,0.00665708,0.0185258,0.359341
17870,UOX,677,9,125,18,11,127,71,26,2,116,75,106,0,0,0,0,0,0,0,0,0,0,0,0,0.00678878,0.0219314,0.309546
17880,UOX,683,5,170,15,7,146,77,26,5,92,60,85,47,4,15,0,0,8,1,3,0,10,6,4,0.00681677,0.0272851,0.249835
17890,UOX,723,5,158,18,14,150,84,24,6,99,78,92,37,5,4,0,2,7,2,0,0,3,2,17,0.00681259,0.0268315,0.253902
17900,UOX,726,5,149,21,9,135,76,28,8,93,95,112,0,0,0,0,0,0,0,0,0,0,0,0,0.00688149,0.0211655,0.325127
17910,UOX,735,6,167,19,16,128,80,26,9,117,68,105,0,0,0,0,0,0,0,0,0,0,0,0,0.00664431,0.0207081,0.320855
17920,UOX,634,5,159,16,14,109,59,30,4,91,88,64,0,0,0,0,0,0,0,0,0,0,0,0,0.0067987,0.0161867,0.420018
17930,UOX,758,7,178,16,19,142,55,26,12,107,88,115,0,0,0,0,0,0,0,0,0,0,0,0,0.00676306,0.0227014,0.297913
17940,UOX,749,5,150,26,10,152,71,26,7,120,86,101,0,0,0,0,0,0,0,0,0,0,0,0,0.00684019,0.0183852,0.372048
17950,UOX,709,6,163,21,16,129,76,20,8,105,87,84,70,7,19,4,2,10,5,3,0,4,9,14,0.00673981,0.0337314,0.199808
17960,UOX,780,5,165,33,14,184,65,26,7,110,71,105,16,4,5,1,2,2,0,0,0,1,2,3,0.00683955,0.0254541,0.268702
17970,UOX,660,5,143,14,7,127,60,34,3,112,71,89,0,0,0,0,0,0,0,0,0,0,0,0,0.0067576,0.0180297,0.374803
17980,UOX,759,6,166,25,7,132,68,24,8,131,88,110,0,0,0,0,0,0,0,0,0,0,0,0,0.0067294,0.0196106,0.343151
17990,UOX,729,7,172,16,14,141,57,27,7,113,83,99,0,0,0,0,0,0,0,0,0,0,0,0,0.00689648,0.0206039,0.334716
18000,UOX,678,6,168,13,10,139,57,21,6,93,68,103,0,0,0,0,0,0,0,0,0,0,0,0,0.00668319,0.0228135,0.292948
18010,UOX,721,5,159,23,13,136,73,25,4,118,73,97,0,0,0,0,0,0,0,0,0,0,0,0,0.00677935,0.0182029,0.372432
18020,UOX,646,5,135,18,11,139,54,21,6,107,64,91,0,0,0,0,0,0,0,0,0,0,0,0,0.00680575,0.018248,0.372958
18030,UOX,684,6,157,10,12,140,59,18,5,94,81,108,0,0,0,0,0,0,0,0,0,0,0,0,0.00679092,0.0197032,0.34466
18040,UOX,672,6,160,15,14,114,53,33,5,107,69,102,113,5,35,2,1,21,7,3,3,17,9,15,0.00677581,0.0305744,0.221617
18050,UOX,643,6,129,16,9,131,61,26,4,101,86,80,100,5,40,5,3,13,5,3,0,8,10,13,0.00674235,0.0361962,0.186272
18060,UOX,664,9,181,18,5,117,78,21,1,83,54,106,0,0,0,0,0,0,0,0,0,0,0,0,0.00683713,0.0221543,0.308614
18070,UOX,742,6,159,14,12,140,67,25,12,119,85,109,0,0,0,0,0,0,0,0,0,0,0,0,0.00676132,0.0210163,0.321718
18080,UOX,805,7,176,19,25,119,72,20,8,145,88,133,57,5,19,0,1,5,7,1,0,5,6,13,0.00658679,0.0338,0.194875
18090,UOX,697,7,149,17,17,127,66,34,6,118,86,77,117,4,35,8,3,15,5,5,1,16,9,20,0.00672172,0.0318456,0.211072
18100,UOX,666,7,164,20,9,132,46,21,4,113,72,85,0,0,0,0,0,0,0,0,0,0,0,0,0.00682369,0.0218486,0.312317
18110,UOX,598,6,143,16,10,99,57,20,5,101,71,76,78,6,19,1,1,17,5,2,0,8,9,16,0.00680488,0.0288651,0.235748
18120,UOX,720,9,148,15,13,147,63,24,7,117,81,105,0,0,0,0,0,0,0,0,0,0,0,0,0.00670718,0.0231962,0.28915
18130,UOX,690,7,158,17,15,129,58,23,6,116,80,88,0,0,0,0,0,0,0,0,0,0,0,0,0.00683906,0.0215782,0.316943
18140,UOX,702,6,163,10,10,126,63,20,5,110,91,104,0,0,0,0,0,0,0,0,0,0,0,0,0.00672647,0.0198222,0.33934
18150,UOX,706,5,173,16,11,127,81,24,2,88,95,89,0,0,0,0,0,0,0,0,0,0,0,0,0.00669984,0.0204669,0.327349
18160,UOX,732,6,166,21,12,124,68,37,5,101,95,103,0,0,0,0,0,0,0,0,0,0,0,0,0.00685798,0.0217871,0.314772
18170,UOX,684,6,155,15,13,145,62,29,6,98,67,94,111,6,26,3,1,17,5,3,1,4,12,39,0.0068012,0.0325476,0.208961
18180,UOX,745,6,162,15,14,154,72,28,8,107,89,96,67,5,24,2,1,11,6,0,0,10,3,10,0.00685055,0.0299292,0.228892
18190,UOX,777,7,177,13,9,173,67,20,10,118,75,115,81,6,25,1,3,10,5,1,0,9,7,20,0.00682259,0.0345831,0.197281
18200,UOX,692,5,167,22,13,125,63,26,9,121,83,63,53,5,9,0,1,11,4,0,0,9,5,14,0.00676129,0.0300292,0.225157
18210,UOX,733,5,170,19,15,160,64,20,9,96,78,102,0,0,0,0,0,0,0,0,0,0,0,0,0.00675428,0.0200744,0.336462
18220,UOX,711,7,171,13,12,123,69,27,3,109,83,101,0,0,0,0,0,0,0,0,0,0,0,0,0.00674794,0.0216058,0.31232
18230,UOX,0,3,0,0,0,0,0,0,0,0,0,0,9,3,5,0,0,1,0,0,1,1,0,1,0.000183471,0.0134049,0.0136868
18240,UOX,685,5,166,19,5,151,68,29,4,84,62,97,0,0,0,0,0,0,0,0,0,0,0,0,0.00678954,0.0190709,0.356016
18250,UOX,737,5,175,16,15,140,60,30,7,116,79,99,0,0,0,0,0,0,0,0,0,0,0,0,0.00678053,0.0197132,0.343958
18260,UOX,660,6,157,17,8,130,61,26,6,96,85,74,74,5,18,1,1,16,4,3,0,3,8,20,0.00674294,0.0289172,0.233181
18270,UOX,746,5,190,18,13,157,68,25,7,106,66,96,60,6,18,1,1,10,4,1,1,6,8,10,0.00684557,0.030102,0.227412
18280,UOX,700,6,159,16,11,136,60,20,10,113,60,115,28,4,10,2,0,4,4,0,0,1,3,4,0.00676605,0.0296568,0.228145
18290,UOX,837,7,199,12,12,166,75,40,8,114,92,119,0,0,0,0,0,0,0,0,0,0,0,0,0.00674575,0.0219359,0.307521
18300,UOX,719,6,187,14,8,146,64,43,4,110,61,82,0,0,0,0,0,0,0,0,0,0,0,0,0.00670776,0.0225618,0.297306
18310,UOX,765,6,178,19,16,143,74,24,10,123,83,95,0,0,0,0,0,0,0,0,0,0,0,0,0.00692321,0.0221171,0.313025
18320,UOX,740,6,179,15,21,126,71,26,4,96,84,118,0,0,0,0,0,0,0,0,0,0,0,0,0.00675461,0.0208017,0.324714
18330,UOX,772,7,167,18,16,169,80,27,5,108,69,113,0,0,0,0,0,0,0,0,0,0,0,0,0.00677464,0.021296,0.318118
18340,UOX,728,6,158,19,12,150,65,26,7,116,74,101,51,4,13,2,0,9,6,0,0,9,7,5,0.00673185,0.0296873,0.226758
18350,UOX,687,8,168,18,12,135,58,25,11,90,71,99,4,3,1,0,0,0,0,1,0,1,0,1,0.00676121,0.0333581,0.202685
18360,UOX,674,5,162,14,8,123,71,26,4,101,76,89,57,4,9,2,1,8,7,2,0,5,7,16,0.00674612,0.0301329,0.223879
18370,UOX,0,3,0,0,0,0,0,0,0,0,0,0,38,4,12,0,0,0,3,1,1,4,10,7,0.000277291,0.0149419,0.0185579
18380,UOX,603,6,153,12,8,122,52,21,2,92,64,77,46,5,14,1,2,11,1,1,0,6,3,7,0.00673265,0.0291306,0.231119
18390,UOX,640,6,162,21,7,116,52,26,6,102,76,72,0,0,0,0,0,0,0,0,0,0,0,0,0.00679585,0.0183128,0.371099
18400,UOX,673,6,177,18,11,120,56,26,3,91,81,90,0,0,0,0,0,0,0,0,0,0,0,0,0.00683007,0.0216684,0.315208
18410,UOX,672,6,159,11,7,128,64,31,5,107,83,77,43,6,5,0,0,5,2,2,0,5,3,21,0.00682189,0.0288856,0.236169
18420,UOX,630,6,127,22,9,113,69,19,4,116,74,77,0,0,0,0,0,0,0,0,0,0,0,0,0.0067907,0.0179287,0.37876
18430,UOX,689,5,170,18,11,132,75,13,6,94,72,98,81,5,15,2,2,12,3,1,0,8,8,30,0.00694086,0.0313026,0.221734
18440,UOX,567,5,140,10,8,112,56,24,7,91,52,67,84,7,23,3,2,13,0,4,1,10,8,20,0.00679215,0.0300649,0.225916
18450,UOX,701,6,187,19,10,131,69,22,5,111,71,76,210,7,48,6,6,40,10,2,5,26,22,45,0.00681374,0.0413006,0.164979
18460,UOX,747,8,172,21,20,143,65,22,7,111,80,106,0,0,0,0,0,0,0,0,0,0,0,0,0.00676675,0.022295,0.30351
18470,UOX,742,6,159,19,18,148,76,25,8,111,76,102,0,0,0,0,0,0,0,0,0,0,0,0,0.00680929,0.0210453,0.323553
18480,UOX,653,6,155,15,9,121,77,26,7,99,59,85,0,0,0,0,0,0,0,0,0,0,0,0,0.00686395,0.0202342,0.339225
18490,UOX,693,5,151,18,16,148,50,26,3,88,87,106,42,5,13,2,0,7,0,2,0,3,5,10,0.00673614,0.0280582,0.240078
18500,UOX,742,6,163,15,11,144,65,33,8,131,67,105,24,4,10,0,0,6,1,0,0,1,2,4,0.006752,0.0344995,0.195713
18510,UOX,795,9,195,14,16,146,65,30,9,119,89,112,22,4,8,1,2,3,0,1,1,3,2,1,0.00683532,0.0313016,0.21837
18520,UOX,684,9,162,22,1,126,66,13,6,95,82,111,74,5,19,1,0,14,2,3,0,11,10,14,0.00665815,0.0320795,0.207552
18530,UOX,585,5,151,21,12,110,57,22,5,95,51,61,0,0,0,0,0,0,0,0,0,0,0,0,0.00674864,0.0164562,0.410098
18540,UOX,675,5,149,10,14,133,64,27,6,102,84,86,0,0,0,0,0,0,0,0,0,0,0,0,0.00680574,0.0191445,0.355494
18550,UOX,684,5,138,14,9,137,80,26,5,104,84,87,0,0,0,0,0,0,0,0,0,0,0,0,0.00670332,0.0208565,0.321402
18560,UOX,709,8,148,18,18,135,76,25,3,99,67,120,0,0,0,0,0,0,0,0,0,0,0,0,0.0068596,0.02346,0.292396
18570,UOX,699,7,150,23,14,133,64,28,7,98,89,93,0,0,0,0,0,0,0,0,0,0,0,0,0.00685874,0.0224929,0.304929
18580,UOX,743,5,188,14,12,134,68,20,5,124,73,105,0,0,0,0,0,0,0,0,0,0,0,0,0.00678911,0.0184456,0.368061
18590,UOX,675,7,137,12,11,133,79,17,9,90,85,102,0,0,0,0,0,0,0,0,0,0,0,0,0.0067583,0.0206478,0.327312
18600,UOX,759,6,185,20,12,141,66,27,7,126,84,91,30,5,10,0,0,3,5,0,0,5,3,4,0.00685624,0.0320092,0.214196
18610,UOX,0,3,0,0,0,0,0,0,0,0,0,0,0,0,0,0,0,0,0,0,0,0,0,0,0.000189411,0.00617093,0.0306941
18620,UOX,663,5,149,14,12,123,71,19,7,113,73,82,6,3,4,0,0,0,0,0,0,2,0,0,0.00679764,0.0257394,0.264094
18630,UOX,751,5,179,18,10,154,83,28,7,98,97,77,86,6,22,1,2,13,7,1,0,10,7,23,0.00681376,0.0312391,0.218116
18640,UOX,670,5,148,16,14,129,63,27,8,100,84,81,11,4,0,0,0,2,1,0,0,0,1,7,0.0067152,0.0262576,0.255743
18650,UOX,698,7,176,20,16,135,72,20,7,109,62,81,2,3,0,0,0,0,0,0,0,0,2,0,0.00675416,0.0300149,0.225026
18660,UOX,799,7,180,24,15,143,84,28,7,131,84,103,0,0,0,0,0,0,0,0,0,0,0,0,0.0067785,0.0219767,0.30844
18670,UOX,724,6,168,21,11,150,65,31,9,97,74,98,0,0,0,0,0,0,0,0,0,0,0,0,0.00674857,0.0202738,0.332871
18680,UOX,616,4,171,15,6,119,43,27,3,80,80,72,0,0,0,0,0,0,0,0,0,0,0,0,0.00674762,0.0158825,0.424845
18690,UOX,623,5,129,14,16,125,66,16,8,100,76,73,0,0,0,0,0,0,0,0,0,0,0,0,0.00690851,0.0174238,0.396498
18700,UOX,673,5,157,12,14,127,70,17,6,96,78,96,0,0,0,0,0,0,0,0,0,0,0,0,0.00679397,0.0199912,0.339848
18710,UOX,722,6,161,11,4,159,75,33,9,97,77,96,42,4,18,0,2,7,2,2,0,3,5,3,0.00659096,0.0284972,0.231284
18720,UOX,697,9,179,23,12,133,55,28,5,114,65,83,53,6,19,0,0,4,10,2,0,2,7,9,0.0066539,0.0324447,0.205084
18730,UOX,744,9,164,18,14,139,70,27,6,108,66,132,0,0,0,0,0,0,0,0,0,0,0,0,0.00675278,0.024593,0.274582
18740,UOX,679,6,153,16,12,152,67,26,8,96,68,81,49,5,13,0,1,7,5,2,0,9,5,7,0.00673329,0.0301308,0.223469
18750,UOX,844,6,210,18,12,161,82,26,10,125,101,99,0,0,0,0,0,0,0,0,0,0,0,0,0.00680076,0.0230994,0.294413
18760,UOX,803,7,163,18,11,132,76,28,6,136,105,128,0,0,0,0,0,0,0,0,0,0,0,0,0.00675857,0.0236993,0.285181
18770,UOX,627,6,152,18,10,139,59,13,4,96,64,72,97,6,26,2,2,16,4,4,0,7,13,23,0.00673216,0.0310259,0.216985
18780,UOX,701,6,176,14,12,126,77,27,7,89,91,82,0,0,0,0,0,0,0,0,0,0,0,0,0.00679998,0.0202487,0.335823
18790,UOX,690,6,151,14,15,128,64,27,9,94,85,103,0,0,0,0,0,0,0,0,0,0,0,0,0.00659173,0.021669,0.304202
18800,UOX,719,6,160,16,6,149,65,23,6,101,79,114,0,0,0,0,0,0,0,0,0,0,0,0,0.00665715,0.0239566,0.277884
18810,UOX,740,6,177,20,19,124,71,28,6,118,83,94,0,0,0,0,0,0,0,0,0,0,0,0,0.00671496,0.0219888,0.305381
18820,UOX,718,5,168,14,9,129,79,22,10,120,79,88,9,3,2,0,1,1,1,0,0,1,0,3,0.00682135,0.0263775,0.258605
18830,UOX,732,5,164,18,12,163,54,12,10,100,92,107,104,6,29,1,3,15,9,4,2,19,8,14,0.00672581,0.0303045,0.221941
18840,UOX,630,5,132,18,12,150,67,17,6,90,57,81,0,0,0,0,0,0,0,0,0,0,0,0,0.00671675,0.0173046,0.388148
18850,UOX,623,5,152,15,13,129,42,19,7,105,59,82,0,0,0,0,0,0,0,0,0,0,0,0,0.00678156,0.0192891,0.351574
18860,UOX,690,7,185,17,12,117,55,26,4,111,89,74,0,0,0,0,0,0,0,0,0,0,0,0,0.00680324,0.0204249,0.333085
18870,UOX,694,5,158,22,6,122,65,22,5,119,77,98,0,0,0,0,0,0,0,0,0,0,0,0,0.00674105,0.0195485,0.344836
18880,UOX,655,6,146,18,13,137,60,27,2,95,74,83,0,0,0,0,0,0,0,0,0,0,0,0,0.00660763,0.018827,0.350966
18890,UOX,621,6,134,12,7,115,72,30,7,86,79,79,78,7,25,3,2,8,3,0,0,13,10,14,0.0067992,0.0319287,0.212949
18900,UOX,635,5,139,17,9,126,45,39,5,106,68,81,54,5,22,0,1,7,1,0,0,6,3,14,0.0067485,0.0328978,0.205135
18910,UOX,658,5,177,13,9,100,61,25,7,98,71,97,0,0,0,0,0,0,0,0,0,0,0,0,0.00674773,0.0190517,0.354179
18920,UOX,646,6,157,15,8,130,63,23,4,110,54,82,0,0,0,0,0,0,0,0,0,0,0,0,0.00675902,0.0193277,0.349706
18930,UOX,708,7,171,13,13,131,70,23,9,119,69,90,31,5,13,0,0,1,5,1,0,3,3,5,0.00678467,0.0284494,0.238482
18940,UOX,677,5,162,17,11,126,63,20,6,113,75,84,0,0,0,0,0,0,0,0,0,0,0,0,0.00664935,0.0190959,0.348208
18950,UOX,673,5,159,28,12,130,65,25,6,94,73,81,0,0,0,0,0,0,0,0,0,0,0,0,0.0067908,0.0200293,0.339044
18960,UOX,717,9,158,15,14,124,74,20,5,132,78,97,43,5,10,1,0,4,3,1,0,3,6,15,0.0067811,0.0324411,0.209028
18970,UOX,713,5,167,14,12,126,81,22,4,103,92,92,100,5,33,1,2,11,4,2,1,14,12,20,0.00668445,0.0293718,0.227581
18980,UOX,619,5,159,13,12,127,61,15,6,90,70,66,0,0,0,0,0,0,0,0,0,0,0,0,0.00662122,0.0171622,0.385804
18990,UOX,649,7,135,15,10,131,67,33,6,81,78,93,194,6,43,3,5,26,12,3,0,29,24,49,0.00676017,0.0366056,0.184676
19000,UOX,633,7,145,14,10,121,73,25,6,90,62,87,0,0,0,0,0,0,0,0,0,0,0,0,0.00677475,0.0218616,0.309892
19010,UOX,694,8,154,19,11,115,70,29,12,117,75,92,0,0,0,0,0,0,0,0,0,0,0,0,0.00672074,0.0220936,0.304194
19020,UOX,704,6,180,24,12,123,70,26,5,105,83,76,0,0,0,0,0,0,0,0,0,0,0,0,0.00681873,0.020227,0.337111
19030,UOX,752,7,159,13,11,154,74,25,8,111,82,115,75,5,18,2,0,9,4,3,0,9,16,14,0.00673862,0.0347152,0.194111
19040,UOX,698,8,197,22,7,117,52,23,5,118,70,87,0,0,0,0,0,0,0,0,0,0,0,0,0.00671072,0.0213448,0.314396
19050,UOX,693,6,164,20,7,134,57,33,3,105,79,91,81,5,26,3,1,16,5,1,0,10,10,9,0.00676849,0.0355694,0.19029
19060,UOX,624,5,144,13,20,122,49,17,4,101,67,87,0,0,0,0,0,0,0,0,0,0,0,0,0.00664789,0.0189072,0.351606
19070,UOX,686,5,170,21,13,128,76,31,9,103,59,76,49,7,14,0,1,4,5,1,0,5,1,18,0.00671536,0.0307962,0.218058
19080,UOX,765,7,184,25,16,140,63,31,5,108,74,119,0,0,0,0,0,0,0,0,0,0,0,0,0.00682399,0.0233214,0.292606
19090,UOX,0,3,0,0,0,0,0,0,0,0,0,0,0,0,0,0,0,0,0,0,0,0,0,0,0.000190861,0.00663972,0.0287453
19100,UOX,624,4,169,13,15,131,56,19,5,83,74,59,0,0,0,0,0,0,0,0,0,0,0,0,0.00676504,0.0173964,0.388876
19110,UOX,743,6,172,17,10,127,76,34,3,102,82,120,0,0,0,0,0,0,0,0,0,0,0,0,0.00675147,0.0213165,0.316725
19120,UOX,721,5,168,22,12,120,80,28,6,113,81,91,0,0,0,0,0,0,0,0,0,0,0,0,0.00677728,0.0186146,0.364084
19130,UOX,695,5,152,14,12,152,64,25,3,113,65,95,0,0,0,0,0,0,0,0,0,0,0,0,0.00672579,0.01817,0.37016
19140,UOX,727,6,171,12,17,147,66,15,8,111,82,98,37,5,10,0,2,8,0,0,0,1,5,11,0.00676469,0.0315016,0.214741
19150,UOX,698,7,172,11,10,124,65,34,4,101,87,90,0,0,0,0,0,0,0,0,0,0,0,0,0.00669641,0.0225446,0.29703
19160,UOX,760,5,165,19,16,132,78,26,6,127,83,108,93,6,26,2,2,18,4,0,1,15,8,17,0.00674911,0.0320732,0.210428
19170,UOX,618,5,144,14,13,128,54,14,9,87,65,90,21,5,4,2,0,3,0,2,0,2,4,4,0.00654763,0.0256201,0.255566
19180,UOX,628,5,150,19,13,115,60,20,9,100,63,79,44,5,10,0,0,9,6,2,0,6,7,4,0.00675136,0.0254685,0.265087
19190,UOX,755,8,173,10,15,146,66,28,5,109,81,122,48,5,11,2,1,5,0,1,3,8,4,13,0.00670406,0.0331471,0.202252
19200,UOX,735,5,159,26,10,149,70,33,6,91,82,109,0,0,0,0,0,0,0,0,0,0,0,0,0.00672218,0.022333,0.300997
19210,UOX,709,5,157,20,9,140,63,26,9,123,70,92,0,0,0,0,0,0,0,0,0,0,0,0,0.00674909,0.0184778,0.365254
19220,UOX,630,6,151,22,9,97,68,25,1,97,79,81,0,0,0,0,0,0,0,0,0,0,0,0,0.00673553,0.0198608,0.339137
19230,UOX,831,8,202,25,21,162,65,34,9,103,106,104,98,7,24,4,1,13,5,6,1,13,9,22,0.00675569,0.0365375,0.184897
19240,UOX,697,5,183,23,8,131,61,21,7,130,57,76,66,6,17,1,1,8,7,3,0,9,8,12,0.00667378,0.0278895,0.239293
19250,UOX,757,6,177,24,12,157,69,19,2,109,87,101,18,4,5,1,0,2,3,1,0,2,2,2,0.00672618,0.0318276,0.211331
19260,UOX,681,6,159,18,10,134,52,23,3,113,68,101,0,0,0,0,0,0,0,0,0,0,0,0,0.00680939,0.0206775,0.329314
19270,UOX,663,7,139,17,15,114,79,25,6,95,69,104,108,5,32,2,0,13,8,1,1,17,8,26,0.00659795,0.0348056,0.189566
19280,UOX,611,4,155,9,8,118,47,29,3,100,72,70,0,0,0,0,0,0,0,0,0,0,0,0,0.00687356,0.0160598,0.427999
19290,UOX,643,6,162,9,12,135,58,22,7,92,62,84,88,5,28,3,1,16,6,4,0,12,9,9,0.00682518,0.0298978,0.228284
19300,UOX,634,5,138,24,15,125,65,22,3,98,74,70,36,6,8,3,1,7,2,1,0,2,5,7,0.00674705,0.0304963,0.221242
19310,UOX,669,6,156,16,8,136,55,18,3,126,72,79,0,0,0,0,0,0,0,0,0,0,0,0,0.00670855,0.0187954,0.356925
19320,UOX,745,6,168,21,14,132,87,30,3,111,89,90,0,0,0,0,0,0,0,0,0,0,0,0,0.0067088,0.0221269,0.303196
19330,UOX,777,6,187,19,10,146,55,39,6,114,80,121,113,5,35,2,3,15,8,0,0,18,15,17,0.00676173,0.0327044,0.206753
19340,UOX,651,6,137,17,14,112,59,23,5,120,75,89,38,5,5,0,1,12,4,1,0,5,3,7,0.00676245,0.028815,0.234685
19350,UOX,848,6,181,19,14,177,72,23,4,127,94,137,0,0,0,0,0,0,0,0,0,0,0,0,0.00676507,0.0230112,0.29399
19360,UOX,822,5,192,20,13,155,90,22,10,121,72,127,46,5,11,0,0,11,3,2,0,4,6,9,0.00681037,0.0303228,0.224596
19370,UOX,713,9,179,11,12,140,67,31,8,90,68,107,0,0,0,0,0,0,0,0,0,0,0,0,0.00676349,0.0246755,0.274098
19380,UOX,700,6,160,17,14,152,58,30,11,83,75,100,54,6,16,2,0,6,5,1,0,7,4,13,0.00688867,0.0301155,0.228742
19390,UOX,651,5,160,20,16,124,53,29,8,104,76,61,65,5,16,2,0,10,0,2,0,9,6,20,0.00682453,0.0289922,0.235392
19400,UOX,664,5,149,9,12,134,57,25,10,113,84,71,0,0,0,0,0,0,0,0,0,0,0,0,0.00686947,0.0204168,0.336462
19410,UOX,709,6,158,14,10,152,69,19,8,114,77,88,0,0,0,0,0,0,0,0,0,0,0,0,0.00696276,0.0203352,0.3424
19420,UOX,0,3,0,0,0,0,0,0,0,0,0,0,0,0,0,0,0,0,0,0,0,0,0,0,0.000189571,0.00662559,0.0286119
19430,UOX,761,6,167,24,12,143,79,22,9,118,82,105,74,8,21,4,0,12,1,3,1,10,9,13,0.00686563,0.0327391,0.209707
19440,UOX,704,6,150,22,12,142,69,32,15,94,84,84,98,4,19,1,3,19,4,8,0,13,11,20,0.00684342,0.0306106,0.223563
19450,UOX,677,6,160,15,15,148,61,30,6,93,63,86,54,5,16,2,0,6,2,2,0,13,6,7,0.00682405,0.0329036,0.207395
19460,UOX,698,7,150,21,12,117,86,25,6,106,79,96,0,0,0,0,0,0,0,0,0,0,0,0,0.00683878,0.0211935,0.322682
19470,UOX,670,7,161,14,13,132,59,34,3,95,70,89,0,0,0,0,0,0,0,0,0,0,0,0,0.00681586,0.0219275,0.310835
19480,UOX,749,8,175,18,13,138,69,28,6,110,85,107,0,0,0,0,0,0,0,0,0,0,0,0,0.00683361,0.0231899,0.29468
19490,UOX,659,6,176,14,11,129,46,18,10,97,75,83,33,4,11,1,0,2,3,1,0,3,4,8,0.0069067,0.0276006,0.250237
19500,UOX,625,5,142,13,8,118,52,24,6,101,70,91,43,4,11,5,0,6,1,0,0,4,5,11,0.00685986,0.0303933,0.225703
19510,UOX,625,5,166,18,14,117,50,23,7,83,68,79,0,0,0,0,0,0,0,0,0,0,0,0,0.00705206,0.0177745,0.396752
19520,UOX,716,5,182,12,15,141,72,23,6,104,72,89,0,0,0,0,0,0,0,0,0,0,0,0,0.00681806,0.0186163,0.366242
19530,UOX,703,5,173,9,16,141,59,34,6,114,77,74,41,4,8,1,0,8,0,1,1,13,3,6,0.00679151,0.0271169,0.250453
19540,UOX,676,8,137,23,16,115,90,22,2,96,81,94,0,0,0,0,0,0,0,0,0,0,0,0,0.00683394,0.0213904,0.319487
19550,UOX,602,5,138,15,11,100,57,26,3,103,63,86,0,0,0,0,0,0,0,0,0,0,0,0,0.00670988,0.0210102,0.319363
19560,UOX,747,6,161,21,12,152,68,27,6,124,87,89,0,0,0,0,0,0,0,0,0,0,0,0,0.00680841,0.0193261,0.35229
19570,UOX,667,6,137,26,15,136,60,15,4,114,77,83,0,0,0,0,0,0,0,0,0,0,0,0,0.00693887,0.0186195,0.372667
19580,UOX,624,4,153,11,9,132,52,14,5,100,74,74,0,0,0,0,0,0,0,0,0,0,0,0,0.00683278,0.0173299,0.394277
19590,UOX,743,7,175,15,18,143,87,19,6,90,83,107,0,0,0,0,0,0,0,0,0,0,0,0,0.00676329,0.0224968,0.300633
19600,UOX,719,7,169,20,12,134,84,36,10,109,66,79,0,0,0,0,0,0,0,0,0,0,0,0,0.00676797,0.024156,0.280178
19610,UOX,741,5,173,21,12,133,84,35,4,107,78,94,0,0,0,0,0,0,0,0,0,0,0,0,0.00683201,0.0200985,0.339926
19620,UOX,661,5,147,16,7,141,66,33,7,89,79,76,0,0,0,0,0,0,0,0,0,0,0,0,0.00673674,0.0186797,0.360646
19630,UOX,743,6,180,14,12,127,73,17,7,103,90,120,0,0,0,0,0,0,0,0,0,0,0,0,0.0067929,0.0227325,0.298819
19640,UOX,723,4,172,25,11,158,56,24,4,93,90,90,0,0,0,0,0,0,0,0,0,0,0,0,0.00679706,0.0183794,0.369819
19650,UOX,686,6,143,23,20,127,71,21,5,102,74,100,0,0,0,0,0,0,0,0,0,0,0,0,0.0068323,0.0222168,0.307529
19660,UOX,771,6,173,34,16,144,66,21,9,104,100,104,122,6,40,5,3,13,8,3,0,13,13,24,0.00689325,0.0358488,0.192287
19670,UOX,711,5,155,17,17,134,63,32,4,122,77,90,0,0,0,0,0,0,0,0,0,0,0,0,0.00679946,0.0199636,0.340593
19680,UOX,709,7,141,14,14,134,69,28,11,113,67,118,0,0,0,0,0,0,0,0,0,0,0,0,0.0067932,0.0220619,0.307915
19690,UOX,679,5,164,19,7,133,60,21,7,102,83,83,0,0,0,0,0,0,0,0,0,0,0,0,0.00687095,0.0172448,0.398436
19700,UOX,705,6,180,18,14,143,54,28,10,110,65,83,83,6,22,1,3,8,3,5,3,12,11,15,0.00690858,0.0324942,0.21261
19710,UOX,711,6,169,14,15,135,64,28,7,98,84,97,5,3,3,0,0,0,0,2,0,0,0,0,0.00691106,0.0269896,0.256064
19720,UOX,672,5,150,14,18,136,72,18,8,88,76,92,0,0,0,0,0,0,0,0,0,0,0,0,0.0068859,0.0187398,0.367448
19730,UOX,763,8,169,14,17,154,72,22,2,118,91,104,0,0,0,0,0,0,0,0,0,0,0,0,0.00677437,0.0223064,0.303697
19740,UOX,651,4,179,16,11,119,50,23,5,94,65,89,86,6,28,3,1,8,10,0,0,9,13,14,0.00678014,0.0281109,0.241192
19750,UOX,740,5,165,18,16,155,65,32,7,93,99,90,0,0,0,0,0,0,0,0,0,0,0,0,0.00692442,0.0208485,0.33213
19760,UOX,680,7,148,16,15,121,63,24,9,111,70,103,76,6,19,2,0,11,7,4,0,13,7,13,0.0069064,0.0317765,0.217343
19770,UOX,772,9,175,14,12,156,76,40,7,88,85,119,0,0,0,0,0,0,0,0,0,0,0,0,0.00673903,0.0235272,0.286436
19780,UOX,0,3,0,0,0,0,0,0,0,0,0,0,37,5,12,0,0,8,1,2,0,4,4,6,0.000188631,0.0159516,0.0118252
19790,UOX,682,4,156,6,10,121,58,23,6,123,72,107,73,4,21,1,2,14,3,6,0,6,11,9,0.00709319,0.0287972,0.246315
19800,UOX,702,5,160,18,16,132,74,21,6,115,78,82,0,0,0,0,0,0,0,0,0,0,0,0,0.00675429,0.0203996,0.331099
19810,UOX,758,6,170,17,16,161,65,29,8,110,87,95,121,5,23,7,2,20,11,4,0,12,9,33,0.0066943,0.0347493,0.192645
19820,UOX,617,5,131,15,8,114,59,19,4,97,78,92,43,4,15,1,1,8,3,1,1,7,4,2,0.00671772,0.0282397,0.237882
19830,UOX,726,6,170,19,11,141,72,25,5,85,101,97,0,0,0,0,0,0,0,0,0,0,0,0,0.00674684,0.0212825,0.317013
19840,UOX,661,4,142,12,11,128,68,22,6,108,73,91,69,4,22,2,2,8,4,0,0,6,9,16,0.00675935,0.0268186,0.252039
19850,UOX,702,5,162,16,14,143,59,30,13,119,60,86,61,4,25,1,1,7,3,0,0,8,9,7,0.00673582,0.0344368,0.1956
19860,UOX,741,5,171,18,19,126,86,24,7,123,72,95,0,0,0,0,0,0,0,0,0,0,0,0,0.00669613,0.0196976,0.339946
19870,UOX,605,5,141,14,12,132,56,21,6,84,72,67,0,0,0,0,0,0,0,0,0,0,0,0,0.00671707,0.0186189,0.360767
19880,UOX,654,6,162,24,9,128,51,24,8,88,70,90,0,0,0,0,0,0,0,0,0,0,0,0,0.00669928,0.0205423,0.326121
19890,UOX,0,3,0,0,0,0,0,0,0,0,0,0,0,0,0,0,0,0,0,0,0,0,0,0,0.000190141,0.00660936,0.0287684
19900,UOX,724,6,195,16,17,137,70,34,7,97,73,78,0,0,0,0,0,0,0,0,0,0,0,0,0.00678266,0.0221784,0.305822
19910,UOX,765,7,175,23,17,125,67,24,6,139,76,113,62,5,13,0,0,11,1,1,1,3,10,22,0.00679358,0.0334777,0.202928
19920,UOX,789,6,177,24,17,147,59,21,8,138,91,107,23,4,7,0,0,5,1,0,0,4,1,5,0.00678916,0.0297173,0.228458
19930,UOX,673,6,158,11,16,112,77,28,6,102,69,94,0,0,0,0,0,0,0,0,0,0,0,0,0.00667646,0.0205789,0.324432
19940,UOX,637,5,155,17,5,120,58,23,7,99,75,78,0,0,0,0,0,0,0,0,0,0,0,0,0.00672913,0.0177473,0.379163
19950,UOX,693,5,171,17,12,119,71,15,4,112,86,86,181,6,41,3,3,31,16,2,0,28,20,37,0.00671319,0.037523,0.178909
19960,UOX,683,5,167,14,10,122,60,29,8,105,85,83,0,0,0,0,0,0,0,0,0,0,0,0,0.00668155,0.0180407,0.37036
19970,UOX,654,6,186,18,12,103,74,31,5,84,65,76,0,0,0,0,0,0,0,0,0,0,0,0,0.00673304,0.0202951,0.331756
19980,UOX,718,7,177,14,10,143,66,22,6,107,91,82,30,4,6,2,0,6,1,1,0,5,2,7,0.00677695,0.0300491,0.225529
19990,UOX,699,6,159,23,26,136,66,29,10,102,75,73,0,0,0,0,0,0,0,0,0,0,0,0,0.00674401,0.019867,0.339457
20000,UOX,614,5,163,20,13,107,68,21,9,83,49,81,0,0,0,0,0,0,0,0,0,0,0,0,0.00666678,0.0202555,0.329133
20010,UOX,739,5,164,12,7,130,77,30,10,119,76,114,0,0,0,0,0,0,0,0,0,0,0,0,0.00672521,0.0212922,0.315853
20020,UOX,660,5,126,25,12,126,65,16,4,99,85,102,0,0,0,0,0,0,0,0,0,0,0,0,0.00665657,0.0182989,0.363769
20030,UOX,595,6,151,17,8,114,57,16,4,90,68,70,0,0,0,0,0,0,0,0,0,0,0,0,0.00663929,0.0175507,0.378292
20040,UOX,713,6,171,20,10,157,67,17,7,93,81,90,33,4,13,0,1,8,1,1,0,3,4,2,0.00677021,0.0293257,0.230862
20050,UOX,749,7,174,20,20,155,56,27,7,106,84,100,28,4,4,0,0,7,3,0,0,3,2,9,0.00676239,0.0341671,0.197921
20060,UOX,650,5,152,15,11,134,54,30,6,107,71,70,61,4,19,1,2,14,2,0,0,5,7,11,0.00677858,0.0255977,0.264812
20070,UOX,757,6,147,13,16,146,69,30,7,114,96,119,44,4,15,2,1,5,1,2,1,9,6,2,0.0068632,0.0303319,0.22627
20080,UOX,646,6,147,12,16,131,53,28,7,103,75,74,102,6,41,6,2,9,6,3,1,17,8,9,0.00685232,0.0307274,0.223003
20090,UOX,706,6,155,18,13,139,55,32,9,121,89,75,0,0,0,0,0,0,0,0,0,0,0,0,0.00671591,0.0185871,0.361321
20100,UOX,698,5,165,13,8,146,60,19,3,98,90,96,85,4,33,3,2,9,2,2,0,8,15,11,0.00672431,0.033786,0.199027
20110,UOX,649,6,142,23,11,143,60,18,8,91,75,78,0,0,0,0,0,0,0,0,0,0,0,0,0.00666566,0.0193435,0.344593
20120,UOX,671,6,154,15,9,151,53,30,4,102,73,80,56,5,16,1,2,7,6,2,1,5,7,9,0.00678111,0.0302175,0.22441
20130,UOX,709,8,165,18,12,115,68,28,4,111,80,108,0,0,0,0,0,0,0,0,0,0,0,0,0.006771,0.0217994,0.310604
20140,UOX,661,10,138,20,13,133,63,21,3,94,85,91,0,0,0,0,0,0,0,0,0,0,0,0,0.00664074,0.0251001,0.26457
20150,UOX,633,4,155,16,15,148,48,21,7,96,56,71,0,0,0,0,0,0,0,0,0,0,0,0,0.00665502,0.0188978,0.352158
20160,UOX,732,5,169,17,14,132,76,35,10,105,85,89,148,6,37,5,3,31,10,5,2,19,16,20,0.00667988,0.0311206,0.214645
20170,UOX,769,6,183,20,14,142,79,27,9,124,76,95,51,5,21,4,1,3,3,1,1,4,6,7,0.00681205,0.0304385,0.223797
20180,UOX,583,6,135,16,12,97,47,25,10,88,81,72,0,0,0,0,0,0,0,0,0,0,0,0,0.00675571,0.0166687,0.405293
20190,UOX,730,7,169,18,19,150,64,20,13,111,71,95,0,0,0,0,0,0,0,0,0,0,0,0,0.00673058,0.0229228,0.293619
20200,UOX,714,6,136,21,7,132,79,27,7,113,86,106,0,0,0,0,0,0,0,0,0,0,0,0,0.00673556,0.0236654,0.284616
20210,UOX,623,6,166,13,5,131,61,20,5,78,73,71,0,0,0,0,0,0,0,0,0,0,0,0,0.00677176,0.0179,0.37831
20220,UOX,682,6,174,16,10,117,47,22,6,124,72,94,4,3,0,0,0,2,0,0,0,0,1,1,0.00679013,0.0264011,0.257191
20230,UOX,748,6,159,19,9,147,83,26,7,110,86,102,79,5,30,1,2,11,5,1,0,9,7,13,0.00668868,0.0302304,0.221257
20240,UOX,656,5,144,10,9,139,55,23,7,98,68,103,0,0,0,0,0,0,0,0,0,0,0,0,0.00680329,0.0189342,0.359312
20250,UOX,766,7,173,15,16,134,78,25,4,118,94,109,17,4,3,0,1,2,1,0,1,3,0,6,0.00684135,0.0332549,0.205724
20260,UOX,679,6,143,18,15,122,78,30,2,109,81,81,0,0,0,0,0,0,0,0,0,0,0,0,0.00670815,0.0190846,0.351496
20270,UOX,671,5,167,12,18,143,69,22,5,80,64,91,0,0,0,0,0,0,0,0,0,0,0,0,0.00682563,0.0175274,0.389426
20280,UOX,736,6,170,13,12,129,65,23,4,109,89,122,0,0,0,0,0,0,0,0,0,0,0,0,0.00680637,0.0212899,0.319699
20290,UOX,700,5,152,25,9,167,68,30,5,106,56,82,0,0,0,0,0,0,0,0,0,0,0,0,0.00673881,0.0192165,0.350679
20300,UOX,658,5,153,14,13,133,51,14,11,104,66,99,84,5,21,3,2,11,0,0,2,9,13,23,0.00677842,0.0346745,0.195487
20310,UOX,727,6,164,22,13,128,81,30,5,116,81,87,43,5,11,1,1,5,3,1,0,4,5,12,0.00673968,0.030626,0.220064
20320,UOX,743,5,156,26,17,149,66,22,8,105,81,113,0,0,0,0,0,0,0,0,0,0,0,0,0.00672202,0.020179,0.333119
20330,UOX,702,6,149,14,12,129,78,23,8,114,71,104,0,0,0,0,0,0,0,0,0,0,0,0,0.00680901,0.020889,0.325961
20340,UOX,0,3,0,0,0,0,0,0,0,0,0,0,0,0,0,0,0,0,0,0,0,0,0,0,0.000186381,0.00650878,0.0286353
20350,UOX,681,5,147,19,15,151,47,25,7,103,79,88,53,6,17,0,0,8,4,1,0,8,3,12,0.00676786,0.0326877,0.207046
20360,UOX,585,5,159,7,10,89,57,24,5,97,66,71,0,0,0,0,0,0,0,0,0,0,0,0,0.00683569,0.0174573,0.391567
20370,UOX,740,6,177,14,11,135,69,27,6,113,82,106,73,5,23,0,2,9,1,1,2,12,11,12,0.0068081,0.0313066,0.217466
20380,UOX,694,5,150,16,12,150,67,21,6,114,74,84,0,0,0,0,0,0,0,0,0,0,0,0,0.00681044,0.0186089,0.365978
20390,UOX,727,6,191,16,16,111,75,35,5,102,79,97,0,0,0,0,0,0,0,0,0,0,0,0,0.00679748,0.0203365,0.33425
20400,UOX,712,7,185,22,6,136,57,29,8,92,83,94,0,0,0,0,0,0,0,0,0,0,0,0,0.00675983,0.0216444,0.312312
20410,UOX,712,7,171,14,6,123,79,27,11,103,81,97,0,0,0,0,0,0,0,0,0,0,0,0,0.00675884,0.0211319,0.31984
20420,UOX,770,8,176,18,11,157,77,29,4,118,75,105,0,0,0,0,0,0,0,0,0,0,0,0,0.00674127,0.0235692,0.28602
20430,UOX,609,5,137,16,11,134,63,11,4,95,70,68,0,0,0,0,0,0,0,0,0,0,0,0,0.00668315,0.0182837,0.365525
20440,UOX,750,6,175,16,9,128,69,33,6,124,81,109,0,0,0,0,0,0,0,0,0,0,0,0,0.00688348,0.0217626,0.316298
20450,UOX,726,6,172,22,16,143,69,24,8,116,73,83,0,0,0,0,0,0,0,0,0,0,0,0,0.00693577,0.0218939,0.316789
20460,UOX,761,7,178,18,12,156,80,25,7,106,87,92,0,0,0,0,0,0,0,0,0,0,0,0,0.00680857,0.0216181,0.314947
20470,UOX,657,4,135,18,14,138,59,38,11,101,64,79,0,0,0,0,0,0,0,0,0,0,0,0,0.006848,0.0174842,0.391669
20480,UOX,723,5,175,14,13,140,63,28,6,108,80,96,0,0,0,0,0,0,0,0,0,0,0,0,0.00686212,0.0184532,0.371866
20490,UOX,680,7,159,15,14,126,64,22,1,102,89,88,0,0,0,0,0,0,0,0,0,0,0,0,0.00682449,0.0212038,0.321852
20500,UOX,642,4,160,16,10,125,61,23,4,104,65,74,46,5,12,0,0,6,2,2,1,11,3,9,0.00681211,0.0284918,0.23909
20510,UOX,655,5,156,17,14,116,60,25,9,94,72,92,154,5,32,2,2,21,7,4,2,16,21,47,0.00671741,0.0334856,0.200606
20520,UOX,640,5,142,21,13,130,56,27,4,107,71,69,0,0,0,0,0,0,0,0,0,0,0,0,0.00691068,0.0181081,0.381634
20530,UOX,742,7,152,21,21,149,70,28,4,97,86,114,18,4,6,1,0,2,0,0,0,3,2,4,0.00677148,0.0280516,0.241394
20540,UOX,685,5,172,15,9,124,64,26,3,118,65,89,0,0,0,0,0,0,0,0,0,0,0,0,0.00672443,0.0181862,0.369754
20550,UOX,587,7,126,18,11,109,61,26,6,91,69,70,53,6,17,2,0,6,4,1,1,6,6,10,0.00682625,0.0327209,0.208621
20560,UOX,688,6,153,18,13,138,61,24,2,101,84,94,52,5,16,1,2,8,1,0,1,9,7,7,0.00682256,0.0293743,0.232263
20570,UOX,663,7,148,14,12,134,58,28,10,111,64,84,155,5,33,5,2,30,7,5,2,20,22,29,0.00677417,0.0347268,0.19507
20580,UOX,691,6,140,20,12,140,55,26,8,109,84,97,12,4,2,0,0,4,0,0,0,0,0,6,0.00680634,0.0265826,0.256045
20590,UOX,630,6,139,20,14,126,65,24,3,103,61,75,35,5,4,2,0,4,6,1,0,2,3,13,0.00674028,0.0295588,0.22803
20600,UOX,717,5,170,21,11,135,54,20,5,129,73,99,91,4,27,7,1,13,7,0,1,11,14,10,0.00689318,0.0330488,0.208576
20610,UOX,656,6,128,15,15,137,59,26,8,87,67,114,0,0,0,0,0,0,0,0,0,0,0,0,0.00684692,0.0206376,0.331769
20620,UOX,647,5,159,14,13,120,80,23,6,89,70,73,48,5,18,1,0,14,1,3,0,3,4,4,0.00687366,0.0279946,0.245535
20630,UOX,729,6,152,23,11,143,82,24,4,108,95,87,0,0,0,0,0,0,0,0,0,0,0,0,0.00686358,0.0192924,0.355767
20640,UOX,647,4,148,19,9,127,51,27,4,107,62,93,0,0,0,0,0,0,0,0,0,0,0,0,0.00688303,0.0178885,0.384774
20650,UOX,724,6,170,18,9,144,70,31,5,97,76,104,0,0,0,0,0,0,0,0,0,0,0,0,0.00681193,0.0228868,0.297636
20660,UOX,718,5,163,14,16,160,73,27,5,110,64,86,53,4,18,1,0,9,0,0,0,9,7,9,0.00681371,0.0282331,0.241338
20670,UOX,661,4,154,12,7,135,74,25,10,115,53,76,0,0,0,0,0,0,0,0,0,0,0,0,0.00679279,0.0170057,0.399443
20680,UOX,793,7,174,14,11,160,71,20,4,104,103,132,0,0,0,0,0,0,0,0,0,0,0,0,0.00677756,0.0223472,0.303285
20690,UOX,735,7,123,22,13,157,71,31,7,110,78,123,93,6,30,2,3,10,3,2,1,18,10,14,0.00671498,0.0355454,0.188912
20700,UOX,682,6,174,19,14,120,57,31,3,91,85,88,0,0,0,0,0,0,0,0,0,0,0,0,0.00679035,0.0214089,0.317174
20710,UOX,3,3,2,0,1,0,0,0,0,0,0,0,0,0,0,0,0,0,0,0,0,0,0,0,0.000187211,0.00665131,0.0281465
20720,UOX,727,5,154,20,12,152,69,22,10,118,75,95,0,0,0,0,0,0,0,0,0,0,0,0,0.00683526,0.0182837,0.373844
20730,UOX,733,7,156,19,13,129,66,29,7,119,83,112,98,6,24,6,2,9,9,4,0,10,12,22,0.00680332,0.0347772,0.195626
20740,UOX,0,3,0,0,0,0,0,0,0,0,0,0,0,0,0,0,0,0,0,0,0,0,0,0,0.000184411,0.00662789,0.0278235
20750,UOX,711,5,168,10,10,129,64,33,8,105,74,110,84,7,21,5,4,13,6,3,0,8,6,18,0.00678167,0.0360158,0.188297
20760,UOX,796,7,163,14,15,178,95,30,6,112,94,89,127,7,33,2,5,19,4,3,0,20,13,28,0.00683938,0.0345303,0.198069
20770,UOX,812,7,175,17,18,158,83,22,11,116,93,119,0,0,0,0,0,0,0,0,0,0,0,0,0.00683063,0.0233607,0.292398
20780,UOX,648,5,157,12,10,126,67,26,7,79,61,103,0,0,0,0,0,0,0,0,0,0,0,0,0.00684913,0.0209903,0.3263
20790,UOX,738,6,184,17,15,156,70,19,6,89,86,96,0,0,0,0,0,0,0,0,0,0,0,0,0.00684023,0.0196128,0.348763
20800,UOX,646,6,142,12,13,129,76,28,3,90,71,82,0,0,0,0,0,0,0,0,0,0,0,0,0.00684512,0.0210852,0.324641
20810,UOX,645,5,140,13,12,129,66,17,3,131,58,76,0,0,0,0,0,0,0,0,0,0,0,0,0.0067906,0.0190856,0.355798
20820,UOX,753,9,163,17,16,162,75,21,7,90,87,115,0,0,0,0,0,0,0,0,0,0,0,0,0.00677289,0.0248074,0.273019
20830,UOX,704,5,160,15,10,135,64,29,3,109,95,84,0,0,0,0,0,0,0,0,0,0,0,0,0.00679556,0.0182637,0.37208
20840,UOX,664,5,144,13,15,127,66,25,7,97,73,97,0,0,0,0,0,0,0,0,0,0,0,0,0.0067932,0.0178472,0.380631
20850,UOX,636,7,140,12,5,131,61,17,9,90,76,95,0,0,0,0,0,0,0,0,0,0,0,0,0.00667509,0.0214057,0.311837
20860,UOX,720,5,146,24,13,138,73,33,8,117,90,78,24,6,7,2,0,3,2,0,0,2,1,7,0.00677319,0.0268419,0.252336
20870,UOX,651,6,150,19,6,120,64,20,8,105,80,79,0,0,0,0,0,0,0,0,0,0,0,0,0.00675277,0.0183457,0.368085
20880,UOX,0,3,0,0,0,0,0,0,0,0,0,0,0,0,0,0,0,0,0,0,0,0,0,0,0.000184501,0.00654489,0.0281901
20890,UOX,716,5,170,20,14,136,59,29,4,112,81,91,0,0,0,0,0,0,0,0,0,0,0,0,0.00678007,0.0195013,0.347673
20900,UOX,724,7,193,20,17,138,62,27,9,106,77,75,0,0,0,0,0,0,0,0,0,0,0,0,0.00687291,0.0229575,0.299375
20910,UOX,633,6,144,13,9,117,70,24,7,98,64,87,59,7,8,3,0,11,2,1,0,6,5,23,0.00676156,0.0316289,0.213778
20920,UOX,649,6,156,12,15,137,65,16,5,82,59,102,0,0,0,0,0,0,0,0,0,0,0,0,0.00682003,0.0191427,0.356273
20930,UOX,635,9,158,22,10,102,58,21,5,98,56,105,0,0,0,0,0,0,0,0,0,0,0,0,0.00676389,0.0224053,0.301887
20940,UOX,625,5,162,19,14,128,54,25,5,86,60,72,40,5,7,2,1,10,2,3,0,5,1,9,0.00689981,0.0270491,0.255084
20950,UOX,758,7,168,27,10,142,73,29,4,107,98,100,72,5,27,3,1,12,4,4,0,8,5,8,0.00677939,0.0343214,0.197527
20960,UOX,722,6,185,22,15,140,62,16,3,99,72,108,16,4,4,1,0,1,0,0,0,6,3,1,0.00682955,0.0279965,0.243943
20970,UOX,739,5,180,19,8,136,79,20,6,104,88,99,18,3,11,1,0,2,0,1,0,1,1,1,0.00685314,0.0271219,0.252679
20980,UOX,690,6,147,23,16,136,76,21,7,112,77,75,0,0,0,0,0,0,0,0,0,0,0,0,0.0068497,0.0205735,0.332937
20990,UOX,686,5,157,25,21,135,72,32,6,83,62,93,28,4,8,2,0,1,1,1,0,5,4,6,0.0068005,0.0274981,0.247308
21000,UOX,670,7,148,10,16,137,58,19,2,98,84,98,0,0,0,0,0,0,0,0,0,0,0,0,0.00670214,0.0216099,0.310141
21010,UOX,706,6,160,15,10,141,59,35,12,104,79,91,0,0,0,0,0,0,0,0,0,0,0,0,0.00668202,0.0204286,0.327092
21020,UOX,763,6,155,10,9,163,71,33,8,127,86,101,102,8,24,6,2,10,11,3,0,12,11,23,0.00672476,0.033313,0.201866
21030,UOX,653,4,151,16,20,130,74,23,7,85,65,82,130,5,35,0,3,26,7,3,1,13,16,26,0.00669517,0.0301593,0.221993
21040,UOX,667,6,156,13,17,125,60,16,6,99,75,100,52,4,13,0,0,8,0,3,0,10,2,16,0.00671371,0.0298715,0.224752
21050,UOX,692,6,134,17,12,125,76,38,3,108,81,98,0,0,0,0,0,0,0,0,0,0,0,0,0.0067637,0.0224494,0.301286
21060,UOX,632,5,149,17,13,129,62,9,11,103,69,70,119,5,31,3,3,13,4,5,0,27,18,15,0.00689295,0.0298688,0.230774
21070,UOX,690,5,140,22,9,126,69,18,7,108,78,113,0,0,0,0,0,0,0,0,0,0,0,0,0.00677134,0.0188076,0.360031
21080,UOX,735,6,166,15,15,162,64,17,1,116,71,108,0,0,0,0,0,0,0,0,0,0,0,0,0.00680639,0.0209255,0.325268
21090,UOX,671,5,149,19,10,118,70,24,5,116,69,91,0,0,0,0,0,0,0,0,0,0,0,0,0.00663509,0.0209641,0.316499
21100,UOX,709,5,178,15,9,126,72,24,8,110,77,90,43,5,10,0,0,5,6,0,1,5,5,11,0.00677256,0.0316907,0.213708
21110,UOX,607,5,133,11,15,122,55,17,3,90,67,94,40,4,12,0,2,7,3,0,0,5,3,8,0.00660115,0.0269625,0.244827
21120,UOX,764,10,193,27,6,135,86,25,4,108,71,109,41,4,9,0,0,11,2,0,0,6,6,7,0.00682878,0.0331309,0.206115
21130,UOX,638,7,153,17,14,129,51,20,6,106,57,85,67,4,24,0,1,9,3,3,0,5,10,12,0.00669271,0.029144,0.229642
21140,UOX,662,6,146,13,13,132,73,33,12,87,68,85,68,4,17,1,2,12,2,1,0,11,10,12,0.00664701,0.0294411,0.225773
21150,UOX,771,6,190,25,12,148,59,27,9,110,83,108,0,0,0,0,0,0,0,0,0,0,0,0,0.00677619,0.0226371,0.29934
21160,UOX,663,6,155,19,12,131,69,20,7,100,60,90,0,0,0,0,0,0,0,0,0,0,0,0,0.00680861,0.0201078,0.338606
21170,UOX,772,5,179,18,10,123,62,32,6,112,97,133,0,0,0,0,0,0,0,0,0,0,0,0,0.00676266,0.0206337,0.327747
21180,UOX,743,6,175,22,12,138,64,29,4,113,74,112,85,5,18,0,2,9,8,3,0,10,10,25,0.00678879,0.0347123,0.195573
21190,UOX,650,6,154,21,7,133,65,22,9,84,66,89,0,0,0,0,0,0,0,0,0,0,0,0,0.00685314,0.0202914,0.337736
21200,UOX,716,8,166,16,21,145,64,23,6,92,82,101,0,0,0,0,0,0,0,0,0,0,0,0,0.0067825,0.0237432,0.285661
21210,UOX,706,5,161,21,11,125,59,32,6,91,76,124,0,0,0,0,0,0,0,0,0,0,0,0,0.00673115,0.0189138,0.355886
21220,UOX,725,5,183,12,13,144,77,21,9,92,74,100,80,4,26,4,2,9,6,1,2,10,9,11,0.00666135,0.0302031,0.220552
21230,UOX,661,7,146,13,15,147,48,15,8,121,67,81,0,0,0,0,0,0,0,0,0,0,0,0,0.00672853,0.021288,0.316072
21240,UOX,673,6,161,18,10,122,54,35,3,81,94,95,0,0,0,0,0,0,0,0,0,0,0,0,0.00671145,0.0203889,0.329171
21250,UOX,640,7,160,20,12,119,63,13,7,103,65,78,0,0,0,0,0,0,0,0,0,0,0,0,0.00668345,0.0210972,0.316794
21260,UOX,687,5,150,9,10,141,61,27,6,109,82,92,0,0,0,0,0,0,0,0,0,0,0,0,0.00670229,0.0198888,0.336989
21270,UOX,707,5,164,21,17,149,57,42,4,97,64,92,0,0,0,0,0,0,0,0,0,0,0,0,0.006747,0.0185136,0.364435
21280,UOX,691,5,175,18,12,132,51,22,6,109,77,89,59,5,20,2,1,8,1,2,1,8,7,9,0.00681492,0.0289029,0.235787
21290,UOX,642,5,147,19,10,138,54,21,10,83,75,85,0,0,0,0,0,0,0,0,0,0,0,0,0.00672211,0.0186996,0.359478
21300,UOX,701,7,179,29,10,127,48,29,4,115,71,89,0,0,0,0,0,0,0,0,0,0,0,0,0.00673968,0.0214513,0.314186
21310,UOX,701,6,148,20,12,140,65,30,6,106,89,85,0,0,0,0,0,0,0,0,0,0,0,0,0.00670592,0.0196114,0.341939
21320,UOX,601,5,137,19,10,124,53,22,8,81,62,85,0,0,0,0,0,0,0,0,0,0,0,0,0.00675404,0.0183503,0.368062
21330,UOX,611,7,150,8,8,107,55,26,3,85,79,90,0,0,0,0,0,0,0,0,0,0,0,0,0.00673191,0.0191028,0.352405
21340,UOX,688,6,158,21,15,135,57,39,4,103,77,79,0,0,0,0,0,0,0,0,0,0,0,0,0.00672284,0.0208488,0.322457
21350,UOX,811,7,194,23,7,148,86,27,4,119,89,114,0,0,0,0,0,0,0,0,0,0,0,0,0.00676692,0.0259693,0.260573
21360,UOX,707,5,176,13,16,140,66,27,7,105,81,76,0,0,0,0,0,0,0,0,0,0,0,0,0.00687145,0.017566,0.391178
21370,UOX,723,5,178,20,10,155,61,21,7,113,63,95,0,0,0,0,0,0,0,0,0,0,0,0,0.00678519,0.0199412,0.34026
21380,UOX,635,5,153,12,6,118,59,23,10,118,65,71,0,0,0,0,0,0,0,0,0,0,0,0,0.00672079,0.0172745,0.389058
21390,UOX,674,5,163,19,11,127,70,19,5,105,58,97,53,4,20,2,1,6,3,2,0,5,4,10,0.00678682,0.0275115,0.24669
21400,UOX,756,8,174,16,8,131,87,30,11,114,90,95,14,4,1,0,0,4,0,0,0,1,0,8,0.00682615,0.032969,0.207048
21410,UOX,691,9,168,22,11,141,48,20,8,92,72,109,0,0,0,0,0,0,0,0,0,0,0,0,0.00667321,0.0232782,0.286672
21420,UOX,631,4,136,16,13,116,72,20,3,99,82,74,0,0,0,0,0,0,0,0,0,0,0,0,0.00663135,0.0168728,0.393021
21430,UOX,666,5,149,10,16,130,57,29,5,102,80,88,0,0,0,0,0,0,0,0,0,0,0,0,0.00665795,0.0188388,0.353417
21440,UOX,739,5,185,20,16,136,76,24,9,118,69,86,128,5,38,3,1,15,13,5,2,15,14,22,0.00668644,0.0306348,0.218263
21450,UOX,608,5,126,17,8,129,61,19,5,97,65,81,76,6,16,0,0,15,5,2,2,5,13,18,0.00670133,0.0323879,0.206908
21460,UOX,646,5,167,10,18,114,60,36,6,92,66,77,0,0,0,0,0,0,0,0,0,0,0,0,0.00668502,0.01911,0.349818
21470,UOX,739,5,166,14,12,141,79,35,7,121,77,87,0,0,0,0,0,0,0,0,0,0,0,0,0.00685423,0.019057,0.35967
21480,UOX,687,5,167,19,7,112,60,28,10,111,64,109,184,7,55,3,3,29,13,6,1,18,15,41,0.0067229,0.0356485,0.188589
21490,UOX,695,5,150,19,15,137,69,27,3,109,72,94,154,7,34,2,4,29,11,5,0,20,13,36,0.00679444,0.0335356,0.202604
21500,UOX,652,8,160,20,10,109,49,14,4,115,72,99,0,0,0,0,0,0,0,0,0,0,0,0,0.00665117,0.0230901,0.288053
21510,UOX,694,6,156,22,9,150,72,25,6,111,68,75,32,4,6,0,0,3,1,0,0,3,4,15,0.00668268,0.0277588,0.240741
21520,UOX,656,5,172,14,13,105,67,30,4,98,81,72,27,5,3,0,1,5,1,0,0,1,4,12,0.00671783,0.027902,0.240765
21530,UOX,735,8,175,18,13,162,61,28,6,98,81,93,47,5,8,1,0,11,6,0,0,9,1,11,0.00676084,0.0289395,0.233619
21540,UOX,697,6,169,21,9,132,57,22,5,100,74,108,0,0,0,0,0,0,0,0,0,0,0,0,0.00675791,0.0205535,0.328796
21550,UOX,598,4,130,20,5,105,59,22,3,104,73,77,46,4,12,1,0,9,2,0,0,6,6,10,0.00664453,0.0311473,0.213326
21560,UOX,735,7,166,15,23,155,60,25,11,105,75,100,23,4,9,1,0,3,1,1,0,1,2,5,0.00683793,0.0304745,0.224382
21570,UOX,626,5,149,11,12,121,66,23,4,97,70,73,44,4,11,0,1,10,4,0,0,3,4,11,0.00681541,0.0257734,0.264435
21580,UOX,720,6,179,18,6,147,70,29,6,120,70,75,34,4,14,0,0,3,2,1,0,3,4,7,0.00679169,0.0267364,0.254024
21590,UOX,669,6,165,14,18,120,65,24,12,99,70,82,0,0,0,0,0,0,0,0,0,0,0,0,0.00669401,0.0201425,0.332332
21600,UOX,706,5,153,15,9,134,70,28,3,131,66,97,0,0,0,0,0,0,0,0,0,0,0,0,0.00669048,0.0207928,0.321769
21610,UOX,661,5,165,19,10,116,57,21,7,127,63,76,0,0,0,0,0,0,0,0,0,0,0,0,0.00676199,0.0177386,0.381201
21620,UOX,629,4,140,19,9,114,51,27,7,107,86,69,34,4,6,1,2,4,0,0,0,8,7,6,0.00673636,0.0250194,0.269246
21630,UOX,764,7,185,14,13,154,78,28,4,98,83,107,97,5,22,3,4,14,4,2,0,12,15,21,0.00681497,0.0351328,0.193977
21640,UOX,705,6,157,15,11,131,76,21,6,108,80,100,0,0,0,0,0,0,0,0,0,0,0,0,0.00677795,0.0206111,0.32885
21650,UOX,787,6,185,21,18,158,81,28,5,105,88,98,0,0,0,0,0,0,0,0,0,0,0,0,0.00698525,0.0216235,0.32304
21660,UOX,766,6,179,24,10,152,80,19,9,109,86,98,0,0,0,0,0,0,0,0,0,0,0,0,0.0068943,0.0211148,0.326515
21670,UOX,711,6,166,12,9,143,61,32,3,112,78,95,0,0,0,0,0,0,0,0,0,0,0,0,0.0068801,0.0186204,0.369493
21680,UOX,692,6,140,23,11,156,69,31,7,96,64,95,0,0,0,0,0,0,0,0,0,0,0,0,0.0068608,0.0206579,0.332115
21690,UOX,757,6,185,21,11,152,89,27,8,93,68,103,0,0,0,0,0,0,0,0,0,0,0,0,0.00684574,0.0217923,0.314135
21700,UOX,767,6,163,19,10,144,104,18,6,130,76,97,0,0,0,0,0,0,0,0,0,0,0,0,0.00689973,0.0219427,0.314443
21710,UOX,739,6,170,17,10,155,73,26,5,100,78,105,0,0,0,0,0,0,0,0,0,0,0,0,0.00669261,0.0216485,0.309149
21720,UOX,606,6,139,13,13,129,49,21,6,70,74,92,0,0,0,0,0,0,0,0,0,0,0,0,0.00667804,0.0192951,0.346101
21730,UOX,691,8,164,15,8,134,62,24,6,86,80,112,0,0,0,0,0,0,0,0,0,0,0,0,0.00675361,0.0215025,0.314084
21740,UOX,657,5,151,13,14,138,59,14,6,98,76,88,0,0,0,0,0,0,0,0,0,0,0,0,0.00669776,0.0190573,0.351455
21750,UOX,718,6,150,27,14,146,68,23,12,125,70,83,109,4,29,3,3,17,7,4,1,15,12,18,0.00672262,0.0352671,0.19062
21760,UOX,651,5,147,18,13,123,58,24,2,99,77,90,0,0,0,0,0,0,0,0,0,0,0,0,0.00684334,0.0178715,0.382919
21770,UOX,715,6,169,12,11,138,63,23,7,110,88,94,189,6,44,5,4,37,11,1,1,19,22,45,0.00671602,0.0377924,0.177708
21780,UOX,667,8,153,17,14,132,67,26,3,89,66,100,0,0,0,0,0,0,0,0,0,0,0,0,0.00673043,0.0210749,0.319358
21790,UOX,703,7,178,20,15,106,72,26,9,94,90,93,2,3,0,0,0,2,0,0,0,0,0,0,0.00670592,0.0285121,0.235196
21800,UOX,709,7,146,15,15,156,70,24,4,106,78,95,0,0,0,0,0,0,0,0,0,0,0,0,0.0067792,0.0216408,0.31326
21810,UOX,587,4,148,13,7,110,46,22,4,90,75,72,0,0,0,0,0,0,0,0,0,0,0,0,0.00679301,0.0161804,0.419829
21820,UOX,848,6,188,28,17,159,88,27,7,115,92,127,0,0,0,0,0,0,0,0,0,0,0,0,0.00681661,0.0224272,0.303944
21830,UOX,722,5,158,16,15,130,62,30,7,126,74,104,0,0,0,0,0,0,0,0,0,0,0,0,0.00681978,0.0184285,0.370068
21840,UOX,721,6,171,13,13,143,65,25,9,96,72,114,0,0,0,0,0,0,0,0,0,0,0,0,0.00681911,0.0199343,0.342079
21850,UOX,698,7,159,15,12,137,57,26,5,111,84,92,6,3,1,0,0,2,0,0,0,0,0,3,0.00684225,0.0326369,0.209647
21860,UOX,647,5,122,12,9,133,78,23,6,103,69,92,0,0,0,0,0,0,0,0,0,0,0,0,0.00677913,0.0175047,0.387274
21870,UOX,619,7,164,16,12,113,53,13,1,81,66,100,0,0,0,0,0,0,0,0,0,0,0,0,0.00679353,0.0204096,0.332859
21880,UOX,643,6,155,13,12,138,65,20,11,89,60,80,0,0,0,0,0,0,0,0,0,0,0,0,0.00675606,0.018966,0.356219
21890,UOX,715,5,151,21,14,137,79,24,4,109,89,87,59,6,15,1,2,15,4,0,0,6,9,7,0.00684444,0.0308764,0.221672
21900,UOX,707,6,172,30,9,140,49,24,4,110,78,91,0,0,0,0,0,0,0,0,0,0,0,0,0.00687617,0.0211606,0.324951
21910,UOX,654,6,159,25,9,110,70,31,8,109,67,66,0,0,0,0,0,0,0,0,0,0,0,0,0.00673491,0.0183563,0.366898
21920,UOX,650,5,144,14,8,130,34,23,4,112,77,104,108,5,27,5,0,14,6,0,1,16,13,26,0.00664191,0.031545,0.210553
21930,UOX,597,5,155,18,9,118,56,19,8,95,61,58,0,0,0,0,0,0,0,0,0,0,0,0,0.00663432,0.0168715,0.393226
21940,UOX,632,5,122,14,13,114,60,24,5,118,61,101,0,0,0,0,0,0,0,0,0,0,0,0,0.00663006,0.0184352,0.359641
21950,UOX,710,7,146,16,11,138,61,24,4,127,75,108,0,0,0,0,0,0,0,0,0,0,0,0,0.00685995,0.0226171,0.303308
21960,UOX,791,10,158,9,16,174,66,29,7,121,84,127,0,0,0,0,0,0,0,0,0,0,0,0,0.00672694,0.0259436,0.25929
21970,UOX,657,4,161,19,11,112,72,25,4,107,58,88,0,0,0,0,0,0,0,0,0,0,0,0,0.00671773,0.0174948,0.383985
21980,UOX,712,5,171,20,11,138,70,23,10,128,73,68,32,4,8,0,0,5,3,0,0,2,6,8,0.00685265,0.0267143,0.256516
21990,UOX,672,8,163,12,11,144,62,20,5,112,52,91,0,0,0,0,0,0,0,0,0,0,0,0,0.00672847,0.0204871,0.328425
22000,UOX,716,5,167,16,10,142,70,29,5,114,80,83,0,0,0,0,0,0,0,0,0,0,0,0,0.00678764,0.0201572,0.336735
22010,UOX,690,6,147,16,15,142,63,30,3,100,87,87,0,0,0,0,0,0,0,0,0,0,0,0,0.00670197,0.0187521,0.357398
22020,UOX,745,6,175,17,29,157,79,19,8,91,71,99,0,0,0,0,0,0,0,0,0,0,0,0,0.00668522,0.0217095,0.307939
22030,UOX,697,6,167,21,9,117,65,25,10,105,92,86,0,0,0,0,0,0,0,0,0,0,0,0,0.00670004,0.0190014,0.352607
22040,UOX,693,5,148,12,13,160,61,27,4,115,63,90,0,0,0,0,0,0,0,0,0,0,0,0,0.00665726,0.0182421,0.36494
22050,UOX,764,5,167,31,18,158,64,28,7,125,80,86,0,0,0,0,0,0,0,0,0,0,0,0,0.00689658,0.0209609,0.329022
22060,UOX,680,6,166,20,10,137,63,23,4,102,74,81,40,5,12,0,1,7,3,1,1,8,3,4,0.00667083,0.0285567,0.233599
22070,UOX,703,9,162,29,13,139,67,24,7,89,71,102,163,6,43,7,2,21,12,1,2,15,18,42,0.00675237,0.0402342,0.167827
22080,UOX,660,6,158,14,12,109,62,29,4,114,72,86,0,0,0,0,0,0,0,0,0,0,0,0,0.00664512,0.0190592,0.348657
22090,UOX,649,5,170,20,11,118,69,24,6,93,64,74,65,5,16,0,0,13,7,2,0,8,10,9,0.00678082,0.0258066,0.262755
22100,UOX,770,6,174,14,14,141,72,17,7,139,88,104,58,5,18,1,2,7,4,1,0,6,2,17,0.00679994,0.0353955,0.192113
22110,UOX,709,6,170,18,7,124,77,23,8,125,73,84,21,4,5,1,0,3,1,0,0,7,0,4,0.00665369,0.0272542,0.244134
22120,UOX,612,5,153,13,9,112,60,32,3,95,55,80,41,5,6,0,0,7,1,3,0,4,3,17,0.00673883,0.0276889,0.243377
22130,UOX,711,6,153,22,17,129,73,44,9,111,76,77,78,5,21,4,1,13,6,4,1,7,7,14,0.00676397,0.0289401,0.233723
22140,UOX,681,5,173,19,7,123,53,23,8,116,77,82,0,0,0,0,0,0,0,0,0,0,0,0,0.00685718,0.018229,0.376169
22150,UOX,659,7,158,17,16,123,68,18,4,95,83,77,0,0,0,0,0,0,0,0,0,0,0,0,0.00670167,0.0206392,0.324705
22160,UOX,598,5,163,12,10,110,58,23,3,80,68,71,0,0,0,0,0,0,0,0,0,0,0,0,0.00677454,0.0174333,0.388598
22170,UOX,739,7,172,17,11,140,77,26,7,110,88,91,0,0,0,0,0,0,0,0,0,0,0,0,0.00672473,0.020521,0.3277
22180,UOX,677,7,152,16,16,117,72,19,7,116,80,82,35,4,9,1,1,1,2,1,0,10,5,5,0.00671187,0.0288246,0.232852
22190,UOX,705,9,177,15,14,128,74,26,5,97,66,103,144,6,40,4,2,21,7,4,1,21,12,32,0.00671488,0.0387898,0.173109
22200,UOX,702,4,161,13,7,133,82,32,8,108,81,77,0,0,0,0,0,0,0,0,0,0,0,0,0.00670763,0.0192581,0.348301
22210,UOX,692,5,176,21,15,124,67,20,7,113,71,78,67,4,16,3,2,11,7,1,1,5,7,14,0.00669605,0.0280416,0.238789
22220,UOX,654,4,165,18,12,111,57,26,5,107,69,84,0,0,0,0,0,0,0,0,0,0,0,0,0.00672036,0.0173695,0.386906
22230,UOX,675,5,150,18,14,120,63,36,5,106,76,87,0,0,0,0,0,0,0,0,0,0,0,0,0.00683222,0.0176714,0.386625
22240,UOX,565,4,138,14,10,115,50,20,4,83,65,66,38,6,4,0,3,2,5,0,0,3,6,15,0.00666976,0.0264954,0.251733
22250,UOX,701,5,177,23,12,130,59,20,12,86,83,99,128,7,29,4,1,20,5,5,0,20,6,38,0.00674691,0.0393255,0.171566
22260,UOX,670,6,160,17,19,129,64,19,7,106,71,78,112,7,28,4,4,12,7,2,1,15,18,21,0.0067029,0.0341382,0.196346
22270,UOX,667,5,172,15,16,123,60,19,7,94,80,81,42,4,12,2,1,7,2,0,1,3,6,8,0.00672448,0.025951,0.259122
22280,UOX,634,6,133,15,8,134,56,23,6,103,62,94,0,0,0,0,0,0,0,0,0,0,0,0,0.00676689,0.0199937,0.338451
22290,UOX,751,6,174,25,10,163,88,24,6,102,71,88,0,0,0,0,0,0,0,0,0,0,0,0,0.00667981,0.0204,0.327441
22300,UOX,606,6,139,14,14,124,60,13,6,95,65,76,151,4,38,4,3,18,12,4,0,23,16,33,0.00678683,0.0356058,0.19061
22310,UOX,683,5,155,21,14,141,72,25,5,94,66,90,0,0,0,0,0,0,0,0,0,0,0,0,0.00678238,0.0185725,0.365184
22320,UOX,851,6,217,16,9,162,87,27,5,121,94,113,100,5,40,4,1,9,1,1,1,18,11,14,0.00669194,0.0319518,0.209438
22330,UOX,654,6,160,16,11,133,48,25,5,79,76,101,0,0,0,0,0,0,0,0,0,0,0,0,0.00674119,0.0201747,0.33414
22340,UOX,765,6,168,27,12,160,64,18,9,104,87,116,27,5,7,0,0,3,0,1,0,6,2,8,0.00671327,0.0307047,0.218639
22350,UOX,738,7,174,22,16,120,71,32,5,118,66,114,0,0,0,0,0,0,0,0,0,0,0,0,0.00672383,0.024518,0.274241
22360,UOX,708,6,173,18,14,140,74,33,4,87,64,101,0,0,0,0,0,0,0,0,0,0,0,0,0.00674984,0.0214118,0.31524
22370,UOX,738,5,170,14,17,127,68,22,8,116,83,113,57,5,15,1,1,9,4,1,0,6,2,18,0.00682436,0.0309395,0.220571
22380,UOX,665,4,151,17,10,128,67,25,5,114,69,79,0,0,0,0,0,0,0,0,0,0,0,0,0.00685289,0.0163664,0.418717
22390,UOX,658,4,145,20,15,135,55,28,9,92,65,94,0,0,0,0,0,0,0,0,0,0,0,0,0.00668999,0.0174284,0.383857
22400,UOX,795,9,178,19,18,149,68,38,5,117,83,120,45,6,9,1,1,9,2,0,0,4,7,12,0.0067927,0.0365041,0.186081
22410,UOX,689,5,147,19,15,140,53,29,4,126,69,87,0,0,0,0,0,0,0,0,0,0,0,0,0.00684317,0.0186723,0.366487
22420,UOX,719,6,155,21,9,135,72,30,6,117,80,94,38,4,12,1,0,5,2,1,0,3,2,12,0.00666598,0.0304048,0.219241
22430,UOX,733,7,145,14,7,144,70,33,4,127,77,112,0,0,0,0,0,0,0,0,0,0,0,0,0.00681129,0.021965,0.310098
22440,UOX,731,5,158,30,9,155,67,28,5,105,82,92,8,3,3,2,0,0,0,1,0,0,0,2,0.00665416,0.0260362,0.255574
22450,UOX,858,7,198,18,17,164,77,27,9,126,98,124,0,0,0,0,0,0,0,0,0,0,0,0,0.00670077,0.0247791,0.27042
22460,UOX,721,5,180,18,10,147,74,19,5,121,73,74,23,4,5,0,0,2,1,0,1,4,1,9,0.00678316,0.0260581,0.260309
22470,UOX,674,6,155,11,9,143,61,23,8,102,87,75,83,5,21,0,1,19,6,4,0,8,7,17,0.00685064,0.0301345,0.227336
22480,UOX,676,6,165,11,10,127,60,25,8,98,81,91,0,0,0,0,0,0,0,0,0,0,0,0,0.00680184,0.0198873,0.34202
22490,UOX,668,6,141,17,18,143,51,29,4,98,66,101,0,0,0,0,0,0,0,0,0,0,0,0,0.00669118,0.0198795,0.336586
22500,UOX,781,7,133,21,15,151,87,30,9,138,89,108,0,0,0,0,0,0,0,0,0,0,0,0,0.00674771,0.0239379,0.281884
22510,UOX,720,6,178,18,15,148,62,23,4,111,79,82,0,0,0,0,0,0,0,0,0,0,0,0,0.0067869,0.0202181,0.335684
22520,UOX,656,5,136,17,10,124,72,24,6,98,77,92,55,4,14,0,0,10,4,0,0,6,6,15,0.00672823,0.0293973,0.228872
22530,UOX,688,5,166,19,12,139,69,22,9,99,75,78,61,7,16,1,0,8,3,5,0,3,7,18,0.00692097,0.0288284,0.240075
22540,UOX,751,6,189,17,14,134,82,27,7,110,63,108,0,0,0,0,0,0,0,0,0,0,0,0,0.00664631,0.0215979,0.30773
22550,UOX,714,5,175,16,9,138,63,25,9,94,85,100,0,0,0,0,0,0,0,0,0,0,0,0,0.00683192,0.0209555,0.326021
22560,UOX,682,5,133,20,18,125,76,23,9,104,86,88,0,0,0,0,0,0,0,0,0,0,0,0,0.00669732,0.0189677,0.353091
22570,UOX,617,6,152,15,10,117,60,27,6,76,76,78,0,0,0,0,0,0,0,0,0,0,0,0,0.00676129,0.019703,0.343161
22580,UOX,714,6,166,23,12,142,71,27,6,98,75,94,9,4,3,0,0,3,1,0,0,0,1,1,0.00673523,0.0262806,0.256282
22590,UOX,723,6,197,15,11,127,74,19,6,104,85,85,0,0,0,0,0,0,0,0,0,0,0,0,0.00690636,0.0196246,0.351923
22600,UOX,688,6,142,17,12,147,70,21,3,109,79,88,73,6,21,3,0,10,2,7,0,5,8,17,0.00678295,0.0359933,0.18845
22610,UOX,670,7,145,26,11,128,66,25,5,105,68,91,0,0,0,0,0,0,0,0,0,0,0,0,0.00685429,0.0206439,0.332025
22620,UOX,678,6,135,13,11,132,62,36,4,95,81,109,0,0,0,0,0,0,0,0,0,0,0,0,0.00664538,0.0217044,0.306177
22630,UOX,624,5,139,14,10,110,63,30,5,103,79,71,28,5,9,0,2,4,2,0,0,0,2,9,0.00669709,0.0257588,0.259992
22640,UOX,705,6,161,12,11,147,54,20,7,123,91,79,22,5,2,1,1,1,0,1,0,2,0,14,0.00694693,0.0279584,0.248474
22650,UOX,710,6,178,29,14,119,65,24,6,96,77,102,99,4,31,0,2,11,7,2,0,10,11,25,0.00674879,0.0362907,0.185965
22660,UOX,718,6,151,10,10,140,60,22,6,120,92,107,0,0,0,0,0,0,0,0,0,0,0,0,0.00676671,0.0207579,0.325982
22670,UOX,738,5,175,23,12,166,61,17,7,104,80,93,0,0,0,0,0,0,0,0,0,0,0,0,0.00671596,0.0186936,0.359266
22680,UOX,755,7,180,24,11,134,73,31,9,103,93,97,0,0,0,0,0,0,0,0,0,0,0,0,0.0067788,0.0206226,0.328706
22690,UOX,722,7,164,23,18,140,50,23,7,114,93,90,0,0,0,0,0,0,0,0,0,0,0,0,0.00697667,0.0211454,0.329938
22700,UOX,779,5,156,26,12,159,73,21,10,109,90,123,0,0,0,0,0,0,0,0,0,0,0,0,0.00708508,0.0216202,0.327706
22710,UOX,691,5,158,12,10,160,55,20,7,100,78,91,0,0,0,0,0,0,0,0,0,0,0,0,0.00676444,0.0191738,0.352796
22720,UOX,619,6,139,21,9,102,65,26,3,111,86,57,0,0,0,0,0,0,0,0,0,0,0,0,0.00681258,0.0165333,0.412053
22730,UOX,740,6,185,24,10,155,62,29,6,109,68,92,48,5,16,1,1,7,5,1,0,3,5,9,0.00675977,0.0300778,0.224743
22740,UOX,677,6,144,16,11,132,65,28,7,89,95,90,0,0,0,0,0,0,0,0,0,0,0,0,0.00676677,0.0215711,0.313696
22750,UOX,782,6,203,19,12,144,60,31,6,119,95,93,0,0,0,0,0,0,0,0,0,0,0,0,0.00676374,0.0226235,0.29897
22760,UOX,718,5,186,21,13,144,74,26,4,95,80,75,55,7,16,1,3,4,4,1,1,8,6,11,0.00670333,0.0284915,0.235274
22770,UOX,667,5,167,16,12,125,68,23,1,88,80,87,0,0,0,0,0,0,0,0,0,0,0,0,0.00690069,0.0176381,0.391237
22780,UOX,569,4,135,13,4,108,47,14,11,98,67,72,0,0,0,0,0,0,0,0,0,0,0,0,0.00673799,0.0157848,0.426865
22790,UOX,668,5,156,13,5,123,69,22,4,100,90,86,0,0,0,0,0,0,0,0,0,0,0,0,0.00673714,0.0177405,0.37976
22800,UOX,678,7,172,7,16,133,61,23,4,95,77,90,29,4,10,2,2,5,1,0,0,2,2,5,0.00687187,0.0342943,0.200379
22810,UOX,648,5,168,22,17,109,69,30,6,82,66,79,96,7,28,3,2,11,6,3,2,13,8,20,0.00671694,0.030871,0.217581
22820,UOX,679,7,159,12,10,127,63,21,10,111,78,88,0,0,0,0,0,0,0,0,0,0,0,0,0.00672537,0.0204271,0.329238
22830,UOX,660,8,177,24,11,112,55,31,7,94,78,71,73,8,27,1,0,8,6,1,0,9,7,14,0.00674464,0.0331581,0.203409
22840,UOX,727,5,184,16,18,140,67,20,11,87,82,102,0,0,0,0,0,0,0,0,0,0,0,0,0.00672372,0.0195858,0.343295
22850,UOX,611,4,154,23,9,128,49,24,7,93,56,68,100,6,29,5,2,12,9,1,0,14,5,23,0.00681481,0.0333113,0.204579
22860,UOX,627,6,166,9,8,123,46,18,13,97,68,79,0,0,0,0,0,0,0,0,0,0,0,0,0.00680314,0.0180507,0.376891
22870,UOX,774,6,156,19,15,134,80,31,10,94,103,132,0,0,0,0,0,0,0,0,0,0,0,0,0.00673678,0.0215213,0.313029
22880,UOX,713,7,191,15,7,129,53,23,6,109,65,115,0,0,0,0,0,0,0,0,0,0,0,0,0.00679628,0.0209621,0.324218
22890,UOX,674,5,168,19,8,135,47,20,9,111,69,88,0,0,0,0,0,0,0,0,0,0,0,0,0.00676913,0.0187741,0.360556
22900,UOX,656,6,164,20,14,117,57,20,3,101,83,77,65,5,17,1,0,12,4,1,1,8,11,10,0.00677521,0.0347004,0.195249
22910,UOX,686,5,152,14,14,146,58,24,7,95,77,99,0,0,0,0,0,0,0,0,0,0,0,0,0.0067022,0.0190082,0.352595
22920,UOX,752,6,182,11,12,137,69,32,5,118,82,104,0,0,0,0,0,0,0,0,0,0,0,0,0.00678962,0.0209077,0.324742
22930,UOX,660,6,140,21,9,151,62,31,3,94,60,89,0,0,0,0,0,0,0,0,0,0,0,0,0.00678108,0.0202244,0.335292
22940,UOX,647,7,168,12,14,110,64,26,6,100,75,72,33,4,7,0,0,6,2,1,0,5,3,9,0.00666462,0.0286387,0.232713
22950,UOX,759,6,153,16,12,155,82,29,8,106,81,117,126,5,36,0,1,21,14,6,0,14,11,23,0.00676582,0.0360148,0.187862
22960,UOX,710,5,173,17,15,146,75,17,4,91,74,98,0,0,0,0,0,0,0,0,0,0,0,0,0.0068443,0.019126,0.357854
22970,UOX,721,6,155,20,15,135,58,33,11,117,97,80,114,4,33,9,1,18,2,3,3,13,12,20,0.00684941,0.0300039,0.228284
22980,UOX,615,6,141,18,9,131,55,18,5,99,69,70,0,0,0,0,0,0,0,0,0,0,0,0,0.0067239,0.0180662,0.372181
22990,UOX,659,5,164,14,7,150,54,20,8,84,69,89,0,0,0,0,0,0,0,0,0,0,0,0,0.00678662,0.0183857,0.369124
23000,UOX,658,4,154,16,11,130,71,28,7,112,68,61,0,0,0,0,0,0,0,0,0,0,0,0,0.00680339,0.0182425,0.372941
23010,UOX,681,5,177,14,14,145,66,27,8,103,58,69,78,4,27,0,2,11,5,0,0,7,7,19,0.00674768,0.0284824,0.236907
23020,UOX,751,6,160,16,9,156,62,22,8,114,87,117,11,3,2,1,0,1,2,1,0,2,1,1,0.00672728,0.0274038,0.245487
23030,UOX,738,6,191,13,14,156,69,29,3,95,83,85,0,0,0,0,0,0,0,0,0,0,0,0,0.00681349,0.0186985,0.364386
23040,UOX,723,6,162,26,16,130,60,22,11,107,84,105,177,5,46,4,3,24,11,6,1,18,26,38,0.00665916,0.0347308,0.191736
23050,UOX,755,6,187,17,11,143,68,27,5,107,94,96,0,0,0,0,0,0,0,0,0,0,0,0,0.00680584,0.0220531,0.308611
23060,UOX,718,6,173,20,18,138,61,33,7,108,82,78,0,0,0,0,0,0,0,0,0,0,0,0,0.00675798,0.0183641,0.367998
23070,UOX,741,5,168,22,10,146,77,27,6,116,80,89,0,0,0,0,0,0,0,0,0,0,0,0,0.00665088,0.0192471,0.345552
23080,UOX,737,5,186,11,14,138,71,28,5,102,64,118,0,0,0,0,0,0,0,0,0,0,0,0,0.00671769,0.0191612,0.350588
23090,UOX,684,5,155,19,11,131,66,27,4,108,84,79,14,3,5,0,1,3,2,0,0,2,0,1,0.00673904,0.024193,0.278554
23100,UOX,659,6,145,7,17,127,62,18,5,106,70,102,102,6,33,6,1,20,6,4,0,13,7,12,0.00654464,0.0391244,0.167278
23110,UOX,682,6,172,19,13,136,49,36,9,106,71,71,0,0,0,0,0,0,0,0,0,0,0,0,0.00678896,0.0181206,0.374653
23120,UOX,745,5,182,10,10,160,74,30,3,119,66,91,0,0,0,0,0,0,0,0,0,0,0,0,0.00677716,0.0182238,0.371885
23130,UOX,753,7,173,24,10,144,85,19,5,108,80,105,0,0,0,0,0,0,0,0,0,0,0,0,0.00664843,0.0213724,0.311075
23140,UOX,672,5,158,26,10,124,60,22,5,109,79,79,0,0,0,0,0,0,0,0,0,0,0,0,0.00672298,0.0190449,0.353007
23150,UOX,599,5,139,13,10,103,70,31,10,92,58,73,0,0,0,0,0,0,0,0,0,0,0,0,0.00671611,0.0203939,0.32932
23160,UOX,718,8,150,15,9,164,64,39,7,94,83,93,12,3,2,0,0,5,1,0,0,0,0,4,0.00664001,0.0298938,0.22212
23170,UOX,681,5,151,22,12,123,55,22,6,123,72,95,0,0,0,0,0,0,0,0,0,0,0,0,0.00663955,0.0185352,0.358213
23180,UOX,705,6,163,14,10,134,58,22,6,119,74,105,73,5,18,1,1,11,0,1,0,7,12,22,0.00681373,0.0309307,0.22029
23190,UOX,629,6,137,17,16,111,65,26,8,99,60,90,0,0,0,0,0,0,0,0,0,0,0,0,0.00666413,0.0201294,0.331064
23200,UOX,687,8,163,17,14,123,57,20,5,102,84,102,0,0,0,0,0,0,0,0,0,0,0,0,0.00675095,0.0228847,0.294999
23210,UOX,648,5,152,16,18,125,65,21,6,84,73,88,0,0,0,0,0,0,0,0,0,0,0,0,0.00664139,0.0186689,0.355747
23220,UOX,678,6,164,20,9,156,55,14,7,88,69,96,0,0,0,0,0,0,0,0,0,0,0,0,0.00674094,0.0204461,0.329692
23230,UOX,673,6,160,17,6,117,70,28,3,109,78,85,0,0,0,0,0,0,0,0,0,0,0,0,0.00674594,0.0185481,0.363699
23240,UOX,709,8,160,19,22,135,60,20,5,102,75,111,0,0,0,0,0,0,0,0,0,0,0,0,0.00674265,0.0219275,0.307497
23250,UOX,677,5,176,10,12,132,68,26,7,105,50,91,0,0,0,0,0,0,0,0,0,0,0,0,0.00669684,0.021229,0.315458
23260,UOX,693,5,170,13,14,137,75,22,10,110,66,76,0,0,0,0,0,0,0,0,0,0,0,0,0.00671376,0.0179071,0.374921
23270,UOX,715,9,165,17,11,125,66,30,6,97,83,115,0,0,0,0,0,0,0,0,0,0,0,0,0.00680741,0.0238642,0.285256
23280,UOX,664,5,164,18,7,126,56,24,5,98,78,88,67,4,14,1,2,15,5,2,0,9,7,12,0.00667033,0.0280707,0.237626
23290,UOX,756,6,169,22,6,136,77,32,5,133,79,97,1,3,0,0,0,0,1,0,0,0,0,0,0.00674235,0.025147,0.268117
23300,UOX,678,6,149,18,14,130,63,27,8,100,96,73,69,5,17,4,0,15,7,1,0,5,6,14,0.00669061,0.0334608,0.199954
23310,UOX,744,5,151,19,19,153,73,31,5,112,88,93,0,0,0,0,0,0,0,0,0,0,0,0,0.00677672,0.019131,0.354227
23320,UOX,719,6,161,21,9,146,60,32,2,104,88,96,0,0,0,0,0,0,0,0,0,0,0,0,0.00670606,0.0201854,0.332223
23330,UOX,702,5,157,20,12,139,63,26,7,109,79,90,38,4,8,3,1,6,1,0,0,6,8,5,0.0067873,0.0261987,0.25907
23340,UOX,747,5,164,14,16,149,70,32,13,117,84,88,0,0,0,0,0,0,0,0,0,0,0,0,0.00678027,0.0192323,0.352546
23350,UOX,746,6,176,22,17,137,73,25,8,99,91,98,0,0,0,0,0,0,0,0,0,0,0,0,0.00673088,0.0220143,0.30575
23360,UOX,760,6,170,21,11,147,73,22,7,112,96,101,0,0,0,0,0,0,0,0,0,0,0,0,0.00665558,0.0208375,0.319404
23370,UOX,780,6,190,23,14,161,63,28,6,110,87,98,0,0,0,0,0,0,0,0,0,0,0,0,0.00683632,0.0193963,0.352455
23380,UOX,713,6,162,20,8,133,63,24,12,102,90,99,0,0,0,0,0,0,0,0,0,0,0,0,0.00672809,0.0215209,0.312631
23390,UOX,691,5,150,21,10,125,61,33,3,120,77,91,0,0,0,0,0,0,0,0,0,0,0,0,0.00666811,0.0196088,0.340057
23400,UOX,704,5,164,17,19,130,77,25,4,114,79,75,0,0,0,0,0,0,0,0,0,0,0,0,0.00681311,0.019533,0.348799
23410,UOX,620,5,145,23,8,122,55,19,5,103,67,73,55,5,10,1,1,8,4,0,1,15,5,10,0.00679162,0.0280631,0.242012
23420,UOX,672,7,144,18,14,135,73,19,10,99,69,91,0,0,0,0,0,0,0,0,0,0,0,0,0.00667595,0.0215502,0.309786
23430,UOX,740,6,173,15,7,141,60,34,12,118,71,109,26,4,4,1,0,10,2,1,0,1,1,6,0.0067737,0.0303771,0.222987
23440,UOX,656,5,168,23,9,108,64,25,5,92,70,92,92,5,20,5,0,17,8,3,0,11,9,19,0.00663759,0.0302467,0.219449
23450,UOX,800,6,217,15,11,165,58,35,10,99,66,124,128,6,40,7,3,17,6,8,1,12,13,21,0.00677701,0.0387308,0.174977
23460,UOX,669,7,170,12,4,125,62,20,6,97,87,86,0,0,0,0,0,0,0,0,0,0,0,0,0.00678553,0.0194322,0.349189
23470,UOX,609,6,142,15,12,141,55,16,3,84,68,73,6,3,2,0,0,1,0,0,0,2,0,1,0.00669589,0.024809,0.269897
23480,UOX,749,6,161,21,21,155,68,27,6,113,81,96,0,0,0,0,0,0,0,0,0,0,0,0,0.00679633,0.0203503,0.333967
23490,UOX,770,8,166,19,11,146,84,25,8,119,69,123,48,5,14,1,2,2,1,1,0,8,4,15,0.00684655,0.0352316,0.19433
23500,UOX,710,6,196,14,12,117,67,24,5,98,74,103,0,0,0,0,0,0,0,0,0,0,0,0,0.00673757,0.0224188,0.300532
23510,UOX,680,5,159,17,14,138,66,35,9,93,58,91,0,0,0,0,0,0,0,0,0,0,0,0,0.00678827,0.0196677,0.345148
23520,UOX,790,7,194,27,17,141,53,18,5,130,80,125,61,5,12,2,1,6,2,1,0,11,3,23,0.0066929,0.0346161,0.193347
23530,UOX,661,7,136,17,12,129,69,23,8,86,74,107,32,5,5,0,1,2,5,0,0,3,3,13,0.00670203,0.0299275,0.223942
23540,UOX,706,8,134,14,10,143,58,27,8,125,81,106,22,5,7,2,0,2,3,0,0,4,1,3,0.00675115,0.0312788,0.215838
23550,UOX,658,5,171,15,12,114,64,22,5,90,83,82,0,0,0,0,0,0,0,0,0,0,0,0,0.00668483,0.0206811,0.323234
23560,UOX,631,5,165,15,12,130,51,21,6,83,65,83,0,0,0,0,0,0,0,0,0,0,0,0,0.00673148,0.0179765,0.37446
23570,UOX,703,8,137,18,18,129,67,30,3,105,96,100,0,0,0,0,0,0,0,0,0,0,0,0,0.00660992,0.0214287,0.308461
23580,UOX,681,5,173,15,14,123,55,24,7,108,80,82,0,0,0,0,0,0,0,0,0,0,0,0,0.00674845,0.0182877,0.369015
23590,UOX,671,6,157,21,13,118,73,30,7,93,78,81,0,0,0,0,0,0,0,0,0,0,0,0,0.0067393,0.0196989,0.342115
23600,UOX,715,6,161,16,9,151,61,28,6,104,89,90,0,0,0,0,0,0,0,0,0,0,0,0,0.00686197,0.023552,0.291354
23610,UOX,720,6,166,20,12,133,78,20,6,120,67,98,0,0,0,0,0,0,0,0,0,0,0,0,0.00679864,0.0204075,0.333144
23620,UOX,741,5,163,14,12,162,80,24,5,109,72,100,66,8,19,1,2,8,2,2,1,8,5,18,0.0068036,0.0313246,0.217196
23630,UOX,654,6,146,13,12,120,60,19,3,114,80,87,5,3,1,0,0,1,1,0,0,1,0,1,0.00669718,0.0268515,0.249416
23640,UOX,732,5,171,16,10,154,68,26,9,93,62,123,23,5,7,0,0,3,2,1,0,1,1,8,0.00678787,0.0295281,0.229878
23650,UOX,717,6,170,20,14,129,75,31,10,123,73,72,0,0,0,0,0,0,0,0,0,0,0,0,0.00667224,0.0212945,0.313331
23660,UOX,672,4,156,18,11,121,65,30,5,105,66,95,0,0,0,0,0,0,0,0,0,0,0,0,0.00667272,0.0188816,0.353398
23670,UOX,690,10,142,13,13,127,65,26,11,131,73,89,61,5,14,0,1,9,2,0,1,3,10,21,0.00674186,0.032971,0.204478
23680,UOX,598,4,148,13,8,132,44,17,6,75,69,86,0,0,0,0,0,0,0,0,0,0,0,0,0.00681021,0.0174698,0.389828
23690,UOX,714,7,170,13,7,128,77,21,8,119,77,94,0,0,0,0,0,0,0,0,0,0,0,0,0.00675664,0.0206437,0.327297
23700,UOX,670,8,173,11,11,120,57,33,10,105,73,77,0,0,0,0,0,0,0,0,0,0,0,0,0.00671106,0.0240606,0.278923
23710,UOX,706,7,165,21,14,136,66,25,7,96,76,100,0,0,0,0,0,0,0,0,0,0,0,0,0.0067668,0.0206791,0.327229
23720,UOX,725,7,177,12,13,134,84,30,6,106,80,83,55,4,19,0,1,5,7,1,0,8,6,8,0.00670992,0.0301927,0.222236
23730,UOX,693,5,152,21,16,138,75,16,6,99,80,90,0,0,0,0,0,0,0,0,0,0,0,0,0.00686753,0.0186588,0.368058
23740,UOX,685,5,195,12,8,129,62,20,7,91,77,84,29,5,11,0,0,3,0,1,0,1,6,7,0.00680503,0.0255259,0.266593
23750,UOX,704,7,163,20,12,144,66,30,8,100,84,77,0,0,0,0,0,0,0,0,0,0,0,0,0.00668932,0.0212571,0.314686
23760,UOX,633,6,150,16,13,115,55,30,9,88,61,96,74,5,22,1,4,8,7,0,1,3,8,20,0.00669424,0.0307498,0.217701
23770,UOX,705,6,156,17,16,155,67,39,4,114,63,74,87,4,26,1,2,10,7,1,2,19,4,15,0.00672036,0.0291915,0.230216
23780,UOX,694,5,163,22,13,136,71,17,6,119,72,75,158,5,53,4,2,21,9,3,2,27,16,21,0.00670725,0.0312731,0.214474
23790,UOX,668,5,140,11,18,130,55,23,7,106,91,87,0,0,0,0,0,0,0,0,0,0,0,0,0.00668216,0.0185321,0.360573
23800,UOX,711,5,182,14,9,134,65,29,4,115,77,82,32,3,3,1,1,6,4,1,0,3,4,9,0.00678478,0.0321616,0.210959
23810,UOX,612,4,146,14,9,118,59,23,3,93,70,77,132,5,46,3,4,18,1,5,2,18,15,20,0.00677641,0.0285556,0.237306
23820,UOX,672,5,176,22,11,129,55,27,10,92,71,79,0,0,0,0,0,0,0,0,0,0,0,0,0.00673625,0.0179289,0.375719
23830,UOX,651,6,150,18,13,116,59,28,8,94,73,92,118,7,41,2,2,8,10,6,1,15,14,19,0.00685062,0.0328113,0.208789
23840,UOX,623,6,147,15,6,125,75,21,6,88,72,68,0,0,0,0,0,0,0,0,0,0,0,0,0.00682534,0.0197646,0.345331
23850,UOX,722,8,174,19,17,132,54,31,7,115,64,109,0,0,0,0,0,0,0,0,0,0,0,0,0.00673061,0.0244547,0.275228
23860,UOX,643,5,161,16,19,132,48,31,2,103,60,71,0,0,0,0,0,0,0,0,0,0,0,0,0.00667527,0.0171042,0.39027
23870,UOX,751,6,157,20,13,150,85,29,6,104,94,93,138,6,45,1,5,26,11,1,1,18,12,18,0.00670273,0.0344032,0.194828
23880,UOX,659,5,157,14,12,128,64,19,8,96,78,83,5,3,2,0,0,3,0,0,0,0,0,0,0.00676095,0.0250541,0.269854
23890,UOX,755,6,181,15,14,147,73,22,8,98,82,115,66,6,13,0,2,8,4,2,1,7,12,17,0.00662803,0.0326689,0.202885
23900,UOX,679,7,162,17,10,131,51,20,5,103,92,88,0,0,0,0,0,0,0,0,0,0,0,0,0.006653,0.0225903,0.294507
23910,UOX,703,7,173,14,13,138,69,22,7,96,70,101,65,6,16,0,0,11,3,2,1,6,5,21,0.00678649,0.0331361,0.204806
23920,UOX,666,5,168,17,15,132,72,22,6,102,57,75,0,0,0,0,0,0,0,0,0,0,0,0,0.006803,0.0164682,0.413099
23930,UOX,731,5,189,19,19,150,72,29,3,100,81,69,0,0,0,0,0,0,0,0,0,0,0,0,0.00675388,0.0185548,0.363996
23940,UOX,665,6,163,14,13,147,63,18,5,83,71,88,46,5,16,0,0,8,4,1,0,3,4,10,0.00672816,0.0284384,0.236587
23950,UOX,691,7,177,21,16,134,61,11,8,105,58,100,46,5,10,2,1,8,4,0,0,2,3,16,0.00664673,0.0353853,0.187839
23960,UOX,693,7,148,24,11,140,72,19,9,100,74,96,0,0,0,0,0,0,0,0,0,0,0,0,0.00677483,0.0206957,0.327353
23970,UOX,646,5,150,12,10,127,59,34,5,90,80,79,63,6,18,2,0,10,3,1,2,10,7,10,0.00675203,0.0282596,0.238928
23980,UOX,643,6,145,15,12,131,70,19,6,96,61,88,0,0,0,0,0,0,0,0,0,0,0,0,0.00696638,0.0188521,0.369528
23990,UOX,652,5,166,17,17,146,64,19,5,81,52,85,0,0,0,0,0,0,0,0,0,0,0,0,0.00676762,0.0179375,0.377288
24000,UOX,688,5,162,15,9,128,68,27,6,110,81,82,0,0,0,0,0,0,0,0,0,0,0,0,0.00672924,0.0212423,0.316785
24010,UOX,764,6,191,31,13,118,67,38,5,98,101,102,0,0,0,0,0,0,0,0,0,0,0,0,0.00676547,0.0209675,0.322665
24020,UOX,669,7,151,18,12,150,55,24,9,91,68,91,44,5,9,1,0,6,3,1,1,4,7,12,0.00674496,0.0303265,0.222412
24030,UOX,716,7,161,15,13,124,73,38,9,110,77,96,115,5,35,2,1,22,8,2,1,13,14,17,0.00683755,0.0327387,0.208852
24040,UOX,585,6,133,10,13,108,56,19,8,84,66,88,0,0,0,0,0,0,0,0,0,0,0,0,0.00665117,0.0194818,0.341404
24050,UOX,669,5,166,16,11,147,53,23,5,102,80,66,42,4,12,1,0,4,1,1,1,5,3,14,0.00674602,0.0320517,0.210473
24060,UOX,736,6,167,27,8,151,57,34,5,128,68,91,29,5,7,0,0,6,0,2,0,0,5,9,0.00677375,0.0283928,0.238572
24070,UOX,637,5,126,17,14,130,65,24,4,105,77,75,141,9,30,3,2,19,6,4,0,16,14,47,0.00673872,0.0339589,0.198437
24080,UOX,781,4,172,10,11,176,75,24,8,139,78,88,48,6,10,2,0,10,4,0,1,8,3,10,0.00666263,0.0286436,0.232605
24090,UOX,793,8,194,15,10,150,92,27,9,95,78,123,35,3,16,0,2,6,1,2,0,1,1,6,0.00673792,0.0299468,0.224996
24100,UOX,673,5,140,21,12,126,76,28,11,104,67,88,25,4,3,0,2,11,1,0,0,1,1,6,0.00674092,0.0319701,0.21085
24110,UOX,690,6,163,14,12,126,67,30,4,110,65,99,0,0,0,0,0,0,0,0,0,0,0,0,0.00700396,0.0196341,0.356724
24120,UOX,756,6,164,29,16,145,69,29,7,93,91,113,0,0,0,0,0,0,0,0,0,0,0,0,0.00687226,0.0207651,0.330952
24130,UOX,676,7,145,20,7,124,46,28,5,114,80,107,0,0,0,0,0,0,0,0,0,0,0,0,0.00675383,0.0203118,0.332508
24140,UOX,738,6,164,16,9,143,69,25,2,125,90,95,60,5,14,0,1,8,9,2,0,8,6,12,0.00668145,0.0326638,0.204552
24150,UOX,747,6,179,16,23,127,67,29,5,100,90,111,0,0,0,0,0,0,0,0,0,0,0,0,0.00669246,0.0239259,0.279716
24160,UOX,570,6,133,17,9,107,52,29,0,88,63,72,29,4,9,1,0,2,3,0,0,7,1,6,0.00674043,0.0268254,0.251271
24170,UOX,717,6,161,13,11,142,80,25,5,113,68,99,106,4,31,6,2,15,7,5,2,18,11,9,0.00685299,0.0316765,0.216343
24180,UOX,677,5,163,14,8,137,53,26,4,97,70,105,0,0,0,0,0,0,0,0,0,0,0,0,0.00682024,0.0177855,0.383472
24190,UOX,786,5,194,17,13,138,73,21,4,113,98,115,49,4,14,0,0,3,5,2,0,12,6,7,0.00678254,0.0310412,0.218501
24200,UOX,666,5,166,19,12,140,69,20,7,102,62,69,0,0,0,0,0,0,0,0,0,0,0,0,0.00687532,0.0198291,0.346728
24210,UOX,709,5,175,25,12,139,54,35,4,110,72,83,0,0,0,0,0,0,0,0,0,0,0,0,0.00680294,0.0204793,0.332186
24220,UOX,657,6,166,14,9,128,58,19,7,109,63,84,0,0,0,0,0,0,0,0,0,0,0,0,0.00684646,0.0192187,0.356239
24230,UOX,681,5,160,15,9,150,57,23,7,95,74,91,31,5,10,0,1,5,0,1,0,2,3,9,0.00678689,0.0280046,0.242349
24240,UOX,784,6,176,17,19,146,69,27,5,126,88,111,101,5,23,2,3,16,3,2,1,17,13,21,0.00674456,0.03535,0.190794
24250,UOX,714,6,176,26,14,134,77,33,8,89,82,75,75,5,23,1,1,12,4,1,1,16,8,8,0.00671861,0.0332963,0.201782
24260,UOX,579,5,120,13,9,115,57,22,5,97,65,76,87,5,24,4,2,12,7,2,1,11,9,15,0.00672648,0.027654,0.243237
24270,UOX,667,6,161,21,16,136,62,16,8,89,66,92,0,0,0,0,0,0,0,0,0,0,0,0,0.00679553,0.0192439,0.353126
24280,UOX,698,8,145,17,15,127,69,23,3,118,77,104,0,0,0,0,0,0,0,0,0,0,0,0,0.00679986,0.0224879,0.302378
24290,UOX,684,6,170,11,10,147,60,30,6,109,58,83,50,4,17,1,1,10,4,0,0,4,7,6,0.00687222,0.0290113,0.23688
24300,UOX,671,8,167,10,17,139,45,23,4,100,71,95,51,5,20,0,1,8,3,1,0,4,6,8,0.00680862,0.0348839,0.195179
24310,UOX,720,5,172,18,18,145,71,26,3,116,72,79,53,4,12,0,0,12,4,4,1,8,0,12,0.00674789,0.030199,0.223447
24320,UOX,633,5,153,14,7,130,61,27,12,96,49,84,0,0,0,0,0,0,0,0,0,0,0,0,0.00675143,0.0180804,0.373412
24330,UOX,701,6,172,11,11,137,72,32,6,100,75,85,0,0,0,0,0,0,0,0,0,0,0,0,0.00681199,0.0196636,0.346426
24340,UOX,680,7,166,20,15,134,51,21,3,109,73,88,5,3,0,0,0,3,0,0,0,0,1,1,0.00669873,0.0263482,0.254239
24350,UOX,692,5,163,22,12,150,57,31,6,100,68,83,0,0,0,0,0,0,0,0,0,0,0,0,0.00686673,0.0191441,0.358687
24360,UOX,617,6,139,14,15,91,70,28,6,78,73,103,0,0,0,0,0,0,0,0,0,0,0,0,0.00673269,0.0203656,0.330592
24370,UOX,643,5,164,20,11,142,62,17,9,102,54,62,31,5,9,0,1,6,2,0,0,6,2,5,0.00674149,0.0267161,0.252338
24380,UOX,790,6,164,30,17,143,83,32,7,121,101,92,31,4,4,2,1,2,2,2,0,0,6,12,0.00673576,0.0302134,0.22294
24390,UOX,649,5,142,18,12,129,52,22,10,106,76,82,194,5,57,3,0,40,11,7,0,25,17,34,0.00674647,0.0339447,0.198749
24400,UOX,668,6,152,20,16,125,61,20,5,107,81,81,0,0,0,0,0,0,0,0,0,0,0,0,0.00678117,0.0209035,0.324403
24410,UOX,727,7,170,19,14,141,65,35,6,97,83,97,0,0,0,0,0,0,0,0,0,0,0,0,0.0067872,0.0230925,0.293914
24420,UOX,745,5,166,22,12,134,78,26,13,131,71,92,0,0,0,0,0,0,0,0,0,0,0,0,0.00687949,0.0202947,0.33898
24430,UOX,615,5,144,16,17,117,52,21,2,100,75,71,0,0,0,0,0,0,0,0,0,0,0,0,0.00679975,0.0170932,0.397805
24440,UOX,737,6,160,23,14,161,63,25,3,114,67,107,0,0,0,0,0,0,0,0,0,0,0,0,0.00686833,0.0210491,0.3263
24450,UOX,687,4,165,30,12,124,80,30,4,91,79,72,0,0,0,0,0,0,0,0,0,0,0,0,0.00680641,0.0192544,0.353499
24460,UOX,656,5,133,14,9,151,50,32,4,96,66,101,32,5,7,1,0,4,1,1,0,5,1,12,0.00677813,0.026454,0.256223
24470,UOX,727,8,129,19,9,153,66,26,13,107,77,128,0,0,0,0,0,0,0,0,0,0,0,0,0.00672935,0.0231342,0.290883
24480,UOX,603,5,168,13,8,118,57,26,3,84,65,61,0,0,0,0,0,0,0,0,0,0,0,0,0.006806,0.0161299,0.42195
24490,UOX,665,5,176,23,12,124,49,31,6,70,71,103,49,4,14,1,0,7,6,0,0,7,6,8,0.00677895,0.0291517,0.232541
24500,UOX,660,5,159,20,17,134,55,34,5,106,51,79,21,4,6,1,1,5,0,0,0,1,4,3,0.00680187,0.0299487,0.227118
24510,UOX,657,6,159,18,16,118,67,23,4,95,70,87,17,4,10,1,0,2,0,0,0,2,2,0,0.00683054,0.0259479,0.26324
24520,UOX,680,5,165,14,8,125,68,37,5,103,56,99,0,0,0,0,0,0,0,0,0,0,0,0,0.00683911,0.0191253,0.357595
24530,UOX,695,5,149,21,14,143,55,31,7,113,77,85,0,0,0,0,0,0,0,0,0,0,0,0,0.00668157,0.0187777,0.355824
24540,UOX,720,8,175,13,11,139,63,36,7,96,69,111,0,0,0,0,0,0,0,0,0,0,0,0,0.00676394,0.0232404,0.291042
24550,UOX,596,6,141,14,10,110,58,27,7,96,52,81,0,0,0,0,0,0,0,0,0,0,0,0,0.00673416,0.0213733,0.315073
24560,UOX,692,5,164,17,13,120,68,29,9,108,77,87,24,5,7,1,0,1,2,1,0,4,3,5,0.00673039,0.0262109,0.256779
24570,UOX,655,5,150,18,13,141,53,27,9,87,67,90,56,6,8,1,2,4,6,1,2,6,6,20,0.00660072,0.0296387,0.222706
24580,UOX,657,5,156,16,13,133,58,22,9,91,72,87,0,0,0,0,0,0,0,0,0,0,0,0,0.0067842,0.0192177,0.353019
24590,UOX,654,6,131,16,15,122,70,22,5,119,75,79,0,0,0,0,0,0,0,0,0,0,0,0,0.00673782,0.0195648,0.344385
24600,UOX,608,6,151,18,11,114,53,19,5,88,64,85,82,6,24,1,1,11,7,2,1,10,4,21,0.00684427,0.0374773,0.182625
24610,UOX,713,5,156,12,16,137,71,32,10,104,87,88,0,0,0,0,0,0,0,0,0,0,0,0,0.00669381,0.0196743,0.340232
24620,UOX,663,5,176,12,7,121,71,32,1,100,72,71,0,0,0,0,0,0,0,0,0,0,0,0,0.00677788,0.0197142,0.343806
24630,UOX,776,5,181,20,12,153,67,24,8,116,95,100,56,5,14,3,1,7,4,3,0,9,9,6,0.00685512,0.0290548,0.235938
24640,UOX,701,6,161,17,11,150,51,19,4,116,90,82,22,4,3,3,0,6,0,2,0,1,1,6,0.00681335,0.0274711,0.248019
24650,UOX,670,6,190,13,14,140,58,20,6,89,61,79,6,4,2,0,0,1,0,0,0,0,1,2,0.00665353,0.0322355,0.206403
24660,UOX,710,6,151,22,13,144,65,24,6,114,75,96,56,4,25,1,0,11,1,0,0,10,3,5,0.0066994,0.0301463,0.222229
24670,UOX,631,5,168,21,4,108,46,23,5,93,66,97,0,0,0,0,0,0,0,0,0,0,0,0,0.00675051,0.0182588,0.369712
24680,UOX,695,5,171,22,8,136,58,21,6,123,72,78,0,0,0,0,0,0,0,0,0,0,0,0,0.00680977,0.0167064,0.407614
24690,UOX,784,6,160,23,14,152,79,31,10,122,85,108,0,0,0,0,0,0,0,0,0,0,0,0,0.00684579,0.021335,0.320871
24700,UOX,639,5,165,10,8,128,53,29,4,89,77,76,0,0,0,0,0,0,0,0,0,0,0,0,0.00672262,0.0207714,0.323648
24710,UOX,731,7,162,19,10,136,66,26,5,107,88,112,52,5,13,2,0,9,4,2,0,10,6,6,0.00679577,0.0315383,0.215477
24720,UOX,633,5,158,12,9,119,61,27,6,109,58,74,34,4,9,0,0,6,1,0,0,7,0,11,0.00668972,0.0249168,0.268483
24730,UOX,588,5,144,18,10,107,73,21,4,86,64,61,30,5,8,0,0,2,5,0,0,3,5,7,0.00674413,0.0254633,0.264856
24740,UOX,627,6,143,15,15,125,54,27,10,95,52,91,13,3,0,0,0,3,3,0,0,1,1,5,0.00665875,0.0280195,0.237647
24750,UOX,609,6,122,26,10,132,55,17,7,94,67,79,0,0,0,0,0,0,0,0,0,0,0,0,0.00662674,0.0232223,0.285361
24760,UOX,753,7,162,15,13,160,66,21,6,104,87,119,15,4,3,0,0,2,0,1,0,0,3,6,0.00670182,0.0306935,0.218346
24770,UOX,660,5,179,15,10,126,67,31,5,76,74,77,0,0,0,0,0,0,0,0,0,0,0,0,0.00681398,0.016972,0.401482
24780,UOX,669,5,166,21,15,124,57,22,11,98,78,77,0,0,0,0,0,0,0,0,0,0,0,0,0.00678439,0.0186111,0.364535
24790,UOX,718,8,157,18,13,167,53,28,5,103,76,98,8,3,1,0,0,0,0,1,0,0,1,5,0.00672046,0.029935,0.224502
24800,UOX,758,7,170,22,14,154,76,22,7,117,75,101,0,0,0,0,0,0,0,0,0,0,0,0,0.00667798,0.0249424,0.267736
24810,UOX,745,7,172,26,13,132,75,18,6,118,85,100,0,0,0,0,0,0,0,0,0,0,0,0,0.00670297,0.0228079,0.293888
24820,UOX,705,6,185,11,10,116,70,30,7,114,67,95,0,0,0,0,0,0,0,0,0,0,0,0,0.00672819,0.0217261,0.309682
24830,UOX,678,6,165,16,11,150,54,24,3,103,75,77,135,6,40,4,3,15,11,3,0,18,14,27,0.00681198,0.0318925,0.213592
24840,UOX,685,7,159,25,11,129,67,31,5,104,58,96,0,0,0,0,0,0,0,0,0,0,0,0,0.00667116,0.0205262,0.325008
24850,UOX,710,6,161,17,14,151,56,17,10,120,70,94,14,3,2,1,0,0,4,0,0,3,0,4,0.00680234,0.0312621,0.21759
24860,UOX,690,5,172,21,11,132,68,23,9,89,81,84,0,0,0,0,0,0,0,0,0,0,0,0,0.00667643,0.0190333,0.350776
24870,UOX,643,5,143,12,6,128,55,16,0,118,68,97,0,0,0,0,0,0,0,0,0,0,0,0,0.00673946,0.0180628,0.373113
24880,UOX,596,4,129,13,14,119,63,27,13,83,70,65,18,4,0,0,2,3,1,1,0,1,0,10,0.0067647,0.025262,0.267781
24890,UOX,756,6,161,28,15,135,64,29,8,111,79,126,0,0,0,0,0,0,0,0,0,0,0,0,0.00667731,0.0224384,0.297584
24900,UOX,624,4,141,19,14,110,61,19,7,114,67,72,0,0,0,0,0,0,0,0,0,0,0,0,0.00673983,0.0195534,0.344689
24910,UOX,723,6,168,14,16,141,65,27,5,100,84,103,0,0,0,0,0,0,0,0,0,0,0,0,0.00665967,0.022598,0.294702
24920,UOX,683,8,151,18,7,119,85,21,6,104,81,91,0,0,0,0,0,0,0,0,0,0,0,0,0.00668398,0.0210934,0.316875
24930,UOX,769,5,164,22,12,154,62,26,5,123,94,107,38,4,12,1,0,8,2,1,0,6,1,7,0.00679991,0.0305533,0.222559
24940,UOX,557,5,129,19,13,106,58,20,10,82,68,52,0,0,0,0,0,0,0,0,0,0,0,0,0.00658407,0.0178012,0.369866
24950,UOX,741,5,184,15,12,138,70,22,9,96,98,97,0,0,0,0,0,0,0,0,0,0,0,0,0.00667815,0.0222395,0.300284
24960,UOX,599,5,155,19,11,112,56,21,7,92,68,58,86,6,21,3,1,13,4,4,1,8,7,24,0.00660445,0.0304871,0.216631
24970,UOX,716,6,174,19,18,141,62,22,3,102,77,98,0,0,0,0,0,0,0,0,0,0,0,0,0.00659503,0.0203578,0.323956
24980,UOX,754,5,175,14,8,148,83,31,3,120,62,110,104,5,26,6,1,20,5,4,1,21,9,11,0.00676893,0.0316412,0.213928
24990,UOX,695,6,152,20,14,140,68,35,2,89,78,97,0,0,0,0,0,0,0,0,0,0,0,0,0.00672816,0.0207808,0.323767
25000,UOX,786,6,186,10,12,160,71,29,2,127,89,100,74,5,16,1,0,15,8,3,0,7,10,14,0.00686621,0.0373499,0.183835
25010,UOX,709,7,160,24,17,125,58,28,9,100,87,101,0,0,0,0,0,0,0,0,0,0,0,0,0.00675567,0.0206354,0.327382
25020,UOX,745,6,139,23,19,165,74,23,6,116,76,104,0,0,0,0,0,0,0,0,0,0,0,0,0.00673376,0.0209045,0.322121
25030,UOX,651,6,172,19,12,133,49,25,7,93,63,78,66,4,22,4,0,6,5,2,4,6,7,10,0.00667638,0.030248,0.220722
25040,UOX,740,8,159,12,11,131,73,28,9,118,77,122,0,0,0,0,0,0,0,0,0,0,0,0,0.00676883,0.0238683,0.28359
25050,UOX,744,9,180,22,16,129,70,30,4,102,94,97,0,0,0,0,0,0,0,0,0,0,0,0,0.00673304,0.023778,0.283163
25060,UOX,611,8,146,19,10,114,56,32,3,78,69,84,0,0,0,0,0,0,0,0,0,0,0,0,0.00664254,0.0200087,0.331982
25070,UOX,705,6,175,18,11,122,73,24,5,114,75,88,0,0,0,0,0,0,0,0,0,0,0,0,0.00676868,0.0198292,0.341349
25080,UOX,676,6,172,12,15,137,68,28,5,100,66,73,78,4,20,2,2,15,2,0,1,11,8,17,0.00678244,0.0319637,0.212192
25090,UOX,601,7,152,12,8,113,54,33,5,93,60,71,0,0,0,0,0,0,0,0,0,0,0,0,0.00674248,0.0190709,0.353548
25100,UOX,646,4,178,21,17,130,57,19,3,95,59,67,0,0,0,0,0,0,0,0,0,0,0,0,0.00666226,0.0190232,0.350218
25110,UOX,691,6,148,17,11,146,74,20,3,96,85,91,44,4,8,0,0,10,3,1,0,10,5,7,0.00678677,0.0289658,0.234302
25120,UOX,668,6,152,16,13,122,70,26,4,101,70,94,0,0,0,0,0,0,0,0,0,0,0,0,0.00678677,0.0203207,0.333983
25130,UOX,703,9,184,15,14,128,53,27,7,121,88,66,26,5,5,0,0,5,2,0,0,3,4,7,0.0068026,0.0297054,0.229002
25140,UOX,778,7,179,25,12,145,84,28,8,108,101,88,0,0,0,0,0,0,0,0,0,0,0,0,0.00680716,0.021358,0.318717
25150,UOX,772,7,186,20,15,121,75,31,6,103,99,116,0,0,0,0,0,0,0,0,0,0,0,0,0.00684474,0.0237221,0.288539
25160,UOX,758,7,165,21,13,162,66,31,5,105,79,111,76,5,19,0,0,8,9,3,0,9,10,18,0.00677069,0.0337414,0.200664
25170,UOX,698,6,184,15,17,123,62,22,4,112,70,89,0,0,0,0,0,0,0,0,0,0,0,0,0.0066715,0.0204445,0.326322
25180,UOX,759,8,170,15,11,155,63,24,6,112,85,118,0,0,0,0,0,0,0,0,0,0,0,0,0.00685086,0.024058,0.284764
25190,UOX,630,5,150,15,12,115,76,21,4,110,62,65,0,0,0,0,0,0,0,0,0,0,0,0,0.00678047,0.0175863,0.385555
25200,UOX,654,6,164,19,12,125,56,23,7,107,69,72,179,6,43,8,1,26,20,3,4,28,17,29,0.006684,0.0389715,0.17151
25210,UOX,730,5,199,25,11,128,74,27,10,87,82,87,0,0,0,0,0,0,0,0,0,0,0,0,0.0068571,0.0180503,0.379888
25220,UOX,664,8,146,15,21,111,62,28,6,98,83,94,0,0,0,0,0,0,0,0,0,0,0,0,0.0068671,0.0213353,0.321865
25230,UOX,713,6,157,16,16,137,66,32,3,103,80,103,0,0,0,0,0,0,0,0,0,0,0,0,0.00681326,0.0211215,0.322575
25240,UOX,675,6,133,12,12,141,67,27,8,107,80,88,0,0,0,0,0,0,0,0,0,0,0,0,0.00675542,0.0202891,0.332958
25250,UOX,658,5,173,13,7,128,55,25,8,101,80,68,0,0,0,0,0,0,0,0,0,0,0,0,0.00674113,0.0208675,0.323044
25260,UOX,669,5,153,19,16,132,54,27,9,96,72,91,0,0,0,0,0,0,0,0,0,0,0,0,0.00681976,0.0187449,0.363819
25270,UOX,687,5,162,17,17,148,68,19,6,99,64,87,0,0,0,0,0,0,0,0,0,0,0,0,0.00688982,0.0176409,0.39056
25280,UOX,620,6,144,10,16,114,64,24,8,104,62,74,19,3,7,1,0,4,3,1,0,1,2,0,0.00674733,0.0255816,0.263757
25290,UOX,702,5,161,17,8,151,53,27,6,112,74,93,174,8,44,3,2,25,11,7,1,22,9,50,0.00681974,0.0368216,0.18521
25300,UOX,740,5,183,24,16,137,82,21,6,119,90,62,59,4,20,2,1,7,3,0,0,11,4,11,0.00683145,0.0308689,0.221305
25310,UOX,659,5,156,17,11,116,66,22,5,121,72,73,8,3,2,0,1,1,2,0,0,1,0,1,0.00675944,0.0240554,0.280994
25320,UOX,707,7,154,15,18,162,78,26,7,90,71,86,0,0,0,0,0,0,0,0,0,0,0,0,0.00673888,0.0194029,0.347312
25330,UOX,676,7,147,17,7,129,63,32,6,103,77,95,61,5,17,1,1,13,4,3,0,8,8,6,0.00676388,0.0303581,0.222803
25340,UOX,669,5,166,14,14,111,80,19,3,95,71,96,122,5,42,5,1,15,8,3,2,14,15,17,0.006708,0.0316199,0.212145
25350,UOX,726,7,170,17,10,139,72,22,14,94,88,100,0,0,0,0,0,0,0,0,0,0,0,0,0.00670954,0.0247933,0.270619
25360,UOX,706,7,150,21,6,127,82,30,9,117,79,85,0,0,0,0,0,0,0,0,0,0,0,0,0.0068633,0.0183115,0.374808
25370,UOX,732,5,181,17,14,145,69,28,4,110,68,96,0,0,0,0,0,0,0,0,0,0,0,0,0.00682956,0.0192491,0.354798
25380,UOX,685,5,173,13,15,132,56,20,5,115,74,82,104,5,24,2,2,16,5,4,2,14,12,23,0.00675047,0.0298507,0.226141
25390,UOX,746,6,175,22,11,132,84,22,7,98,91,104,0,0,0,0,0,0,0,0,0,0,0,0,0.00681538,0.0223138,0.305434
25400,UOX,660,5,134,13,9,125,74,20,2,126,73,84,0,0,0,0,0,0,0,0,0,0,0,0,0.00678543,0.0208838,0.324913
25410,UOX,718,7,176,15,11,135,66,22,11,120,75,87,0,0,0,0,0,0,0,0,0,0,0,0,0.0069329,0.0214373,0.323404
25420,UOX,684,5,160,12,8,128,71,22,9,106,68,100,0,0,0,0,0,0,0,0,0,0,0,0,0.00680863,0.0199439,0.341389
25430,UOX,659,7,147,14,10,135,69,25,4,79,75,101,0,0,0,0,0,0,0,0,0,0,0,0,0.00684936,0.0213803,0.320358
25440,UOX,684,6,182,14,12,124,81,20,4,90,66,91,62,4,14,1,0,9,5,2,1,10,9,11,0.00677753,0.0288023,0.235312
25450,UOX,607,5,140,11,10,116,46,18,7,119,73,67,58,5,11,3,3,13,1,1,0,6,4,16,0.00673685,0.0315579,0.213476
25460,UOX,707,7,169,16,17,136,68,15,5,106,85,90,0,0,0,0,0,0,0,0,0,0,0,0,0.0068482,0.0200489,0.341575
25470,UOX,710,6,149,24,9,129,78,27,3,122,79,90,59,5,11,0,2,11,7,0,0,5,4,19,0.00685512,0.030077,0.227919
25480,UOX,637,4,163,18,12,113,55,18,5,98,69,86,11,3,1,0,0,0,1,1,0,0,5,3,0.00682094,0.0236492,0.288422
25490,UOX,644,4,158,17,12,131,71,18,8,101,68,60,0,0,0,0,0,0,0,0,0,0,0,0,0.0068287,0.0161849,0.421918
25500,UOX,663,6,162,19,13,148,65,18,6,99,61,72,0,0,0,0,0,0,0,0,0,0,0,0,0.00684674,0.021499,0.318468
25510,UOX,733,6,197,11,11,133,64,20,6,97,91,103,38,6,9,1,0,7,1,2,0,3,1,14,0.00679465,0.0291069,0.233438
25520,UOX,655,5,183,17,8,134,57,25,5,92,59,75,49,6,11,3,0,10,3,0,0,7,3,12,0.00685402,0.0264988,0.258654
25530,UOX,688,7,133,17,9,145,65,18,9,116,81,95,0,0,0,0,0,0,0,0,0,0,0,0,0.00669463,0.0211285,0.316853
25540,UOX,658,6,143,15,11,126,55,27,6,111,92,72,38,5,13,1,1,3,3,2,1,7,2,5,0.00675828,0.0281766,0.239854
25550,UOX,694,5,163,19,10,152,49,19,12,104,84,82,0,0,0,0,0,0,0,0,0,0,0,0,0.00684801,0.0217938,0.314218
25560,UOX,666,6,138,11,11,142,65,24,5,104,67,99,85,7,12,1,0,11,7,3,2,15,4,30,0.00663593,0.0332012,0.19987
25570,UOX,631,6,160,9,3,137,54,22,5,99,75,67,28,4,4,1,0,4,0,1,0,1,3,14,0.00679873,0.0266007,0.255585
25580,UOX,647,6,120,18,16,147,52,17,4,121,63,89,0,0,0,0,0,0,0,0,0,0,0,0,0.0067683,0.0196849,0.343832
25590,UOX,695,6,152,23,11,138,74,28,4,112,81,72,110,6,26,3,3,17,7,0,0,13,17,24,0.00669421,0.0334474,0.200141
25600,UOX,687,9,167,22,6,129,75,38,4,96,50,100,39,5,10,1,1,7,1,1,1,2,3,12,0.00681211,0.0368386,0.184918
25610,UOX,711,8,162,28,8,137,74,26,4,106,71,95,0,0,0,0,0,0,0,0,0,0,0,0,0.00684795,0.0219925,0.311377
25620,UOX,705,6,140,19,21,133,69,18,11,101,79,114,0,0,0,0,0,0,0,0,0,0,0,0,0.00684324,0.0203955,0.335526
25630,UOX,695,5,162,15,13,151,47,27,5,89,86,100,69,6,22,3,3,7,2,2,0,8,6,16,0.00674899,0.0297823,0.226611
25640,UOX,681,6,148,15,10,127,63,26,6,90,78,118,57,6,22,0,1,9,4,1,1,6,4,9,0.00679575,0.03195,0.212699
25650,UOX,635,8,150,11,17,120,63,13,6,96,80,79,62,6,20,2,3,5,2,0,0,9,5,16,0.00680231,0.035477,0.191738
25660,UOX,675,6,168,14,10,117,54,21,3,106,75,107,0,0,0,0,0,0,0,0,0,0,0,0,0.0066989,0.0193384,0.346405
25670,UOX,656,5,146,15,9,146,62,27,9,96,82,64,109,7,36,2,3,16,8,2,0,13,12,17,0.00673145,0.029906,0.225087
25680,UOX,709,5,175,20,15,119,64,26,8,115,74,93,0,0,0,0,0,0,0,0,0,0,0,0,0.00684095,0.0188385,0.363137
25690,UOX,683,6,139,22,9,133,67,17,10,116,70,100,0,0,0,0,0,0,0,0,0,0,0,0,0.00674654,0.0213947,0.315336
25700,UOX,583,5,143,9,8,123,50,19,4,87,76,64,69,7,13,3,2,8,5,2,2,10,10,14,0.00677522,0.0347077,0.195208
