iteration,crossover_type,nbMoves,nbLoopsLS,nbMovesRepair,nbLoopsRepair,time_crossover,time_LS,ratio_crossover_LS
0,LOX,24,3,0,0,0.000575943,0.00197362,0.291821
10,LOX,60,4,0,0,0.000514983,0.0029101,0.176964
20,LOX,45,3,32,3,0.000541913,0.00337589,0.160525
30,LOX,18,4,13,3,0.000525613,0.00321315,0.163582
40,LOX,18,3,0,0,0.000521642,0.00145736,0.357937
50,LOX,24,3,82,5,0.000556813,0.00531584,0.104746
60,LOX,13,3,16,3,4.402e-05,0.00270621,0.0162663
70,LOX,51,3,35,3,0.000537033,0.00374267,0.143489
80,LOX,18,3,0,0,5.094e-05,0.00144039,0.0353655
90,LOX,16,3,8,3,0.000528762,0.00280227,0.18869
100,LOX,27,4,0,0,4.346e-05,0.00217653,0.0199675
110,LOX,52,3,0,0,0.000540593,0.00182491,0.29623
120,LOX,28,5,0,0,0.000556353,0.0024228,0.229632
130,LOX,14,3,0,0,4.436e-05,0.00127491,0.0347947
140,LOX,15,3,17,3,0.000547043,0.00313432,0.174533
150,LOX,57,6,0,0,0.000529072,0.00284923,0.185689
160,LOX,40,3,0,0,0.000524883,0.0018623,0.281847
170,LOX,45,3,0,0,4.4021e-05,0.00222733,0.019764
180,LOX,35,3,0,0,4.458e-05,0.0017314,0.0257479
190,LOX,42,3,0,0,0.000540883,0.00150826,0.358614
200,LOX,26,4,0,0,0.000571603,0.00188401,0.303397
210,LOX,58,3,29,4,0.000543823,0.0042392,0.128284
220,LOX,52,3,0,0,0.000551053,0.00185654,0.296817
230,LOX,46,3,0,0,0.000549303,0.00172426,0.318573
240,LOX,48,3,0,0,0.000533443,0.00206694,0.258083
250,LOX,2,3,22,3,4.179e-05,0.00289539,0.0144333
260,LOX,37,4,0,0,0.000545022,0.00241827,0.225377
270,LOX,19,3,0,0,4.314e-05,0.00165836,0.0260137
280,LOX,36,3,3,3,0.000543233,0.00274482,0.197912
290,LOX,34,3,3,3,0.000524073,0.00297479,0.176172
300,LOX,13,3,0,0,0.000575453,0.00142067,0.405058
310,LOX,45,3,0,0,0.000535913,0.00186385,0.28753
320,LOX,5,3,0,0,4.141e-05,0.00114849,0.0360562
330,LOX,14,3,15,3,4.2841e-05,0.00297663,0.0143925
340,LOX,18,3,0,0,0.000527313,0.00128656,0.409864
350,LOX,33,5,5,3,0.000556563,0.00337968,0.164679
360,LOX,53,3,0,0,0.000520653,0.00182352,0.285521
370,LOX,31,3,14,3,0.000545093,0.00283147,0.192513
380,LOX,34,3,0,0,4.5281e-05,0.00174888,0.0258914
390,LOX,13,3,0,0,0.000535103,0.00145732,0.367183
400,LOX,20,4,8,3,0.000520903,0.00294312,0.17699
410,LOX,52,4,2,3,0.000527243,0.00327286,0.161096
420,LOX,31,4,0,0,0.000545133,0.00199037,0.273885
430,LOX,28,3,0,0,0.000568363,0.00160254,0.354664
440,LOX,13,3,1,3,0.000523963,0.00339693,0.154246
450,LOX,31,3,2,3,0.000520712,0.00247375,0.210495
460,LOX,28,3,4,3,0.000541563,0.00305184,0.177455
470,LOX,14,3,0,0,0.000554262,0.00142486,0.388995
480,LOX,39,3,34,3,0.000544563,0.00363323,0.149884
490,LOX,33,4,0,0,0.000535402,0.00204421,0.261911
500,LOX,3,3,20,3,4.545e-05,0.00289957,0.0156747
510,LOX,34,3,6,3,0.000537703,0.00275143,0.195426
520,LOX,32,3,4,3,4.473e-05,0.00276634,0.0161694
530,LOX,16,3,9,3,4.373e-05,0.00266197,0.0164277
540,LOX,14,3,0,0,0.000550463,0.00115297,0.477432
550,LOX,55,4,0,0,0.000535833,0.00228316,0.234689
560,LOX,13,3,0,0,4.983e-05,0.00139435,0.0357372
570,LOX,28,3,0,0,0.000527892,0.00146362,0.360676
580,LOX,42,3,2,3,0.000535843,0.00256685,0.208755
590,LOX,1,3,0,0,4.378e-05,0.00108972,0.0401756
600,LOX,45,3,0,0,0.000546223,0.00185196,0.294943
610,LOX,1,3,12,3,4.4431e-05,0.00231121,0.0192241
620,LOX,39,3,0,0,0.000538773,0.00153648,0.350655
630,LOX,47,3,0,0,0.000550083,0.00167738,0.327942
640,LOX,77,3,0,0,0.000557803,0.00212372,0.262654
650,LOX,36,3,0,0,0.000554813,0.00154079,0.360084
660,LOX,37,3,13,3,0.000536913,0.00308341,0.174129
670,LOX,30,3,9,3,0.000556723,0.00281513,0.197761
680,LOX,59,4,2,3,0.000540963,0.00377194,0.143418
690,LOX,35,3,3,3,0.000556343,0.00260571,0.213509
700,LOX,57,3,0,0,0.000566813,0.00174978,0.323934
710,LOX,16,3,6,3,4.462e-05,0.00245241,0.0181943
720,LOX,15,3,10,3,0.000556513,0.00231911,0.239968
730,LOX,14,3,0,0,0.000550032,0.00126417,0.435094
740,LOX,22,3,35,4,0.000525053,0.00344517,0.152403
750,LOX,1,3,0,0,4.416e-05,0.0010632,0.0415352
760,LOX,27,3,7,3,0.000531443,0.00284759,0.186629
770,LOX,53,3,9,3,0.000567163,0.00331469,0.171106
780,LOX,38,6,5,3,4.403e-05,0.00402077,0.0109506
790,LOX,18,3,0,0,0.000551163,0.0014225,0.387461
800,LOX,60,3,0,0,0.000554073,0.00164675,0.336465
810,LOX,1,3,2,3,4.278e-05,0.00209314,0.0204382
820,LOX,14,3,0,0,4.502e-05,0.00127744,0.0352424
830,LOX,42,4,0,0,0.000552843,0.00168153,0.328774
840,LOX,0,3,11,3,4.4211e-05,0.00222071,0.0199085
850,LOX,27,3,0,0,0.000547163,0.00158721,0.344733
860,LOX,13,3,0,0,0.000539923,0.00135074,0.399725
870,LOX,1,3,13,3,4.361e-05,0.00233667,0.0186633
880,LOX,9,3,0,0,0.000532993,0.00120846,0.441053
890,LOX,2,3,0,0,4.55e-05,0.00110627,0.0411293
900,LOX,12,3,0,0,0.000532323,0.00121527,0.43803
910,LOX,3,3,7,3,4.572e-05,0.00233654,0.0195674
920,LOX,62,3,0,0,0.000533602,0.00202599,0.263378
930,LOX,43,4,0,0,0.000552323,0.00235444,0.234588
940,LOX,1,3,9,3,4.244e-05,0.00241588,0.0175671
950,LOX,26,3,0,0,0.000536183,0.00169677,0.316002
960,LOX,8,3,0,0,4.467e-05,0.00129199,0.0345747
970,LOX,3,3,0,0,4.418e-05,0.00113042,0.039083
980,LOX,30,3,0,0,0.000557093,0.00128718,0.432802
990,LOX,11,3,0,0,4.478e-05,0.0012625,0.0354694
1000,LOX,17,3,0,0,4.748e-05,0.00131922,0.035991
1010,LOX,0,3,0,0,4.582e-05,0.00106891,0.0428663
1020,LOX,4,3,0,0,4.409e-05,0.00110491,0.0399038
1030,LOX,28,4,6,3,0.000559173,0.00302558,0.184815
1040,LOX,29,4,0,0,0.000572743,0.00207661,0.275807
1050,LOX,16,3,3,3,0.000553033,0.0025042,0.220842
1060,LOX,4,3,0,0,4.614e-05,0.00111554,0.0413613
1070,LOX,50,3,0,0,0.000541593,0.00150934,0.358828
1080,LOX,0,3,13,3,4.43e-05,0.0022161,0.0199901
1090,LOX,8,3,0,0,4.5e-05,0.00120008,0.0374976
1100,LOX,25,3,2,3,0.000529863,0.00235701,0.224803
1110,LOX,1,3,0,0,4.437e-05,0.0010889,0.0407477
1120,LOX,7,3,0,0,4.4411e-05,0.00115679,0.0383917
1130,LOX,1,3,0,0,4.6901e-05,0.00105708,0.0443682
1140,LOX,7,3,0,0,4.3311e-05,0.00126226,0.0343124
1150,LOX,27,3,0,0,0.000545543,0.00173894,0.313722
1160,LOX,5,3,0,0,5.089e-05,0.00114741,0.0443522
1170,LOX,19,3,0,0,0.000541483,0.00127818,0.423637
1180,LOX,0,3,0,0,4.8231e-05,0.00104959,0.0459524
1190,LOX,0,3,0,0,4.612e-05,0.00102671,0.0449204
1200,LOX,3,3,0,0,4.421e-05,0.00110799,0.0399012
1210,LOX,1,3,0,0,4.387e-05,0.00105155,0.0417195
1220,LOX,9,3,0,0,0.000540323,0.00117777,0.458769
1230,LOX,1,3,0,0,4.302e-05,0.00113492,0.0379059
1240,LOX,48,4,12,3,0.000544652,0.00340652,0.159885
1250,LOX,10,3,0,0,0.000549722,0.00119138,0.461417
1260,LOX,38,3,9,3,0.000544663,0.00296883,0.18346
1270,LOX,14,4,5,3,0.000561693,0.0028515,0.196981
1280,LOX,1,3,0,0,4.385e-05,0.0010823,0.0405157
1290,LOX,1,3,0,0,4.534e-05,0.00108455,0.0418055
1300,LOX,8,3,3,3,4.224e-05,0.00237852,0.0177589
1310,LOX,8,3,0,0,0.000558693,0.00112045,0.498634
1320,LOX,1,3,0,0,4.399e-05,0.00107493,0.0409237
1330,LOX,19,3,0,0,0.000559863,0.00135391,0.413517
1340,LOX,1,3,0,0,4.4151e-05,0.00106201,0.0415729
1350,LOX,23,3,0,0,0.000570083,0.00132144,0.431411
1360,LOX,14,3,0,0,0.000546723,0.00135939,0.402183
1370,LOX,18,3,0,0,4.528e-05,0.00125093,0.0361972
1380,LOX,15,3,0,0,0.000559303,0.00129838,0.430771
1390,LOX,1,3,0,0,4.523e-05,0.00107335,0.0421393
1400,LOX,7,3,0,0,5.1941e-05,0.00117424,0.0442339
1410,LOX,0,3,0,0,4.46e-05,0.00105117,0.0424287
1420,LOX,31,4,0,0,0.000557333,0.00212455,0.26233
1430,LOX,17,3,0,0,0.000551743,0.0014823,0.372222
1440,LOX,12,3,0,0,4.546e-05,0.00146527,0.031025
1450,LOX,6,3,0,0,0.000570813,0.00114093,0.500307
1460,LOX,28,3,4,3,0.000556023,0.00244768,0.227163
1470,LOX,11,3,0,0,4.5311e-05,0.00125389,0.0361365
1480,LOX,25,3,3,3,0.000558243,0.00259454,0.21516
1490,LOX,29,3,0,0,0.000540563,0.00148136,0.36491
1500,LOX,48,4,0,0,0.000561643,0.00212837,0.263884
1510,LOX,0,3,2,3,4.455e-05,0.00212689,0.0209461
1520,LOX,2,3,0,0,4.434e-05,0.00111285,0.0398438
1530,LOX,13,3,1,3,0.000554173,0.00244133,0.226996
1540,LOX,29,3,0,0,0.000535363,0.00136556,0.392047
1550,LOX,0,3,0,0,4.414e-05,0.00107125,0.0412044
1560,LOX,20,3,0,0,0.000579073,0.00178534,0.324349
1570,LOX,32,3,0,0,0.000553203,0.00151982,0.363993
1580,LOX,2,3,1,3,4.444e-05,0.00215212,0.0206494
1590,LOX,20,3,1,3,0.000556063,0.00230479,0.241264
1600,LOX,0,3,1,3,4.4881e-05,0.00214846,0.0208898
1610,LOX,10,3,0,0,0.000559883,0.00132718,0.42186
1620,LOX,1,3,0,0,4.367e-05,0.00106925,0.0408419
1630,LOX,24,5,0,0,0.000537683,0.00176211,0.305136
1640,LOX,24,3,0,0,0.000556682,0.00154834,0.359535
1650,LOX,12,3,0,0,4.398e-05,0.00122781,0.03582
1660,LOX,1,3,11,4,4.5061e-05,0.00251746,0.0178994
1670,LOX,40,3,0,0,0.000560303,0.00185153,0.302616
1680,LOX,7,3,0,0,4.474e-05,0.00116985,0.0382443
1690,LOX,10,3,0,0,0.000560483,0.00119386,0.469473
1700,LOX,32,3,0,0,0.000558243,0.00147543,0.37836
1710,LOX,8,3,0,0,0.000555713,0.00118292,0.469782
1720,LOX,40,3,5,3,0.000549853,0.00275473,0.199603
1730,LOX,20,3,8,3,0.000538923,0.00272792,0.197558
1740,LOX,1,3,2,3,4.3401e-05,0.0021267,0.0204077
1750,LOX,6,3,2,3,4.388e-05,0.00255018,0.0172066
1760,LOX,8,3,0,0,4.556e-05,0.00135621,0.0335937
1770,LOX,49,3,0,0,0.000546353,0.00148525,0.367853
1780,LOX,28,3,0,0,0.000558503,0.00152743,0.365649
1790,LOX,2,3,0,0,5.0741e-05,0.00106157,0.0477978
1800,LOX,1,3,0,0,4.409e-05,0.001103,0.0399729
1810,LOX,1,3,0,0,4.4771e-05,0.00108472,0.0412741
1820,LOX,10,3,0,0,4.528e-05,0.00126942,0.0356699
1830,LOX,2,3,0,0,4.464e-05,0.00113159,0.0394491
1840,LOX,12,3,0,0,0.000547323,0.0012015,0.455535
1850,LOX,10,3,0,0,4.4041e-05,0.0012337,0.0356984
1860,LOX,3,3,0,0,4.674e-05,0.00111282,0.0420016
1870,LOX,8,3,0,0,4.471e-05,0.00126258,0.0354117
1880,LOX,0,3,0,0,4.334e-05,0.00104823,0.041346
1890,LOX,5,3,0,0,4.415e-05,0.0012983,0.0340061
1900,LOX,2,3,0,0,4.416e-05,0.00110058,0.0401244
1910,LOX,1,3,0,0,4.463e-05,0.0010607,0.0420761
1920,LOX,51,3,0,0,0.000547002,0.00171519,0.318916
1930,LOX,9,3,0,0,4.364e-05,0.00122036,0.0357601
1940,LOX,8,3,0,0,4.489e-05,0.00139909,0.0320852
1950,LOX,15,3,4,3,4.482e-05,0.00233763,0.0191732
1960,LOX,32,4,6,3,0.000562723,0.00286009,0.19675
1970,LOX,13,3,0,0,0.000568273,0.00143539,0.395902
1980,LOX,34,3,0,0,0.000552872,0.00160723,0.343991
1990,LOX,10,3,0,0,4.3701e-05,0.00125525,0.0348147
2000,LOX,0,3,0,0,4.316e-05,0.00105991,0.0407206
2010,LOX,0,3,0,0,4.501e-05,0.00104082,0.0432445
2020,LOX,7,3,0,0,4.639e-05,0.00118932,0.0390056
2030,LOX,3,3,0,0,4.251e-05,0.0012002,0.0354192
2040,LOX,12,3,0,0,4.357e-05,0.00124146,0.0350959
2050,LOX,13,3,0,0,0.000565893,0.00134836,0.419691
2060,LOX,1,3,0,0,4.39e-05,0.00107622,0.0407911
2070,LOX,30,3,0,0,0.000571433,0.00156876,0.364258
2080,LOX,9,3,0,0,4.601e-05,0.00120014,0.0383373
2090,LOX,2,3,10,3,4.4e-05,0.00230728,0.0190701
2100,LOX,16,3,0,0,0.000527543,0.00122024,0.432329
2110,LOX,11,3,0,0,0.000549273,0.00134268,0.409088
2120,LOX,0,3,0,0,4.306e-05,0.00102977,0.0418153
2130,LOX,3,3,0,0,4.4561e-05,0.00111108,0.0401058
2140,LOX,3,3,7,3,4.509e-05,0.00229683,0.0196314
2150,LOX,1,3,0,0,4.419e-05,0.00106909,0.0413344
2160,LOX,1,3,6,3,4.338e-05,0.00231648,0.0187267
2170,LOX,13,3,0,0,0.000549633,0.00138777,0.396056
2180,LOX,1,3,1,3,4.4001e-05,0.00213071,0.0206509
2190,LOX,8,3,0,0,4.357e-05,0.00117176,0.0371835
2200,LOX,0,3,0,0,4.307e-05,0.00105443,0.0408469
2210,LOX,2,3,0,0,4.269e-05,0.00107674,0.0396476
2220,LOX,25,3,0,0,0.000546653,0.00153879,0.355249
2230,LOX,7,3,0,0,4.556e-05,0.00124301,0.0366531
2240,LOX,7,3,0,0,4.5721e-05,0.00138636,0.0329792
2250,LOX,23,3,0,0,0.000559223,0.00152043,0.367806
2260,LOX,9,3,0,0,4.419e-05,0.00133711,0.033049
2270,LOX,2,3,0,0,4.3581e-05,0.00110798,0.0393336
2280,LOX,7,3,0,0,4.405e-05,0.00117432,0.0375112
2290,LOX,19,3,0,0,0.000556363,0.0014307,0.388875
2300,LOX,40,3,0,0,0.000549043,0.00181847,0.301926
2310,LOX,11,3,0,0,0.000551723,0.00114614,0.481377
2320,LOX,14,3,8,3,0.000548792,0.00241191,0.227534
2330,LOX,3,3,5,3,4.523e-05,0.00221523,0.0204177
2340,LOX,1,3,0,0,4.345e-05,0.00108026,0.0402219
2350,LOX,42,3,3,3,0.000547273,0.00288159,0.18992
2360,LOX,2,3,0,0,4.4291e-05,0.00112272,0.0394499
2370,LOX,0,3,1,3,4.4371e-05,0.00207719,0.0213611
2380,LOX,19,3,6,3,0.000538493,0.00265182,0.203066
2390,LOX,0,3,6,3,4.32e-05,0.00224352,0.0192554
2400,LOX,0,3,0,0,4.396e-05,0.00104095,0.0422308
2410,LOX,0,3,0,0,4.392e-05,0.00104529,0.0420168
2420,LOX,29,3,0,0,0.000534613,0.00154842,0.345264
2430,LOX,0,3,0,0,4.515e-05,0.0010615,0.0425339
2440,LOX,0,3,6,3,4.36e-05,0.00219891,0.019828
2450,LOX,65,5,0,0,0.000553013,0.00246308,0.224521
2460,LOX,21,3,0,0,0.000556933,0.00135488,0.411058
2470,LOX,0,3,0,0,4.29e-05,0.00105108,0.0408153
2480,LOX,8,3,0,0,4.192e-05,0.0011235,0.0373121
2490,LOX,10,3,0,0,4.37e-05,0.00116268,0.0375857
2500,LOX,0,3,1,3,4.4781e-05,0.00211315,0.0211916
2510,LOX,6,3,5,3,0.000548233,0.00230902,0.237431
2520,LOX,1,3,0,0,4.358e-05,0.00109397,0.0398367
2530,LOX,4,3,8,3,4.253e-05,0.00223648,0.0190165
2540,LOX,45,4,0,0,0.000556773,0.00242989,0.229135
2550,LOX,28,4,2,3,0.000539383,0.002811,0.191883
2560,LOX,7,3,0,0,0.000541653,0.00119085,0.454847
2570,LOX,0,3,6,3,4.351e-05,0.00217709,0.0199854
2580,LOX,34,3,6,3,0.000565293,0.00286281,0.197461
2590,LOX,1,3,0,0,4.439e-05,0.00107261,0.0413852
2600,LOX,10,3,0,0,4.4171e-05,0.00138563,0.031878
2610,LOX,20,3,0,0,0.000549253,0.00147242,0.373028
2620,LOX,1,3,0,0,4.897e-05,0.00106123,0.0461447
2630,LOX,1,3,0,0,4.438e-05,0.00104899,0.0423075
2640,LOX,2,3,0,0,4.496e-05,0.0010631,0.0422912
2650,LOX,24,3,0,0,0.000557953,0.00130462,0.427676
2660,LOX,0,3,0,0,4.236e-05,0.00103576,0.0408973
2670,LOX,15,3,0,0,0.000532943,0.00116518,0.457393
2680,LOX,31,4,0,0,0.000552373,0.00193323,0.285725
2690,LOX,1,3,0,0,4.5981e-05,0.00110486,0.0416172
2700,LOX,2,3,0,0,4.437e-05,0.00111555,0.0397742
2710,LOX,9,3,0,0,4.386e-05,0.00122655,0.035759
2720,LOX,1,3,6,3,4.3971e-05,0.00226831,0.0193849
2730,LOX,25,4,1,3,0.000537273,0.00285755,0.188019
2740,LOX,12,3,0,0,4.378e-05,0.00133001,0.0329171
2750,LOX,9,3,0,0,4.355e-05,0.00125032,0.0348312
2760,LOX,3,3,11,3,4.334e-05,0.00228722,0.0189488
2770,LOX,5,3,6,3,4.388e-05,0.0023263,0.0188625
2780,LOX,0,3,0,0,4.363e-05,0.00103785,0.042039
2790,LOX,0,3,0,0,4.41e-05,0.00106296,0.0414881
2800,LOX,37,3,0,0,0.000528933,0.00167482,0.315815
2810,LOX,14,3,0,0,0.000556003,0.00151156,0.367834
2820,LOX,8,3,0,0,4.282e-05,0.00114988,0.0372388
2830,LOX,2,3,0,0,4.268e-05,0.0011029,0.0386981
2840,LOX,24,3,11,3,0.000557893,0.00307574,0.181385
2850,LOX,32,3,0,0,0.000563733,0.00164459,0.34278
2860,LOX,2,3,0,0,4.383e-05,0.00107208,0.0408833
2870,LOX,3,3,0,0,4.289e-05,0.0010894,0.0393704
2880,LOX,11,3,0,0,4.4371e-05,0.00120343,0.0368706
2890,LOX,23,3,0,0,0.000548863,0.00142597,0.384906
2900,LOX,8,3,0,0,4.541e-05,0.00114828,0.0395462
2910,LOX,17,3,1,3,4.34e-05,0.00242156,0.0179223
2920,LOX,2,3,0,0,4.3301e-05,0.00107211,0.0403888
2930,LOX,18,3,2,3,0.000546133,0.00267773,0.203953
2940,LOX,15,3,0,0,4.476e-05,0.00146841,0.030482
2950,LOX,1,3,0,0,4.4e-05,0.00109534,0.0401703
2960,LOX,9,3,0,0,0.000561343,0.00113246,0.495686
2970,LOX,0,3,0,0,4.444e-05,0.00104402,0.0425664
2980,LOX,2,3,7,3,4.351e-05,0.00217102,0.0200413
2990,LOX,4,3,10,3,4.37e-05,0.00231087,0.0189106
3000,LOX,8,3,0,0,0.000554422,0.00135541,0.409045
3010,LOX,5,3,0,0,4.5281e-05,0.0011332,0.0399587
3020,LOX,44,4,0,0,4.51e-05,0.001709,0.0263897
3030,LOX,2,3,0,0,4.569e-05,0.00109612,0.0416835
3040,LOX,9,3,0,0,0.000558343,0.00148313,0.376463
3050,LOX,2,3,0,0,4.433e-05,0.00108029,0.0410355
3060,LOX,2,3,0,0,4.462e-05,0.0011223,0.0397578
3070,LOX,21,3,0,0,0.000544433,0.00125412,0.434117
3080,LOX,1,3,0,0,4.692e-05,0.00107256,0.043746
3090,LOX,20,4,0,0,0.000537713,0.00205311,0.261902
3100,LOX,42,3,0,0,0.000537463,0.00203311,0.264355
3110,LOX,2,3,0,0,4.4281e-05,0.00107769,0.041089
3120,LOX,0,3,0,0,4.428e-05,0.00106599,0.041539
3130,LOX,31,3,10,3,0.000557933,0.00286013,0.195072
3140,LOX,1,3,0,0,4.296e-05,0.00107881,0.0398218
3150,LOX,0,3,0,0,4.492e-05,0.00106535,0.0421647
3160,LOX,11,3,0,0,0.000550053,0.00127834,0.430288
3170,LOX,10,3,0,0,4.375e-05,0.00121778,0.0359261
3180,LOX,1,3,0,0,4.369e-05,0.00105984,0.0412234
3190,LOX,42,3,1,3,0.000559543,0.00285156,0.196223
3200,LOX,3,3,0,0,4.4101e-05,0.00114725,0.0384408
3210,LOX,0,3,0,0,4.3401e-05,0.00104996,0.0413357
3220,LOX,23,3,0,0,0.000544533,0.00152653,0.356713
3230,LOX,12,3,5,3,0.000550713,0.00241003,0.228508
3240,LOX,32,3,0,0,0.000545413,0.00150632,0.362084
3250,LOX,66,4,7,3,0.000550333,0.00336813,0.163394
3260,LOX,0,3,0,0,4.376e-05,0.00103455,0.0422984
3270,LOX,0,3,5,3,4.446e-05,0.00219362,0.0202679
3280,LOX,8,3,0,0,0.000549102,0.00131755,0.416761
3290,LOX,10,3,0,0,0.000548253,0.00113855,0.481538
3300,LOX,1,3,0,0,4.894e-05,0.00108183,0.0452384
3310,LOX,21,3,0,0,0.000549573,0.0015498,0.354609
3320,LOX,0,3,0,0,4.3e-05,0.00104851,0.0410107
3330,LOX,21,3,3,3,0.000566863,0.00265261,0.2137
3340,LOX,0,3,0,0,4.2501e-05,0.00103531,0.0410517
3350,LOX,6,3,0,0,4.532e-05,0.00123824,0.0366004
3360,LOX,17,3,0,0,0.000560163,0.00135741,0.412671
3370,LOX,7,3,0,0,4.9731e-05,0.00131204,0.0379037
3380,LOX,20,3,0,0,0.000553203,0.00142574,0.388012
3390,LOX,1,3,0,0,4.307e-05,0.0010964,0.0392833
3400,LOX,40,5,0,0,0.000553242,0.00242599,0.228048
3410,LOX,5,3,0,0,4.413e-05,0.00129801,0.0339983
3420,LOX,38,3,0,0,0.000551143,0.00141178,0.390389
3430,LOX,1,3,10,3,4.5401e-05,0.00219133,0.0207185
3440,LOX,0,3,12,3,4.399e-05,0.00224935,0.0195567
3450,LOX,0,3,8,3,4.6171e-05,0.00221939,0.0208034
3460,LOX,0,3,2,3,4.442e-05,0.00212733,0.0208806
3470,LOX,15,3,0,0,0.000553433,0.00119427,0.463408
3480,LOX,0,3,1,3,4.3291e-05,0.00211003,0.0205168
3490,LOX,11,3,0,0,0.000531043,0.00118915,0.446575
3500,LOX,1,3,0,0,4.308e-05,0.00108208,0.0398124
3510,LOX,36,3,0,0,0.000570693,0.00140088,0.407383
3520,LOX,1,3,0,0,4.364e-05,0.00108297,0.0402967
3530,LOX,0,3,0,0,4.297e-05,0.00105087,0.0408901
3540,LOX,14,3,0,0,0.000530833,0.00125152,0.424152
3550,LOX,12,3,0,0,0.000543703,0.00130135,0.4178
3560,LOX,1,3,0,0,4.4781e-05,0.00113689,0.0393892
3570,LOX,20,3,0,0,0.000542563,0.0012843,0.422459
3580,LOX,19,3,0,0,0.000560323,0.0014214,0.394206
3590,LOX,10,3,0,0,0.000545563,0.00129337,0.421816
3600,LOX,36,3,0,0,0.000568994,0.00181075,0.314231
3610,LOX,13,3,3,3,0.000550033,0.00252351,0.217963
3620,LOX,18,3,0,0,0.000531252,0.00144464,0.367741
3630,LOX,26,3,4,3,0.000562223,0.00284961,0.197298
3640,LOX,3,3,0,0,4.4741e-05,0.00107364,0.0416724
3650,LOX,1,3,8,3,4.3271e-05,0.00226406,0.0191121
3660,LOX,23,3,0,0,0.000537393,0.00158267,0.339549
3670,LOX,3,3,2,3,4.392e-05,0.00218163,0.0201317
3680,LOX,0,3,8,3,4.302e-05,0.00220964,0.0194692
3690,LOX,16,3,0,0,0.000545702,0.00136335,0.400266
3700,LOX,3,3,0,0,4.374e-05,0.00111426,0.0392549
3710,LOX,2,3,0,0,4.3421e-05,0.00108357,0.0400724
3720,LOX,1,3,0,0,4.465e-05,0.00107836,0.0414056
3730,LOX,3,3,0,0,4.439e-05,0.00123214,0.0360269
3740,LOX,7,3,0,0,4.394e-05,0.00119511,0.0367666
3750,LOX,16,3,0,0,0.000560333,0.00143986,0.389159
3760,LOX,3,3,0,0,4.393e-05,0.00105714,0.0415557
3770,LOX,58,3,0,0,0.000550133,0.00155551,0.353668
3780,LOX,14,3,0,0,0.000543573,0.00139288,0.390252
3790,LOX,25,3,0,0,4.527e-05,0.00162336,0.0278866
3800,LOX,1,3,0,0,4.36e-05,0.00109973,0.0396462
3810,LOX,36,3,0,0,0.000540893,0.0016679,0.324296
3820,LOX,0,3,0,0,4.3671e-05,0.00104426,0.0418198
3830,LOX,6,3,0,0,4.3371e-05,0.00109545,0.0395918
3840,LOX,0,3,3,3,4.349e-05,0.00213377,0.0203817
3850,LOX,0,3,0,0,4.353e-05,0.0010727,0.04058
3860,LOX,3,3,6,3,4.319e-05,0.00226896,0.0190351
3870,LOX,11,3,1,3,0.000533373,0.00237517,0.224562
3880,LOX,0,3,0,0,4.2941e-05,0.00105901,0.0405481
3890,LOX,0,3,0,0,4.5241e-05,0.00104766,0.0431827
3900,LOX,1,3,0,0,4.41e-05,0.00108427,0.0406727
3910,LOX,1,3,0,0,4.3091e-05,0.00105638,0.040791
3920,LOX,0,3,0,0,4.207e-05,0.00104496,0.0402601
3930,LOX,44,3,0,0,0.000560283,0.00169559,0.330436
3940,LOX,14,3,0,0,0.000545663,0.0013208,0.413132
3950,LOX,5,3,0,0,4.3851e-05,0.00119738,0.0366226
3960,LOX,19,3,0,0,0.000543682,0.00142432,0.381714
3970,LOX,0,3,1,3,4.33e-05,0.00212379,0.0203881
3980,LOX,2,3,0,0,4.468e-05,0.0010772,0.0414781
3990,LOX,1,3,0,0,4.3021e-05,0.00109351,0.0393419
4000,LOX,21,3,0,0,0.000555983,0.00132299,0.420248
4010,LOX,52,3,0,0,0.000563823,0.00158157,0.356496
4020,LOX,2,3,11,3,4.5141e-05,0.00228231,0.0197786
4030,LOX,7,3,0,0,4.347e-05,0.00113116,0.0384297
4040,LOX,14,3,0,0,0.000564843,0.00126135,0.44781
4050,LOX,24,3,1,3,0.000561683,0.00258222,0.217519
4060,LOX,23,3,6,3,0.000562233,0.00257337,0.218481
4070,LOX,34,4,12,3,0.000555183,0.00300832,0.184549
4080,LOX,29,4,18,5,0.000553723,0.00403804,0.137127
4090,LOX,1,3,1,3,4.3751e-05,0.00212135,0.0206241
4100,LOX,0,3,6,3,4.337e-05,0.0021776,0.0199164
4110,LOX,20,3,0,0,0.000560623,0.00141389,0.396512
4120,LOX,9,3,0,0,4.443e-05,0.00114227,0.0388964
4130,LOX,1,3,0,0,4.35e-05,0.00106061,0.0410143
4140,LOX,4,3,0,0,4.4021e-05,0.00111932,0.0393285
4150,LOX,1,3,0,0,4.412e-05,0.00110921,0.0397762
4160,LOX,1,3,0,0,4.43e-05,0.00108655,0.0407714
4170,LOX,1,3,0,0,4.301e-05,0.00106078,0.0405458
4180,LOX,36,4,0,0,0.000538153,0.00190434,0.282593
4190,LOX,15,3,0,0,0.000558393,0.00125876,0.443607
4200,LOX,8,3,0,0,4.313e-05,0.00116644,0.0369759
4210,LOX,60,3,11,3,0.000550333,0.00293941,0.187225
4220,LOX,2,3,2,3,4.432e-05,0.00214084,0.0207021
4230,LOX,1,3,0,0,4.4701e-05,0.00108617,0.0411549
4240,LOX,3,3,0,0,4.4871e-05,0.00114816,0.0390809
4250,LOX,0,3,0,0,4.508e-05,0.00108167,0.0416765
4260,LOX,26,3,2,3,0.000544302,0.00256517,0.212189
4270,LOX,31,4,2,3,0.000566323,0.00287024,0.197309
4280,LOX,4,3,0,0,4.37e-05,0.00113819,0.0383944
4290,LOX,34,3,0,0,0.000560673,0.0017346,0.323229
4300,LOX,0,3,0,0,4.49e-05,0.00108951,0.0412113
4310,LOX,1,3,0,0,4.43e-05,0.00107778,0.0411032
4320,LOX,27,3,0,0,0.000550293,0.00164977,0.333558
4330,LOX,4,3,0,0,4.444e-05,0.00122118,0.0363912
4340,LOX,43,4,0,0,0.000547383,0.00186408,0.293648
4350,LOX,2,3,0,0,4.501e-05,0.00108454,0.0415013
4360,LOX,75,5,0,0,0.000559913,0.00323133,0.173276
4370,LOX,22,3,4,3,0.000563993,0.00290932,0.193858
4380,LOX,30,3,0,0,0.000537483,0.00145571,0.369224
4390,LOX,21,3,0,0,0.000566453,0.00169553,0.334086
4400,LOX,25,3,0,0,0.000561263,0.00158902,0.353214
4410,LOX,0,3,0,0,4.457e-05,0.0010552,0.0422386
4420,LOX,17,3,0,0,0.000559763,0.00157331,0.355787
4430,LOX,21,3,2,3,0.000557073,0.00237748,0.234312
4440,LOX,23,3,0,0,0.000543543,0.00162516,0.334455
4450,LOX,8,3,2,3,4.397e-05,0.00232959,0.0188745
4460,LOX,3,3,8,3,4.351e-05,0.0022816,0.0190699
4470,LOX,8,3,2,3,4.548e-05,0.00221577,0.0205256
4480,LOX,10,3,1,3,0.000555793,0.00237186,0.234328
4490,LOX,0,3,10,3,4.356e-05,0.00221582,0.0196586
4500,LOX,0,3,0,0,4.43e-05,0.00108596,0.0407935
4510,LOX,15,3,0,0,0.000561173,0.00155592,0.36067
4520,LOX,3,3,3,3,4.488e-05,0.0022125,0.0202847
4530,LOX,23,3,0,0,0.000539133,0.00122433,0.44035
4540,LOX,33,3,0,0,0.000564063,0.00158035,0.356923
4550,LOX,23,3,0,0,4.392e-05,0.00148313,0.0296131
4560,LOX,8,3,0,0,4.31e-05,0.0014529,0.0296649
4570,LOX,8,3,0,0,4.4721e-05,0.00114683,0.0389955
4580,LOX,1,3,0,0,5.0981e-05,0.00109789,0.0464352
4590,LOX,1,3,0,0,4.369e-05,0.00107684,0.0405726
4600,LOX,12,3,0,0,0.000543402,0.00131812,0.412256
4610,LOX,1,3,0,0,4.302e-05,0.00106692,0.0403218
4620,LOX,1,3,1,3,4.2771e-05,0.00210867,0.0202834
4630,LOX,1,3,5,3,4.254e-05,0.00217311,0.0195756
4640,LOX,1,3,5,3,4.297e-05,0.00221753,0.0193774
4650,LOX,14,3,0,0,4.4861e-05,0.00138187,0.0324641
4660,LOX,70,4,0,0,0.000550863,0.00256094,0.215102
4670,LOX,0,3,11,3,4.399e-05,0.00233058,0.0188751
4680,LOX,54,3,1,3,0.000555003,0.0029946,0.185335
4690,LOX,5,3,7,3,0.000545123,0.00229121,0.237919
4700,LOX,24,4,2,3,0.000540723,0.00309612,0.174646
4710,LOX,2,3,0,0,4.41e-05,0.00108003,0.0408324
4720,LOX,7,3,0,0,4.342e-05,0.0011182,0.0388304
4730,LOX,7,3,0,0,4.439e-05,0.00118871,0.0373431
4740,LOX,16,4,0,0,0.000543373,0.00152708,0.355825
4750,LOX,30,3,0,0,0.000559503,0.00145281,0.385118
4760,LOX,1,3,0,0,4.399e-05,0.00108027,0.0407215
4770,LOX,20,3,0,0,0.000545573,0.00146959,0.371242
4780,LOX,2,3,0,0,4.309e-05,0.00113475,0.0379733
4790,LOX,2,3,0,0,4.396e-05,0.00109925,0.039991
4800,LOX,2,3,0,0,4.2801e-05,0.00110507,0.0387316
4810,LOX,2,3,0,0,4.346e-05,0.00110276,0.0394104
4820,LOX,8,3,0,0,4.4701e-05,0.00122067,0.0366202
4830,LOX,0,3,0,0,4.436e-05,0.0010628,0.041739
4840,LOX,9,3,0,0,0.000527303,0.00141295,0.373193
4850,LOX,0,3,0,0,4.514e-05,0.00106434,0.0424114
4860,LOX,1,3,0,0,4.247e-05,0.00109696,0.0387162
4870,LOX,15,3,0,0,0.000559693,0.00139471,0.401298
4880,LOX,0,3,0,0,4.355e-05,0.00106263,0.040983
4890,LOX,0,3,0,0,4.3061e-05,0.00104429,0.0412345
4900,LOX,16,3,0,0,0.000551303,0.00140419,0.392614
4910,LOX,34,3,0,0,0.000562662,0.00155892,0.360931
4920,LOX,0,3,9,3,4.441e-05,0.00217587,0.0204102
4930,LOX,42,4,0,0,0.000558472,0.00180517,0.309374
4940,LOX,19,3,1,3,0.000549383,0.00246332,0.223025
4950,LOX,2,3,3,3,4.3711e-05,0.00222164,0.0196751
4960,LOX,13,3,0,0,0.000547213,0.0014296,0.382774
4970,LOX,1,3,0,0,4.2911e-05,0.00113763,0.0377195
4980,LOX,24,3,10,3,0.000560093,0.00246903,0.226847
4990,LOX,7,3,0,0,0.000535053,0.00116114,0.460801
5000,LOX,26,3,1,3,0.000563003,0.00256474,0.219516
5010,LOX,1,3,0,0,4.323e-05,0.0010758,0.0401842
5020,LOX,20,3,0,0,4.46e-05,0.00139971,0.0318638
5030,LOX,4,3,0,0,4.367e-05,0.00112722,0.0387415
5040,LOX,1,3,0,0,4.323e-05,0.00107119,0.0403571
5050,LOX,0,3,0,0,4.279e-05,0.00105679,0.0404904
5060,LOX,0,3,0,0,4.466e-05,0.00106318,0.0420062
5070,LOX,3,3,0,0,4.344e-05,0.00110638,0.0392633
5080,LOX,0,3,0,0,4.3121e-05,0.00108001,0.0399263
5090,LOX,1,3,0,0,4.207e-05,0.00110961,0.0379144
5100,LOX,1,3,0,0,4.381e-05,0.00108537,0.0403639
5110,LOX,13,3,1,3,4.419e-05,0.00234266,0.0188631
5120,LOX,2,3,6,3,4.4091e-05,0.0023045,0.0191325
5130,LOX,2,3,0,0,4.5411e-05,0.00117459,0.0386613
5140,LOX,32,4,0,0,0.000534753,0.00200048,0.267312
5150,LOX,61,4,2,3,0.000545273,0.00327304,0.166595
5160,LOX,0,3,0,0,4.4091e-05,0.00103827,0.0424656
5170,LOX,0,3,0,0,4.427e-05,0.00104665,0.042297
5180,LOX,0,3,0,0,4.938e-05,0.00105101,0.0469836
5190,LOX,6,3,1,3,4.366e-05,0.00225028,0.019402
5200,LOX,25,3,3,3,0.000559823,0.00271898,0.205894
5210,LOX,7,3,0,0,4.311e-05,0.00115168,0.0374324
5220,LOX,1,3,0,0,4.3071e-05,0.00106203,0.0405555
5230,LOX,2,3,0,0,4.3561e-05,0.00110834,0.0393031
5240,LOX,1,3,0,0,5.085e-05,0.00107715,0.0472081
5250,LOX,21,3,0,0,4.319e-05,0.00146279,0.0295258
5260,LOX,1,3,0,0,4.461e-05,0.00109842,0.040613
5270,LOX,7,3,0,0,4.319e-05,0.00120313,0.0358982
5280,LOX,32,3,0,0,0.000562733,0.00166915,0.337138
5290,LOX,36,3,0,0,0.000551083,0.00144703,0.380838
5300,LOX,1,3,0,0,4.388e-05,0.00113084,0.0388032
5310,LOX,21,3,0,0,0.000556353,0.00130643,0.425858
5320,LOX,4,3,3,3,4.465e-05,0.00223535,0.0199745
5330,LOX,16,3,8,3,0.000560373,0.00258724,0.216591
5340,LOX,0,3,6,3,4.5051e-05,0.00219264,0.0205465
5350,LOX,23,3,0,0,0.000548503,0.00141219,0.388407
5360,LOX,9,3,0,0,4.486e-05,0.00120178,0.0373281
5370,LOX,16,3,0,0,0.000550493,0.00142795,0.385513
5380,LOX,36,3,0,0,0.000577973,0.0018022,0.320704
5390,LOX,20,3,0,0,0.000544283,0.00143943,0.378125
5400,LOX,0,3,3,3,4.4371e-05,0.00216418,0.0205024
5410,LOX,16,3,0,0,0.000548203,0.00136093,0.402816
5420,LOX,0,3,0,0,4.45e-05,0.00106075,0.0419516
5430,LOX,4,3,0,0,4.5601e-05,0.00110593,0.0412333
5440,LOX,0,3,0,0,4.306e-05,0.00106151,0.040565
5450,LOX,16,3,0,0,0.000544243,0.00137041,0.39714
5460,LOX,5,3,0,0,4.453e-05,0.00122199,0.0364407
5470,LOX,18,3,0,0,0.000547623,0.00165929,0.330035
5480,LOX,5,3,0,0,0.000533673,0.00128545,0.415165
5490,LOX,25,4,1,3,4.443e-05,0.00290435,0.0152978
5500,LOX,0,3,0,0,4.31e-05,0.00106236,0.0405702
5510,LOX,0,3,0,0,4.414e-05,0.00105629,0.0417879
5520,LOX,56,5,0,0,0.000574353,0.00233335,0.246149
5530,LOX,1,3,0,0,4.3691e-05,0.00108216,0.040374
5540,LOX,0,3,3,3,4.5381e-05,0.0021371,0.0212349
5550,LOX,19,3,0,0,0.000555243,0.00158582,0.35013
5560,LOX,3,3,0,0,4.298e-05,0.00112136,0.0383286
5570,LOX,0,3,0,0,4.377e-05,0.0010607,0.041265
5580,LOX,1,3,0,0,4.8731e-05,0.00109673,0.0444332
5590,LOX,1,3,1,3,4.317e-05,0.00215931,0.0199925
5600,LOX,30,3,0,0,0.000561703,0.00171582,0.327367
5610,LOX,11,3,0,0,0.000549133,0.00126784,0.433126
5620,LOX,1,3,0,0,4.2981e-05,0.00110963,0.0387347
5630,LOX,11,3,6,3,4.455e-05,0.0024127,0.0184648
5640,LOX,1,3,0,0,4.366e-05,0.00106935,0.0408287
5650,LOX,1,3,0,0,4.35e-05,0.00109781,0.0396245
5660,LOX,11,3,0,0,0.000563933,0.00122481,0.460426
5670,LOX,18,3,0,0,0.000562773,0.00121776,0.462139
5680,LOX,33,3,0,0,0.000555883,0.00163821,0.339324
5690,LOX,39,4,0,0,4.488e-05,0.00208163,0.02156
5700,LOX,19,3,0,0,0.000564263,0.0014308,0.39437
5710,LOX,14,3,1,3,0.000557293,0.00255061,0.218494
5720,LOX,38,4,2,3,0.000570183,0.00302841,0.188278
5730,LOX,6,3,0,0,4.569e-05,0.00114371,0.0399491
5740,LOX,3,3,0,0,4.453e-05,0.00115008,0.0387192
5750,LOX,4,3,6,3,4.363e-05,0.0022879,0.0190699
5760,LOX,5,3,0,0,4.366e-05,0.00116581,0.0374505
5770,LOX,28,4,0,0,0.000545873,0.00193628,0.281918
5780,LOX,14,3,0,0,0.000546453,0.00124859,0.437657
5790,LOX,4,3,0,0,4.494e-05,0.00111554,0.0402856
5800,LOX,2,3,9,3,4.347e-05,0.00229459,0.0189445
5810,LOX,19,3,0,0,0.000566133,0.00169764,0.333483
5820,LOX,31,3,19,3,0.000555443,0.00330771,0.167924
5830,LOX,0,3,0,0,4.3911e-05,0.00104331,0.042088
5840,LOX,0,3,0,0,4.512e-05,0.0010514,0.0429144
5850,LOX,5,3,0,0,4.3821e-05,0.00117549,0.037279
5860,LOX,1,3,0,0,4.371e-05,0.00111506,0.0391998
5870,LOX,0,3,0,0,4.448e-05,0.00106394,0.041807
5880,LOX,1,3,0,0,4.357e-05,0.00107455,0.0405474
5890,LOX,12,3,0,0,4.351e-05,0.00136554,0.0318629
5900,LOX,4,3,0,0,4.357e-05,0.00111027,0.0392428
5910,LOX,17,3,6,3,0.000548722,0.00229462,0.239134
5920,LOX,0,3,0,0,4.398e-05,0.00105251,0.041786
5930,LOX,14,3,21,3,0.000531543,0.00310891,0.170974
5940,LOX,6,3,0,0,4.378e-05,0.00120217,0.0364176
5950,LOX,26,3,0,0,0.000539903,0.00200932,0.268699
5960,LOX,0,3,1,3,4.487e-05,0.00209813,0.0213857
5970,LOX,7,3,0,0,4.416e-05,0.00108516,0.0406946
5980,LOX,28,3,0,0,0.000544213,0.00172646,0.315219
5990,LOX,5,3,6,3,4.368e-05,0.00230898,0.0189174
6000,LOX,0,3,3,3,4.392e-05,0.00219674,0.0199932
6010,LOX,0,3,0,0,4.472e-05,0.00105807,0.0422654
6020,LOX,0,3,0,0,4.522e-05,0.00106288,0.0425449
6030,LOX,2,3,0,0,4.249e-05,0.00107157,0.0396522
6040,LOX,0,3,6,3,4.4071e-05,0.00221976,0.0198539
6050,LOX,0,3,0,0,4.406e-05,0.00107078,0.0411477
6060,LOX,0,3,0,0,4.422e-05,0.00103505,0.0427228
6070,LOX,28,3,0,0,0.000556202,0.0016049,0.346565
6080,LOX,14,3,0,0,0.000556732,0.00128977,0.431653
6090,LOX,37,3,0,0,0.000557063,0.00174909,0.318488
6100,LOX,6,3,0,0,0.000549903,0.00122159,0.450155
6110,LOX,30,3,2,3,0.000541353,0.00244491,0.22142
6120,LOX,1,3,2,3,4.465e-05,0.00212744,0.0209876
6130,LOX,8,3,0,0,4.323e-05,0.00129091,0.0334881
6140,LOX,17,3,6,3,0.000543633,0.00271183,0.200468
6150,LOX,0,3,2,3,4.301e-05,0.00214578,0.020044
6160,LOX,1,3,9,3,4.4431e-05,0.00221988,0.020015
6170,LOX,4,3,3,3,4.314e-05,0.00216433,0.0199322
6180,LOX,31,4,6,3,0.000566223,0.00303138,0.186788
6190,LOX,21,3,1,3,0.000547453,0.00245753,0.222765
6200,LOX,4,3,11,3,4.361e-05,0.00232671,0.0187432
6210,LOX,1,3,0,0,4.313e-05,0.00105061,0.0410525
6220,LOX,5,3,0,0,4.226e-05,0.00121406,0.0348089
6230,LOX,1,3,0,0,4.456e-05,0.00104777,0.0425286
6240,LOX,9,3,0,0,0.000544933,0.00120377,0.45269
6250,LOX,5,3,0,0,4.435e-05,0.00111619,0.0397335
6260,LOX,15,3,0,0,0.000552273,0.00152366,0.362465
6270,LOX,4,3,0,0,4.3e-05,0.00116549,0.0368944
6280,LOX,19,3,0,0,0.000553203,0.00131546,0.420541
6290,LOX,1,3,0,0,4.332e-05,0.00109066,0.0397192
6300,LOX,5,3,0,0,4.5371e-05,0.00121803,0.0372496
6310,LOX,6,3,5,3,4.401e-05,0.00225983,0.0194749
6320,LOX,9,3,0,0,0.000540743,0.00124326,0.434941
6330,LOX,28,3,0,0,0.000560943,0.00163741,0.34258
6340,LOX,0,3,0,0,4.359e-05,0.00107982,0.0403677
6350,LOX,44,3,1,3,0.000579793,0.00304547,0.190379
6360,LOX,10,3,12,3,0.000577543,0.00241114,0.239531
6370,LOX,0,3,1,3,4.3951e-05,0.00207704,0.0211604
6380,LOX,19,3,0,0,0.000561583,0.0013944,0.402742
6390,LOX,18,4,7,3,0.000566333,0.00301248,0.187996
6400,LOX,1,3,10,3,4.437e-05,0.00227296,0.0195208
6410,LOX,36,3,0,0,0.000556613,0.00146554,0.379801
6420,LOX,0,3,0,0,4.626e-05,0.00103535,0.0446808
6430,LOX,2,3,0,0,4.384e-05,0.00110693,0.0396052
6440,LOX,12,3,0,0,4.398e-05,0.00133748,0.0328828
6450,LOX,1,3,0,0,4.363e-05,0.00111778,0.0390329
6460,LOX,26,4,0,0,0.000558953,0.00183588,0.304461
6470,LOX,2,3,0,0,4.344e-05,0.00108525,0.0400278
6480,LOX,0,3,0,0,4.4761e-05,0.00104393,0.0428772
6490,LOX,2,3,0,0,4.372e-05,0.00111097,0.0393531
6500,LOX,26,3,0,0,0.000558653,0.0015731,0.355129
6510,LOX,17,3,0,0,0.000561863,0.00137843,0.407612
6520,LOX,27,3,0,0,0.000551993,0.00145965,0.378169
6530,LOX,1,3,0,0,4.3631e-05,0.00107742,0.0404956
6540,LOX,1,3,0,0,4.383e-05,0.00107269,0.0408601
6550,LOX,0,3,0,0,4.332e-05,0.00105534,0.0410485
6560,LOX,9,3,0,0,4.304e-05,0.00125307,0.0343477
6570,LOX,0,3,0,0,4.375e-05,0.00105773,0.0413623
6580,LOX,1,3,0,0,4.2901e-05,0.00110753,0.0387356
6590,LOX,2,3,0,0,4.391e-05,0.00118463,0.0370665
6600,LOX,0,3,0,0,4.252e-05,0.00106789,0.039817
6610,LOX,1,3,0,0,5.023e-05,0.00105764,0.0474927
6620,LOX,12,3,0,0,0.000544603,0.00127927,0.425715
6630,LOX,33,4,4,3,0.000548883,0.00331071,0.16579
6640,LOX,0,3,5,3,4.372e-05,0.00227525,0.0192155
6650,LOX,4,3,0,0,4.469e-05,0.00124997,0.035753
6660,LOX,23,3,0,0,0.000531672,0.00144326,0.368383
6670,LOX,1,3,0,0,4.447e-05,0.00105839,0.0420168
6680,LOX,1,3,5,3,4.265e-05,0.00224829,0.01897
6690,LOX,5,3,8,3,4.3481e-05,0.00223775,0.0194307
6700,LOX,10,3,1,3,0.000558983,0.00234651,0.238219
6710,LOX,2,3,0,0,4.2751e-05,0.00116695,0.0366349
6720,LOX,2,3,0,0,4.528e-05,0.00107313,0.0421945
6730,LOX,9,3,0,0,4.41e-05,0.00124648,0.0353797
6740,LOX,0,3,0,0,4.487e-05,0.00104852,0.0427938
6750,LOX,0,3,0,0,4.384e-05,0.00108324,0.0404713
6760,LOX,0,3,0,0,5.077e-05,0.00104715,0.0484842
6770,LOX,0,3,0,0,4.189e-05,0.00103041,0.0406539
6780,LOX,47,3,0,0,0.000557603,0.00162919,0.342258
6790,LOX,2,3,0,0,4.459e-05,0.00116298,0.0383413
6800,LOX,1,3,0,0,4.3321e-05,0.00107667,0.0402363
6810,LOX,1,3,1,3,4.345e-05,0.00221726,0.0195962
6820,LOX,0,3,6,3,4.3711e-05,0.0022043,0.0198299
6830,LOX,54,3,0,0,0.000554653,0.00196737,0.281926
6840,LOX,53,4,0,0,0.000554513,0.0021965,0.252453
6850,LOX,3,3,0,0,4.373e-05,0.00128197,0.0341116
6860,LOX,2,3,0,0,4.26e-05,0.00107311,0.0396978
6870,LOX,1,3,2,3,4.372e-05,0.00214736,0.0203599
6880,LOX,0,3,3,3,4.4541e-05,0.00213507,0.0208616
6890,LOX,11,3,0,0,4.4001e-05,0.00117224,0.037536
6900,LOX,1,3,0,0,4.338e-05,0.00112673,0.0385009
6910,LOX,1,3,0,0,4.453e-05,0.00110062,0.0404592
6920,LOX,0,3,0,0,4.4e-05,0.00103231,0.042623
6930,LOX,10,3,3,3,4.424e-05,0.00232097,0.019061
6940,LOX,1,3,0,0,4.4981e-05,0.00107784,0.0417327
6950,LOX,0,3,0,0,4.324e-05,0.00107555,0.0402028
6960,LOX,12,3,0,0,4.3801e-05,0.00125369,0.0349378
6970,LOX,0,3,0,0,4.4221e-05,0.00105576,0.0418857
6980,LOX,1,3,0,0,4.256e-05,0.00105134,0.0404818
6990,LOX,32,4,0,0,0.000562523,0.00204003,0.275743
7000,LOX,11,3,0,0,4.423e-05,0.00126661,0.0349201
7010,LOX,9,3,0,0,4.387e-05,0.0012355,0.035508
7020,LOX,11,3,0,0,4.532e-05,0.00144561,0.0313501
7030,LOX,1,3,0,0,4.378e-05,0.00111004,0.0394402
7040,LOX,2,3,1,3,4.452e-05,0.00214844,0.020722
7050,LOX,1,3,0,0,4.308e-05,0.00109322,0.0394067
7060,LOX,2,3,0,0,4.445e-05,0.00112798,0.0394069
7070,LOX,0,3,0,0,4.286e-05,0.00105368,0.0406767
7080,LOX,0,3,0,0,4.352e-05,0.00104587,0.0416111
7090,LOX,1,3,1,3,4.4521e-05,0.00214035,0.0208008
7100,LOX,6,3,0,0,4.2811e-05,0.00117809,0.0363395
7110,LOX,19,3,0,0,0.000552523,0.00163216,0.338523
7120,LOX,18,3,0,0,0.000543053,0.00159226,0.341058
7130,LOX,1,3,0,0,5.1041e-05,0.00107277,0.0475789
7140,LOX,19,3,0,0,0.000548683,0.00132672,0.413564
7150,LOX,0,3,0,0,4.345e-05,0.00107642,0.0403655
7160,LOX,2,3,0,0,4.461e-05,0.00107127,0.0416423
7170,LOX,0,3,0,0,4.449e-05,0.0010788,0.0412404
7180,LOX,30,3,0,0,0.000543863,0.00184966,0.294034
7190,LOX,47,3,0,0,0.000544262,0.00198645,0.273987
7200,LOX,22,3,0,0,0.000529083,0.00159642,0.331419
7210,LOX,0,3,7,3,4.366e-05,0.00214712,0.0203342
7220,LOX,1,3,6,3,4.877e-05,0.00225383,0.0216387
7230,LOX,1,3,2,3,4.3651e-05,0.00222471,0.019621
7240,LOX,1,3,1,3,4.2911e-05,0.00211724,0.0202674
7250,LOX,2,3,2,3,4.311e-05,0.00220956,0.0195107
7260,LOX,29,4,0,0,0.000561953,0.00206605,0.271994
7270,LOX,17,3,2,3,0.000553523,0.00248895,0.222392
7280,LOX,1,3,0,0,4.385e-05,0.00107495,0.0407927
7290,LOX,0,3,2,3,4.863e-05,0.00211341,0.0230102
7300,LOX,0,3,0,0,4.4401e-05,0.001073,0.04138
7310,LOX,28,3,0,0,0.000547213,0.00168034,0.325656
7320,LOX,1,3,0,0,4.473e-05,0.00106628,0.0419497
7330,LOX,21,4,0,0,0.000547623,0.00153248,0.357345
7340,LOX,1,3,0,0,4.381e-05,0.00109306,0.0400803
7350,LOX,15,3,0,0,0.000534073,0.0013647,0.391349
7360,LOX,0,3,0,0,4.305e-05,0.00103301,0.0416741
7370,LOX,59,4,0,0,0.000550603,0.00223507,0.246347
7380,LOX,12,3,0,0,0.000531613,0.00134877,0.394147
7390,LOX,14,3,0,0,0.000536653,0.00124751,0.430181
7400,LOX,21,3,0,0,0.000561303,0.0016687,0.336372
7410,LOX,0,3,0,0,4.276e-05,0.00105589,0.0404968
7420,LOX,21,3,1,3,0.000563683,0.00284824,0.197906
7430,LOX,0,3,2,3,4.31e-05,0.00207816,0.0207395
7440,LOX,0,3,5,3,4.2841e-05,0.00224273,0.0191021
7450,LOX,0,3,7,3,4.512e-05,0.00232976,0.0193668
7460,LOX,0,3,2,3,4.291e-05,0.00212002,0.0202404
7470,LOX,41,4,0,0,0.000554843,0.00186294,0.297832
7480,LOX,12,3,1,3,0.000540593,0.00235139,0.229903
7490,LOX,0,3,0,0,4.332e-05,0.00104651,0.0413949
7500,LOX,23,5,0,0,0.000549353,0.00224146,0.245087
7510,LOX,27,3,0,0,0.000538523,0.00148561,0.362493
7520,LOX,11,3,0,0,4.3491e-05,0.00118138,0.0368139
7530,LOX,0,3,0,0,4.394e-05,0.00104119,0.0422019
7540,LOX,10,3,0,0,4.922e-05,0.00127816,0.0385086
7550,LOX,1,3,0,0,4.258e-05,0.00108193,0.0393557
7560,LOX,7,3,0,0,4.404e-05,0.00112142,0.0392718
7570,LOX,0,3,0,0,4.354e-05,0.00104395,0.0417071
7580,LOX,2,3,0,0,4.455e-05,0.00109405,0.0407204
7590,LOX,15,3,0,0,0.000533702,0.00145461,0.366904
7600,LOX,27,3,0,0,0.000543793,0.00149614,0.363465
7610,LOX,16,3,0,0,0.000546163,0.0012566,0.434637
7620,LOX,1,3,0,0,4.424e-05,0.00106778,0.0414319
7630,LOX,7,3,0,0,4.396e-05,0.00121672,0.03613
7640,LOX,0,3,1,3,4.345e-05,0.00208648,0.0208245
7650,LOX,10,3,0,0,0.000546583,0.00136942,0.399136
7660,LOX,7,3,1,3,4.362e-05,0.00246862,0.0176698
7670,LOX,0,3,0,0,4.4521e-05,0.00106022,0.041992
7680,LOX,20,3,0,0,0.000544942,0.00158247,0.344362
7690,LOX,0,3,8,3,4.349e-05,0.00216945,0.0200465
7700,LOX,16,3,0,0,4.363e-05,0.00148537,0.0293732
7710,LOX,19,3,0,0,0.000554803,0.00138572,0.400373
7720,LOX,0,3,0,0,4.456e-05,0.00104166,0.042778
7730,LOX,25,3,0,0,0.000536653,0.00146209,0.367046
7740,LOX,1,3,0,0,4.564e-05,0.00109285,0.0417625
7750,LOX,57,4,0,0,0.000549273,0.00185347,0.296349
7760,LOX,3,3,0,0,4.328e-05,0.00108781,0.0397865
7770,LOX,1,3,0,0,4.429e-05,0.00105095,0.0421426
7780,LOX,13,3,0,0,0.000533693,0.00117556,0.453992
7790,LOX,1,3,0,0,4.8781e-05,0.00105748,0.0461293
7800,LOX,13,3,0,0,4.284e-05,0.00127083,0.0337103
7810,LOX,17,3,0,0,4.316e-05,0.001264,0.0341457
7820,LOX,1,3,6,3,4.395e-05,0.00221382,0.0198525
7830,LOX,1,3,0,0,4.369e-05,0.00107276,0.0407269
7840,LOX,1,3,0,0,4.257e-05,0.00106891,0.0398258
7850,LOX,1,3,0,0,4.292e-05,0.00108789,0.0394527
7860,LOX,23,5,0,0,4.257e-05,0.00188394,0.0225963
7870,LOX,18,3,1,3,0.000558563,0.00229832,0.243031
7880,LOX,19,3,0,0,0.000548963,0.00137333,0.399732
7890,LOX,1,3,0,0,4.376e-05,0.00105666,0.0414137
7900,LOX,24,3,0,0,0.000544973,0.00143723,0.379183
7910,LOX,0,3,0,0,4.479e-05,0.00106067,0.0422282
7920,LOX,0,3,0,0,4.2241e-05,0.00105718,0.0399565
7930,LOX,33,3,0,0,0.000543373,0.00166413,0.326521
7940,LOX,9,3,0,0,4.4991e-05,0.00116546,0.0386038
7950,LOX,8,3,0,0,4.331e-05,0.00149123,0.0290432
7960,LOX,9,3,0,0,4.397e-05,0.00120923,0.0363621
7970,LOX,0,3,0,0,4.419e-05,0.00104947,0.0421071
7980,LOX,32,4,0,0,0.000550452,0.0019767,0.27847
7990,LOX,1,3,0,0,4.332e-05,0.0010944,0.0395835
8000,LOX,0,3,0,0,4.35e-05,0.00108864,0.0399583
8010,LOX,38,4,0,0,0.000571443,0.00192099,0.297473
8020,LOX,1,3,4,3,4.375e-05,0.0021793,0.0200752
8030,LOX,10,3,2,3,0.000548863,0.0025233,0.217518
8040,LOX,27,3,1,3,0.000557643,0.00264035,0.2112
8050,LOX,0,3,7,3,4.38e-05,0.00229739,0.0190651
8060,LOX,1,3,0,0,4.251e-05,0.00107956,0.0393773
8070,LOX,1,3,1,3,4.304e-05,0.00211206,0.0203782
8080,LOX,12,3,2,3,0.000532433,0.00226673,0.23489
8090,LOX,16,3,0,0,0.000563583,0.00136871,0.411763
8100,LOX,20,3,0,0,0.000551242,0.0012818,0.430054
8110,LOX,3,3,0,0,4.453e-05,0.00111924,0.0397861
8120,LOX,0,3,0,0,4.3641e-05,0.00105441,0.0413892
8130,LOX,2,3,0,0,4.5371e-05,0.00105926,0.0428325
8140,LOX,37,3,0,0,0.000549252,0.00160068,0.343137
8150,LOX,1,3,0,0,4.386e-05,0.0010896,0.0402535
8160,LOX,22,3,0,0,0.000554143,0.00116045,0.477526
8170,LOX,16,3,0,0,5.037e-05,0.00127314,0.0395637
8180,LOX,0,3,0,0,4.384e-05,0.00106721,0.0410792
8190,LOX,63,3,0,0,0.000546923,0.00184423,0.296559
8200,LOX,21,4,0,0,0.000537963,0.00169149,0.318041
8210,LOX,2,3,0,0,4.325e-05,0.00111844,0.0386701
8220,LOX,0,3,0,0,4.382e-05,0.00103755,0.0422343
8230,LOX,25,4,0,0,0.000545203,0.00188078,0.289881
8240,LOX,1,3,0,0,4.369e-05,0.00107782,0.0405353
8250,LOX,36,4,0,0,0.000561093,0.00191382,0.293179
8260,LOX,0,3,0,0,4.398e-05,0.00104983,0.0418927
8270,LOX,49,4,0,0,0.000556503,0.00180865,0.30769
8280,LOX,16,3,0,0,4.448e-05,0.00134971,0.0329553
8290,LOX,4,3,0,0,5.072e-05,0.00112786,0.0449703
8300,LOX,33,3,0,0,0.000555222,0.00159729,0.347603
8310,LOX,0,3,4,3,4.351e-05,0.00218444,0.0199181
8320,LOX,25,3,0,0,0.000540413,0.00163503,0.330522
8330,LOX,6,3,1,3,0.000542463,0.00217252,0.249693
8340,LOX,23,3,0,0,0.000537812,0.00146166,0.367947
8350,LOX,11,3,1,3,0.000535393,0.00222655,0.240458
8360,LOX,16,3,8,3,0.000552332,0.00252913,0.218388
8370,LOX,3,3,0,0,4.374e-05,0.0010569,0.0413853
8380,LOX,1,3,0,0,4.483e-05,0.00111362,0.0402562
8390,LOX,0,3,0,0,4.484e-05,0.00106093,0.042265
8400,LOX,0,3,0,0,4.4021e-05,0.00105765,0.0416217
8410,LOX,2,3,0,0,4.235e-05,0.00106685,0.0396965
8420,LOX,13,3,0,0,0.000567843,0.00138814,0.409068
8430,LOX,1,3,0,0,4.447e-05,0.00104001,0.0427594
8440,LOX,29,3,0,0,0.000557403,0.00153531,0.363056
8450,LOX,24,3,0,0,0.000547753,0.00145506,0.376448
8460,LOX,5,3,0,0,4.389e-05,0.00127075,0.0345387
8470,LOX,11,3,0,0,0.000548163,0.00136201,0.402467
8480,LOX,4,3,0,0,4.2641e-05,0.00118601,0.0359534
8490,LOX,2,3,0,0,4.394e-05,0.00112591,0.0390263
8500,LOX,0,3,0,0,4.43e-05,0.001077,0.041133
8510,LOX,2,3,0,0,4.354e-05,0.00107764,0.0404033
8520,LOX,0,3,0,0,4.454e-05,0.00104715,0.0425343
8530,LOX,1,3,0,0,4.418e-05,0.00110043,0.0401481
8540,LOX,1,3,2,3,4.349e-05,0.0021259,0.0204572
8550,LOX,18,3,0,0,0.000547693,0.00124379,0.440343
8560,LOX,4,3,0,0,4.5551e-05,0.00109329,0.0416643
8570,LOX,1,3,1,3,4.321e-05,0.00209651,0.0206104
8580,LOX,11,3,0,0,4.429e-05,0.0011581,0.0382438
8590,LOX,5,3,1,3,0.000534273,0.00217471,0.245675
8600,LOX,1,3,8,3,4.307e-05,0.00233832,0.0184192
8610,LOX,16,3,0,0,0.000560393,0.0013452,0.416588
8620,LOX,1,3,0,0,4.545e-05,0.00111076,0.0409181
8630,LOX,1,3,0,0,4.291e-05,0.00109823,0.0390721
8640,LOX,10,3,0,0,0.000528662,0.00125787,0.420284
8650,LOX,26,3,0,0,0.000542953,0.00156989,0.345854
8660,LOX,2,3,0,0,4.326e-05,0.00111485,0.0388036
8670,LOX,1,3,0,0,4.264e-05,0.00107518,0.0396586
8680,LOX,5,3,0,0,4.302e-05,0.00121965,0.0352725
8690,LOX,0,3,0,0,4.281e-05,0.00104097,0.0411253
8700,LOX,17,3,0,0,0.000544822,0.00139569,0.390361
8710,LOX,2,3,0,0,4.5331e-05,0.00109063,0.0415642
8720,LOX,20,3,1,3,0.000543893,0.00274429,0.19819
8730,LOX,17,3,1,3,0.000554713,0.00239266,0.231839
8740,LOX,23,3,7,3,0.000560283,0.00280906,0.199456
8750,LOX,38,3,1,3,0.000548953,0.00268974,0.204091
8760,LOX,1,3,0,0,4.3781e-05,0.00106635,0.0410571
8770,LOX,21,3,0,0,0.000543273,0.0016197,0.335416
8780,LOX,0,3,0,0,4.3881e-05,0.00106014,0.0413919
8790,LOX,54,4,1,3,0.000547083,0.0032273,0.169517
8800,LOX,1,3,10,3,4.269e-05,0.0022274,0.0191658
8810,LOX,3,3,0,0,4.256e-05,0.00124469,0.0341933
8820,LOX,1,3,0,0,4.328e-05,0.0010722,0.0403654
8830,LOX,0,3,0,0,4.404e-05,0.0010474,0.0420471
8840,LOX,1,3,0,0,4.346e-05,0.00103885,0.0418349
8850,LOX,10,3,0,0,0.000538573,0.00127013,0.424031
8860,LOX,0,3,0,0,4.42e-05,0.00107016,0.0413024
8870,LOX,1,3,0,0,4.337e-05,0.0010719,0.040461
8880,LOX,17,3,0,0,0.000548413,0.00136976,0.400372
8890,LOX,25,4,0,0,0.000554402,0.00195797,0.283151
8900,LOX,1,3,0,0,4.3061e-05,0.00110751,0.0388811
8910,LOX,46,3,5,3,0.000558653,0.00283352,0.197158
8920,LOX,30,3,3,3,0.000549443,0.00273896,0.200602
8930,LOX,12,3,0,0,4.3671e-05,0.00147234,0.029661
8940,LOX,20,3,14,3,0.000534713,0.00254056,0.21047
8950,LOX,0,3,0,0,4.3741e-05,0.00107391,0.0407308
8960,LOX,11,3,0,0,4.438e-05,0.00143189,0.030994
8970,LOX,0,3,1,3,4.3581e-05,0.00211774,0.020579
8980,LOX,2,3,0,0,4.477e-05,0.00105383,0.0424833
8990,LOX,7,3,8,3,4.4031e-05,0.00230467,0.0191051
9000,LOX,0,3,6,3,4.2221e-05,0.00218506,0.0193226
9010,LOX,2,3,0,0,4.636e-05,0.00111018,0.0417591
9020,LOX,28,3,0,0,0.000551293,0.00136644,0.403453
9030,LOX,0,3,0,0,4.404e-05,0.00104451,0.0421635
9040,LOX,73,7,0,0,0.000554073,0.00294428,0.188187
9050,LOX,1,3,0,0,4.3081e-05,0.00109204,0.0394502
9060,LOX,0,3,0,0,4.289e-05,0.0010344,0.0414638
9070,LOX,1,3,0,0,4.456e-05,0.00108286,0.0411504
9080,LOX,12,3,0,0,0.000541753,0.00126175,0.429368
9090,LOX,1,3,0,0,4.492e-05,0.00105455,0.0425966
9100,LOX,1,3,0,0,4.3811e-05,0.00112229,0.0390373
9110,LOX,0,3,0,0,4.338e-05,0.00105317,0.0411901
9120,LOX,21,3,0,0,0.000547123,0.00137133,0.398973
9130,LOX,0,3,0,0,4.347e-05,0.00103038,0.0421885
9140,LOX,1,3,1,3,4.3331e-05,0.0021196,0.020443
9150,LOX,17,3,16,3,0.000549783,0.00317674,0.173065
9160,LOX,0,3,0,0,4.328e-05,0.00105707,0.0409435
9170,LOX,1,3,2,3,4.279e-05,0.00217458,0.0196774
9180,LOX,7,3,5,3,4.374e-05,0.0024273,0.01802
9190,LOX,0,3,4,3,4.376e-05,0.00219495,0.0199367
9200,LOX,0,3,0,0,4.386e-05,0.00107506,0.0407979
9210,LOX,19,3,0,0,0.000543783,0.00130617,0.41632
9220,LOX,11,3,0,0,0.000540043,0.00121368,0.444965
9230,LOX,5,3,0,0,4.513e-05,0.00113845,0.0396418
9240,LOX,0,3,0,0,4.278e-05,0.00105018,0.040736
9250,LOX,21,3,0,0,0.000551773,0.0014216,0.388136
9260,LOX,0,3,5,3,4.33e-05,0.0023178,0.0186815
9270,LOX,6,3,0,0,4.3491e-05,0.00120682,0.0360378
9280,LOX,22,3,0,0,0.000548852,0.00152268,0.360452
9290,LOX,18,3,0,0,0.000561193,0.00150021,0.374077
9300,LOX,10,3,0,0,4.394e-05,0.00124348,0.0353364
9310,LOX,37,3,2,3,0.000536393,0.00251366,0.213391
9320,LOX,1,3,2,3,4.426e-05,0.00218552,0.0202515
9330,LOX,8,3,0,0,0.000538053,0.00112708,0.477388
9340,LOX,10,3,2,3,4.37e-05,0.00235593,0.0185489
9350,LOX,11,3,0,0,0.000537933,0.00119148,0.451484
9360,LOX,31,4,0,0,0.000545373,0.00174852,0.311906
9370,LOX,15,3,4,3,0.000536523,0.0023742,0.22598
9380,LOX,1,3,0,0,4.327e-05,0.00106951,0.0404579
9390,LOX,35,4,0,0,0.000551593,0.00194089,0.284196
9400,LOX,1,3,9,3,4.422e-05,0.00224991,0.0196541
9410,LOX,0,3,0,0,4.294e-05,0.00104728,0.0410016
9420,LOX,8,3,0,0,4.419e-05,0.00116085,0.0380671
9430,LOX,2,3,0,0,4.392e-05,0.00109118,0.0402502
9440,LOX,8,3,0,0,4.331e-05,0.0012173,0.0355788
9450,LOX,15,3,0,0,0.000543193,0.001285,0.422719
9460,LOX,9,3,0,0,0.000549013,0.00116765,0.470188
9470,LOX,1,3,0,0,4.328e-05,0.00107197,0.0403744
9480,LOX,1,3,0,0,4.3321e-05,0.00106722,0.0405926
9490,LOX,10,3,0,0,4.395e-05,0.00127355,0.0345099
9500,LOX,7,3,0,0,4.2691e-05,0.00136703,0.0312291
9510,LOX,13,3,0,0,0.000553073,0.00146781,0.376802
9520,LOX,17,3,8,3,4.421e-05,0.00248288,0.0178059
9530,LOX,6,3,8,3,4.331e-05,0.00244806,0.0176915
9540,LOX,7,3,0,0,4.3951e-05,0.00115929,0.0379121
9550,LOX,0,3,0,0,4.431e-05,0.00107588,0.041185
9560,LOX,6,3,0,0,4.3871e-05,0.00136564,0.0321249
9570,LOX,45,5,0,0,0.000548583,0.00233108,0.235334
9580,LOX,1,3,10,3,4.383e-05,0.00223317,0.0196268
9590,LOX,0,3,0,0,4.251e-05,0.00103565,0.0410468
9600,LOX,18,3,11,3,0.000546613,0.00268986,0.203212
9610,LOX,1,3,0,0,4.39e-05,0.00107467,0.0408499
9620,LOX,1,3,0,0,4.3681e-05,0.00107573,0.0406061
9630,LOX,1,3,0,0,4.323e-05,0.00109011,0.0396567
9640,LOX,3,3,0,0,4.463e-05,0.00109192,0.0408731
9650,LOX,0,3,0,0,4.34e-05,0.00106571,0.0407242
9660,LOX,3,3,0,0,4.843e-05,0.00110831,0.0436973
9670,LOX,3,3,0,0,4.412e-05,0.00108807,0.040549
9680,LOX,14,3,0,0,4.483e-05,0.00127972,0.0350312
9690,LOX,16,3,0,0,0.000537813,0.00138674,0.387826
9700,LOX,0,3,0,0,4.361e-05,0.00108341,0.0402527
9710,LOX,1,3,0,0,4.409e-05,0.00102396,0.0430585
9720,LOX,20,3,5,3,0.000530933,0.00264532,0.200706
9730,LOX,5,3,8,3,4.488e-05,0.00239838,0.0187126
9740,LOX,2,3,0,0,4.335e-05,0.0010791,0.0401725
9750,LOX,1,3,0,0,4.266e-05,0.00110107,0.0387443
9760,LOX,0,3,8,3,4.3921e-05,0.00216806,0.0202582
9770,LOX,9,3,0,0,4.2941e-05,0.00127745,0.0336147
9780,LOX,3,3,7,3,4.394e-05,0.00243887,0.0180165
9790,LOX,19,5,0,0,0.000549323,0.00177451,0.309563
9800,LOX,1,3,2,3,4.953e-05,0.00246239,0.0201146
9810,LOX,48,5,0,0,0.000541843,0.00252751,0.214378
9820,LOX,12,3,0,0,4.257e-05,0.00140793,0.0302359
9830,LOX,0,3,0,0,4.2951e-05,0.00105156,0.0408452
9840,LOX,4,3,0,0,4.343e-05,0.00114592,0.0378998
9850,LOX,0,3,0,0,4.35e-05,0.00106159,0.0409764
9860,LOX,0,3,0,0,4.356e-05,0.00104885,0.0415314
9870,LOX,0,3,0,0,4.4581e-05,0.00104327,0.0427318
9880,LOX,4,3,0,0,4.3251e-05,0.00125684,0.0344126
9890,LOX,0,3,0,0,4.3071e-05,0.00100789,0.0427336
9900,LOX,35,3,0,0,0.000549743,0.00191732,0.286725
9910,LOX,55,3,0,0,0.000555653,0.00190641,0.291466
9920,LOX,0,3,9,3,4.442e-05,0.00224249,0.0198083
9930,LOX,7,3,0,0,4.498e-05,0.00131034,0.034327
9940,LOX,16,3,0,0,0.000541903,0.00144822,0.374186
9950,LOX,0,3,0,0,4.403e-05,0.00107394,0.0409987
9960,LOX,20,3,0,0,0.000550903,0.0013052,0.422084
9970,LOX,1,3,1,3,4.427e-05,0.00214959,0.0205946
9980,LOX,2,3,7,3,4.494e-05,0.00214495,0.0209515
9990,LOX,1,3,6,3,4.373e-05,0.00215655,0.0202777
10000,LOX,9,3,0,0,0.000553102,0.00116386,0.475232
10010,LOX,1,3,0,0,4.407e-05,0.00107055,0.0411659
10020,LOX,0,3,0,0,4.3381e-05,0.00105285,0.0412032
10030,LOX,6,3,0,0,4.422e-05,0.0012551,0.0352323
10040,LOX,6,3,0,0,4.3291e-05,0.00117274,0.0369145
10050,LOX,3,3,0,0,4.36e-05,0.00113841,0.0382992
10060,LOX,50,3,0,0,0.000553233,0.00162827,0.339768
10070,LOX,0,3,0,0,4.217e-05,0.00103224,0.0408531
10080,LOX,12,3,0,0,4.374e-05,0.00120419,0.0363233
10090,LOX,0,3,0,0,4.247e-05,0.00103406,0.0410713
10100,LOX,7,3,0,0,0.000545653,0.00121024,0.450865
10110,LOX,24,3,0,0,0.000544133,0.0014167,0.384086
10120,LOX,4,3,0,0,4.334e-05,0.00133065,0.0325706
10130,LOX,1,3,0,0,4.444e-05,0.0010663,0.041677
10140,LOX,37,3,0,0,0.000555993,0.00153572,0.362041
10150,LOX,0,3,0,0,4.3731e-05,0.00107427,0.0407078
10160,LOX,0,3,0,0,4.351e-05,0.00104209,0.0417528
10170,LOX,0,3,0,0,4.3261e-05,0.00105853,0.0408691
10180,LOX,13,3,0,0,0.000533403,0.00148043,0.360303
10190,LOX,0,3,0,0,4.9891e-05,0.00105228,0.0474125
10200,LOX,0,3,0,0,4.541e-05,0.00107145,0.042382
10210,LOX,21,3,0,0,0.000547103,0.0013867,0.394537
10220,LOX,0,3,10,3,5.2031e-05,0.00217245,0.0239504
10230,LOX,1,3,0,0,4.2741e-05,0.00107344,0.0398167
10240,LOX,1,3,0,0,4.991e-05,0.00109027,0.0457778
10250,LOX,4,3,0,0,4.3801e-05,0.00124744,0.0351128
10260,LOX,7,3,4,3,4.421e-05,0.00230797,0.0191553
10270,LOX,1,3,8,3,4.288e-05,0.00221972,0.0193177
10280,LOX,0,3,6,3,4.423e-05,0.0021336,0.0207302
10290,LOX,1,3,0,0,4.447e-05,0.00105494,0.0421542
10300,LOX,1,3,0,0,4.289e-05,0.00108825,0.039412
10310,LOX,6,3,0,0,4.328e-05,0.00130789,0.0330915
10320,LOX,26,3,0,0,0.000556403,0.0014009,0.397176
10330,LOX,22,4,2,3,0.000560293,0.00271717,0.206204
10340,LOX,6,3,0,0,4.3891e-05,0.001144,0.0383664
10350,LOX,43,3,0,0,0.000558873,0.00161344,0.346386
10360,LOX,15,3,0,0,0.000545213,0.00130479,0.417856
10370,LOX,1,3,0,0,4.34e-05,0.00109591,0.0396019
10380,LOX,0,3,0,0,4.299e-05,0.00104925,0.0409723
10390,LOX,0,3,0,0,4.363e-05,0.00101697,0.0429021
10400,LOX,0,3,0,0,4.358e-05,0.00108909,0.0400152
10410,LOX,7,3,1,3,4.553e-05,0.00217817,0.0209028
10420,LOX,14,3,3,3,0.000558673,0.00236142,0.236583
10430,LOX,2,3,4,3,4.288e-05,0.00223309,0.0192021
10440,LOX,2,3,1,3,4.367e-05,0.00221227,0.0197399
10450,LOX,1,3,0,0,4.435e-05,0.00112357,0.0394725
10460,LOX,5,3,0,0,4.285e-05,0.00122366,0.035018
10470,LOX,3,3,0,0,4.2971e-05,0.00109724,0.039163
10480,LOX,9,3,2,3,0.000535943,0.00232221,0.23079
10490,LOX,33,3,10,3,0.000549492,0.00281675,0.19508
10500,LOX,12,3,0,0,0.000543682,0.00134872,0.403111
10510,LOX,18,3,0,0,0.000555232,0.00142483,0.389684
10520,LOX,0,3,0,0,4.395e-05,0.00104928,0.041886
10530,LOX,9,3,0,0,0.000551743,0.00116065,0.475376
10540,LOX,19,3,0,0,0.000547013,0.0015733,0.347686
10550,LOX,22,3,0,0,0.000551422,0.00139676,0.394787
10560,LOX,2,3,0,0,4.409e-05,0.00110058,0.0400608
10570,LOX,0,3,0,0,4.316e-05,0.0010522,0.041019
10580,LOX,9,3,0,0,4.582e-05,0.00119924,0.0382076
10590,LOX,0,3,0,0,4.326e-05,0.00103699,0.0417171
10600,LOX,32,3,0,0,0.000569853,0.00183142,0.311154
10610,LOX,1,3,0,0,4.258e-05,0.00106974,0.0398042
10620,LOX,36,3,0,0,0.000552433,0.00175183,0.315346
10630,LOX,19,3,0,0,0.000543493,0.00139107,0.390702
10640,LOX,1,3,0,0,4.287e-05,0.00107547,0.0398618
10650,LOX,6,3,0,0,4.285e-05,0.00116496,0.0367825
10660,LOX,19,3,0,0,0.000560013,0.00142295,0.393558
10670,LOX,11,3,0,0,0.000546043,0.00113771,0.479951
10680,LOX,47,4,1,3,0.000560583,0.00343598,0.163151
10690,LOX,29,3,0,0,0.000538403,0.00160987,0.334439
10700,LOX,16,3,0,0,0.000543253,0.00129147,0.420648
10710,LOX,4,3,0,0,4.494e-05,0.00114137,0.0393739
10720,LOX,2,3,0,0,4.394e-05,0.00109382,0.0401713
10730,LOX,36,3,0,0,0.000549253,0.00174643,0.314501
10740,LOX,5,3,1,3,4.358e-05,0.00234909,0.0185518
10750,LOX,49,5,0,0,0.000555793,0.00240288,0.231303
10760,LOX,1,3,0,0,4.4141e-05,0.0010723,0.0411646
10770,LOX,29,3,0,0,0.000542503,0.00131191,0.413522
10780,LOX,31,3,1,3,0.000540393,0.00251734,0.214668
10790,LOX,1,3,0,0,4.4271e-05,0.00109889,0.0402868
10800,LOX,20,3,0,0,0.000552763,0.0014398,0.383917
10810,LOX,1,3,2,3,4.386e-05,0.00218122,0.020108
10820,LOX,16,3,11,3,0.000538703,0.00272291,0.197841
10830,LOX,0,3,0,0,4.345e-05,0.00106312,0.0408704
10840,LOX,31,3,5,3,0.000552042,0.00267676,0.206236
10850,LOX,1,3,14,3,4.5e-05,0.00243887,0.0184511
10860,LOX,6,3,1,3,0.000549233,0.0022413,0.245051
10870,LOX,15,5,2,3,4.4321e-05,0.00302637,0.014645
10880,LOX,15,3,0,0,0.000550953,0.0013008,0.42355
10890,LOX,19,3,0,0,0.000556293,0.00150343,0.370016
10900,LOX,6,3,7,3,4.4161e-05,0.00233333,0.0189262
10910,LOX,36,3,0,0,0.000543333,0.001571,0.345852
10920,LOX,1,3,0,0,4.346e-05,0.00107453,0.0404457
10930,LOX,0,3,0,0,4.2721e-05,0.00104604,0.0408409
10940,LOX,1,3,0,0,4.576e-05,0.00106111,0.0431248
10950,LOX,8,3,0,0,0.000556643,0.00116564,0.477544
10960,LOX,1,3,0,0,4.289e-05,0.00105596,0.0406172
10970,LOX,0,3,0,0,4.4921e-05,0.00105693,0.0425012
10980,LOX,0,3,0,0,4.804e-05,0.00104672,0.0458959
10990,LOX,42,3,0,0,0.000572463,0.00199466,0.286998
11000,LOX,8,3,0,0,4.358e-05,0.00118492,0.036779
11010,LOX,21,3,0,0,0.000544652,0.00131786,0.413286
11020,LOX,29,3,8,3,0.000553303,0.00264564,0.209137
11030,LOX,0,3,0,0,4.387e-05,0.00105847,0.0414464
11040,LOX,0,3,0,0,4.331e-05,0.00102974,0.0420593
11050,LOX,1,3,0,0,4.401e-05,0.00109465,0.0402048
11060,LOX,1,3,2,3,4.351e-05,0.00217726,0.0199838
11070,LOX,23,3,0,0,0.000541632,0.00135463,0.399838
11080,LOX,16,3,0,0,0.000539333,0.00121025,0.445639
11090,LOX,26,3,0,0,0.000531013,0.00126039,0.421309
11100,LOX,21,4,4,3,0.000554423,0.00291668,0.190087
11110,LOX,18,3,0,0,0.000546953,0.0013343,0.409918
11120,LOX,0,3,0,0,4.364e-05,0.00106693,0.0409022
11130,LOX,63,4,0,0,0.000549543,0.00224738,0.244526
11140,LOX,11,3,3,3,4.435e-05,0.00226079,0.019617
11150,LOX,42,3,0,0,0.000526953,0.00186984,0.281817
11160,LOX,27,3,0,0,0.000538623,0.00154181,0.349345
11170,LOX,15,3,0,0,0.000540763,0.00124975,0.432698
11180,LOX,0,3,0,0,4.862e-05,0.00104889,0.046354
11190,LOX,0,3,0,0,4.478e-05,0.00102677,0.0436127
11200,LOX,28,3,0,0,0.000545133,0.00148162,0.367931
11210,LOX,6,3,0,0,0.000553823,0.00114988,0.481637
11220,LOX,1,3,0,0,4.439e-05,0.00106833,0.041551
11230,LOX,45,3,3,3,0.000558383,0.00307045,0.181857
11240,LOX,0,3,9,3,4.3991e-05,0.00224544,0.0195913
11250,LOX,1,3,6,3,4.3321e-05,0.00218242,0.01985
11260,LOX,1,3,0,0,4.413e-05,0.0010858,0.040643
11270,LOX,4,3,8,3,4.308e-05,0.00243686,0.0176785
11280,LOX,48,4,0,0,0.000553923,0.00216919,0.255359
11290,LOX,0,3,0,0,4.374e-05,0.00104493,0.0418594
11300,LOX,1,3,2,3,4.834e-05,0.00215365,0.0224456
11310,LOX,0,3,0,0,4.311e-05,0.00104721,0.0411667
11320,LOX,3,3,0,0,4.59e-05,0.00114015,0.040258
11330,LOX,1,3,0,0,4.295e-05,0.00110166,0.0389868
11340,LOX,4,3,0,0,4.465e-05,0.00116857,0.0382092
11350,LOX,16,3,0,0,4.405e-05,0.00129752,0.0339495
11360,LOX,5,3,0,0,4.656e-05,0.00116758,0.0398775
11370,LOX,1,3,0,0,4.335e-05,0.00107963,0.0401528
11380,LOX,21,3,0,0,0.000562953,0.00155714,0.361531
11390,LOX,1,3,0,0,4.466e-05,0.00107757,0.0414453
11400,LOX,2,3,0,0,4.2941e-05,0.00114351,0.0375521
11410,LOX,0,3,0,0,4.449e-05,0.00104963,0.0423865
11420,LOX,10,3,0,0,0.000548063,0.00116691,0.469672
11430,LOX,1,3,2,3,4.3881e-05,0.00212244,0.0206748
11440,LOX,9,3,0,0,4.495e-05,0.0013424,0.0334849
11450,LOX,0,3,0,0,4.5221e-05,0.0010689,0.0423063
11460,LOX,1,3,0,0,4.308e-05,0.00107428,0.0401014
11470,LOX,7,3,7,3,5.0581e-05,0.00244326,0.0207022
11480,LOX,4,3,16,4,4.361e-05,0.00284444,0.0153316
11490,LOX,16,3,0,0,0.000548573,0.00133248,0.411694
11500,LOX,8,3,10,3,4.446e-05,0.00234967,0.0189218
11510,LOX,0,3,0,0,4.38e-05,0.00105736,0.0414241
11520,LOX,8,3,0,0,0.000547912,0.00141836,0.3863
11530,LOX,1,3,0,0,4.46e-05,0.00105842,0.0421381
11540,LOX,22,3,0,0,0.000559293,0.00140345,0.398514
11550,LOX,5,3,0,0,0.000534683,0.00122785,0.435464
11560,LOX,2,3,0,0,4.177e-05,0.00111253,0.0375452
11570,LOX,10,3,0,0,4.482e-05,0.00121246,0.0369663
11580,LOX,0,3,0,0,4.304e-05,0.00104476,0.0411963
11590,LOX,0,3,0,0,4.5281e-05,0.00103714,0.0436593
11600,LOX,4,3,0,0,4.32e-05,0.0011241,0.0384309
11610,LOX,18,3,0,0,0.000551323,0.00146933,0.375221
11620,LOX,1,3,2,3,4.328e-05,0.00218753,0.0197849
11630,LOX,0,3,0,0,4.448e-05,0.00106904,0.0416076
11640,LOX,0,3,1,3,4.48e-05,0.00213623,0.0209715
11650,LOX,14,3,0,0,0.000549163,0.00125035,0.439208
11660,LOX,1,3,0,0,4.314e-05,0.00106352,0.0405636
11670,LOX,0,3,0,0,4.275e-05,0.00103327,0.0413737
11680,LOX,13,3,0,0,4.3761e-05,0.00124734,0.0350836
11690,LOX,0,3,2,3,4.3901e-05,0.00210504,0.0208552
11700,LOX,60,4,0,0,0.000555613,0.00226586,0.24521
11710,LOX,0,3,0,0,4.3751e-05,0.00104207,0.0419845
11720,LOX,8,3,0,0,4.3851e-05,0.00121926,0.0359654
11730,LOX,2,3,0,0,4.326e-05,0.00112762,0.0383641
11740,LOX,42,3,0,0,0.000545303,0.00159761,0.341324
11750,LOX,13,3,0,0,4.397e-05,0.00137661,0.0319409
11760,LOX,2,3,0,0,4.361e-05,0.00107014,0.0407518
11770,LOX,0,3,0,0,4.335e-05,0.00105838,0.040959
11780,LOX,26,3,0,0,0.000543743,0.00169452,0.320883
11790,LOX,1,3,0,0,4.289e-05,0.00106964,0.0400978
11800,LOX,14,3,0,0,4.344e-05,0.00130306,0.033337
11810,LOX,1,3,0,0,4.434e-05,0.00107816,0.0411258
11820,LOX,0,3,0,0,4.3961e-05,0.00103787,0.0423567
11830,LOX,2,3,0,0,4.383e-05,0.00109068,0.0401861
11840,LOX,3,3,0,0,4.4e-05,0.00118743,0.0370549
11850,LOX,11,3,0,0,0.000559573,0.00148038,0.377993
11860,LOX,14,3,0,0,4.404e-05,0.00146564,0.0300483
11870,LOX,9,3,0,0,0.000550102,0.00123806,0.444327
11880,LOX,7,3,0,0,4.45e-05,0.00119245,0.0373183
11890,LOX,2,3,0,0,4.303e-05,0.00106922,0.0402444
11900,LOX,9,3,0,0,0.000555673,0.00139953,0.397043
11910,LOX,1,3,14,3,4.2461e-05,0.00230505,0.0184208
11920,LOX,0,3,4,3,4.363e-05,0.00213919,0.0203956
11930,LOX,0,3,0,0,4.367e-05,0.0010395,0.0420107
11940,LOX,0,3,0,0,4.3491e-05,0.0010512,0.0413725
11950,LOX,0,3,0,0,4.4461e-05,0.00107507,0.0413566
11960,LOX,22,3,10,3,0.000560453,0.00268738,0.20855
11970,LOX,12,3,0,0,4.472e-05,0.0011646,0.0383996
11980,LOX,2,3,8,3,4.5141e-05,0.00225782,0.0199932
11990,LOX,0,3,2,3,4.375e-05,0.00210241,0.0208094
12000,LOX,13,3,0,0,0.000537243,0.00138028,0.389228
12010,LOX,0,3,0,0,5.009e-05,0.00105572,0.0474465
12020,LOX,23,3,0,0,0.000557963,0.00134161,0.415892
12030,LOX,18,3,0,0,0.000547363,0.00136144,0.402048
12040,LOX,30,3,0,0,0.000553193,0.00150185,0.368342
12050,LOX,1,3,0,0,4.429e-05,0.00111192,0.0398318
12060,LOX,0,3,0,0,4.962e-05,0.0010495,0.0472798
12070,LOX,3,3,0,0,4.4101e-05,0.00114788,0.0384197
12080,LOX,0,3,0,0,4.35e-05,0.00104374,0.0416772
12090,LOX,39,4,0,0,0.000545303,0.00192989,0.282557
12100,LOX,30,3,3,3,0.000542523,0.00303724,0.178624
12110,LOX,1,3,5,3,4.483e-05,0.00220585,0.0203232
12120,LOX,1,3,2,3,4.513e-05,0.00221084,0.020413
12130,LOX,31,3,1,3,0.000540233,0.00265115,0.203773
12140,LOX,36,4,1,3,0.000546383,0.0030003,0.182109
12150,LOX,37,3,6,3,0.000543183,0.00255378,0.212697
12160,LOX,1,3,7,3,4.4411e-05,0.00220427,0.0201477
12170,LOX,0,3,1,3,4.3291e-05,0.00210296,0.0205857
12180,LOX,72,5,0,0,0.000545873,0.00251853,0.216742
12190,LOX,1,3,1,3,5.0821e-05,0.00214277,0.0237174
12200,LOX,1,3,2,3,4.437e-05,0.00219276,0.0202348
12210,LOX,1,3,0,0,4.527e-05,0.00107226,0.0422194
12220,LOX,0,3,10,3,4.318e-05,0.00226153,0.0190933
12230,LOX,3,3,0,0,4.311e-05,0.00110163,0.0391331
12240,LOX,25,3,0,0,0.000552333,0.00137208,0.402552
12250,LOX,5,3,0,0,4.387e-05,0.00112748,0.0389099
12260,LOX,17,3,0,0,0.000564683,0.0013686,0.4126
12270,LOX,21,3,0,0,0.000529403,0.00148518,0.356458
12280,LOX,0,3,0,0,4.377e-05,0.00104495,0.0418874
12290,LOX,17,3,0,0,0.000540693,0.00171533,0.315212
12300,LOX,0,3,0,0,4.381e-05,0.00106996,0.0409456
12310,LOX,2,3,3,3,4.265e-05,0.00217499,0.0196093
12320,LOX,2,3,0,0,4.305e-05,0.00106406,0.0404584
12330,LOX,6,3,0,0,0.000543723,0.00121521,0.447432
12340,LOX,28,3,8,3,0.000556143,0.00252798,0.219995
12350,LOX,2,3,0,0,4.3411e-05,0.00109818,0.0395301
12360,LOX,2,3,1,3,4.3461e-05,0.00220742,0.0196886
12370,LOX,7,4,0,0,4.532e-05,0.00157887,0.0287041
12380,LOX,3,3,8,3,4.4891e-05,0.00219683,0.0204344
12390,LOX,7,3,0,0,0.000560643,0.00128831,0.435178
12400,LOX,0,3,0,0,4.355e-05,0.00108004,0.0403228
12410,LOX,2,3,0,0,4.35e-05,0.00109461,0.03974
12420,LOX,2,3,0,0,4.429e-05,0.00108213,0.0409287
12430,LOX,39,3,0,0,0.000552713,0.00199714,0.276752
12440,LOX,20,3,0,0,0.000549063,0.00141786,0.387248
12450,LOX,1,3,0,0,4.3991e-05,0.00108299,0.0406201
12460,LOX,12,3,0,0,0.000546393,0.00129186,0.422952
12470,LOX,1,3,0,0,4.263e-05,0.00106992,0.0398442
12480,LOX,0,3,0,0,4.395e-05,0.00104035,0.0422456
12490,LOX,1,3,0,0,4.3511e-05,0.00105159,0.0413766
12500,LOX,0,3,0,0,4.4241e-05,0.00105009,0.0421308
12510,LOX,6,3,2,3,4.443e-05,0.00236889,0.0187556
12520,LOX,0,3,0,0,4.4451e-05,0.00105626,0.0420836
12530,LOX,6,3,1,3,4.413e-05,0.00228989,0.0192716
12540,LOX,1,3,0,0,4.339e-05,0.00105825,0.0410018
12550,LOX,0,3,0,0,4.316e-05,0.00106375,0.0405736
12560,LOX,0,3,0,0,4.3901e-05,0.00105904,0.0414534
12570,LOX,5,3,0,0,4.378e-05,0.00110832,0.0395014
12580,LOX,0,3,1,3,4.427e-05,0.00212705,0.0208128
12590,LOX,0,3,0,0,4.4121e-05,0.00106109,0.0415806
12600,LOX,17,3,0,0,0.000567273,0.00122102,0.464591
12610,LOX,4,3,0,0,4.4141e-05,0.00122753,0.0359593
12620,LOX,6,3,0,0,4.359e-05,0.00130571,0.0333842
12630,LOX,7,3,0,0,4.362e-05,0.00129822,0.0335999
12640,LOX,0,3,0,0,4.335e-05,0.00106068,0.0408702
12650,LOX,0,3,0,0,4.4231e-05,0.00105767,0.0418194
12660,LOX,2,3,0,0,4.491e-05,0.00116994,0.0383867
12670,LOX,1,3,0,0,4.381e-05,0.00106303,0.0412122
12680,LOX,0,3,0,0,4.3211e-05,0.00105146,0.041096
12690,LOX,2,3,0,0,4.327e-05,0.00108721,0.0397993
12700,LOX,0,3,0,0,4.41e-05,0.00107686,0.0409526
12710,LOX,0,3,4,3,4.4381e-05,0.00212137,0.0209209
12720,LOX,42,4,32,3,0.000552323,0.0036752,0.150284
12730,LOX,12,3,8,3,0.000545593,0.00240467,0.226889
12740,LOX,13,3,0,0,0.000552992,0.00118633,0.466138
12750,LOX,0,3,0,0,4.283e-05,0.00107665,0.0397809
12760,LOX,0,3,0,0,4.2501e-05,0.00105157,0.0404165
12770,LOX,2,3,1,3,4.417e-05,0.00221744,0.0199194
12780,LOX,0,3,0,0,4.35e-05,0.0010567,0.041166
12790,LOX,33,3,9,3,0.000535503,0.0027809,0.192565
12800,LOX,24,3,2,3,0.000555342,0.0027109,0.204855
12810,LOX,38,4,0,0,0.000558213,0.00214159,0.260653
12820,LOX,1,3,0,0,4.499e-05,0.00107721,0.0417655
12830,LOX,1,3,0,0,4.4891e-05,0.00107237,0.0418613
12840,LOX,0,3,0,0,4.392e-05,0.00105447,0.0416515
12850,LOX,10,3,0,0,4.552e-05,0.00119773,0.0380054
12860,LOX,38,4,0,0,0.000556373,0.00172247,0.323009
12870,LOX,1,3,0,0,4.551e-05,0.00107207,0.0424507
12880,LOX,6,3,11,3,0.000554103,0.00234349,0.236443
12890,LOX,29,3,0,0,0.000566633,0.00146627,0.386446
12900,LOX,2,3,0,0,4.295e-05,0.00123224,0.0348553
12910,LOX,1,3,0,0,4.4381e-05,0.00107596,0.0412476
12920,LOX,15,3,0,0,0.000567373,0.00119112,0.476337
12930,LOX,22,3,1,3,0.000558703,0.00279603,0.19982
12940,LOX,72,5,0,0,0.000558793,0.00332393,0.168112
12950,LOX,13,3,0,0,4.338e-05,0.00139549,0.0310859
12960,LOX,1,3,0,0,4.3541e-05,0.00107322,0.0405702
12970,LOX,5,3,0,0,0.000533463,0.00110726,0.481788
12980,LOX,11,3,3,3,4.397e-05,0.0023538,0.0186804
12990,LOX,0,3,0,0,4.3021e-05,0.00103948,0.0413868
13000,LOX,2,3,0,0,4.418e-05,0.00110192,0.0400938
13010,LOX,16,3,0,0,0.000557203,0.00130234,0.427849
13020,LOX,8,3,0,0,0.000527593,0.00121148,0.435496
13030,LOX,21,3,0,0,0.000565113,0.00122678,0.460649
13040,LOX,64,5,0,0,0.000558343,0.00260836,0.214059
13050,LOX,2,3,0,0,4.274e-05,0.00109178,0.0391472
13060,LOX,31,3,0,0,0.000550563,0.00155127,0.354912
13070,LOX,61,4,0,0,0.000547863,0.00230988,0.237182
13080,LOX,53,5,0,0,0.000563333,0.0024619,0.22882
13090,LOX,3,3,0,0,4.334e-05,0.0011398,0.0380243
13100,LOX,38,4,3,3,0.000546023,0.00316189,0.172689
13110,LOX,6,3,0,0,4.3761e-05,0.00116367,0.0376062
13120,LOX,4,3,0,0,4.392e-05,0.00112452,0.0390568
13130,LOX,0,3,0,0,4.429e-05,0.00107294,0.0412793
13140,LOX,3,3,3,3,4.435e-05,0.00214033,0.0207211
13150,LOX,20,3,0,0,0.000541003,0.00134718,0.401583
13160,LOX,3,3,2,3,4.342e-05,0.00227051,0.0191234
13170,LOX,11,3,1,3,0.000557363,0.0023848,0.233715
13180,LOX,15,3,0,0,0.000545703,0.00120338,0.453477
13190,LOX,1,3,2,3,4.339e-05,0.00215328,0.0201506
13200,LOX,1,3,7,3,4.3741e-05,0.00226336,0.0193257
13210,LOX,31,3,0,0,0.000547223,0.00162139,0.337503
13220,LOX,1,3,0,0,4.2951e-05,0.00104762,0.0409988
13230,LOX,50,3,0,0,0.000564583,0.00186641,0.302497
13240,LOX,1,3,0,0,4.469e-05,0.00108078,0.0413499
13250,LOX,0,3,4,3,4.407e-05,0.0023207,0.0189899
13260,LOX,0,3,0,0,4.371e-05,0.00100984,0.0432843
13270,LOX,7,3,1,3,4.372e-05,0.00229609,0.019041
13280,LOX,10,3,0,0,0.000548803,0.00122025,0.449747
13290,LOX,15,4,0,0,0.000560003,0.00147297,0.380187
13300,LOX,1,3,1,3,4.316e-05,0.0021829,0.0197719
13310,LOX,12,3,0,0,0.000562823,0.00122295,0.460219
13320,LOX,0,3,2,3,4.457e-05,0.00209352,0.0212895
13330,LOX,0,3,0,0,4.463e-05,0.0010477,0.0425982
13340,LOX,17,5,0,0,0.000565833,0.00199784,0.283222
13350,LOX,1,3,1,3,4.283e-05,0.00218255,0.0196238
13360,LOX,1,3,0,0,4.2961e-05,0.00108468,0.0396073
13370,LOX,4,3,7,3,5.361e-05,0.00241415,0.0222065
13380,LOX,0,3,1,3,4.311e-05,0.00212428,0.0202939
13390,LOX,3,3,0,0,4.345e-05,0.00117258,0.0370551
13400,LOX,7,3,0,0,4.404e-05,0.00129744,0.0339438
13410,LOX,23,3,0,0,0.000548112,0.00157511,0.347984
13420,LOX,21,4,0,0,0.000552743,0.00183213,0.301694
13430,LOX,2,3,0,0,4.317e-05,0.00105489,0.0409235
13440,LOX,35,4,0,0,0.000562113,0.00179204,0.313672
13450,LOX,32,3,0,0,0.000558293,0.00153063,0.364748
13460,LOX,0,3,0,0,4.304e-05,0.00104686,0.0411136
13470,LOX,19,5,0,0,0.000544733,0.00217233,0.25076
13480,LOX,0,3,0,0,4.3541e-05,0.00102774,0.042366
13490,LOX,2,3,0,0,4.491e-05,0.00106657,0.0421071
13500,LOX,0,3,0,0,4.471e-05,0.00106855,0.0418419
13510,LOX,21,3,0,0,0.000535723,0.00126015,0.425127
13520,LOX,0,3,0,0,4.364e-05,0.00106087,0.0411362
13530,LOX,0,3,0,0,4.288e-05,0.0010525,0.0407412
13540,LOX,67,4,0,0,0.000545193,0.00229155,0.237914
13550,LOX,1,3,0,0,4.42e-05,0.00108572,0.0407105
13560,LOX,3,3,0,0,4.399e-05,0.00109938,0.0400136
13570,LOX,15,3,0,0,0.000545903,0.00120826,0.451811
13580,LOX,0,3,0,0,4.437e-05,0.00106214,0.0417743
13590,LOX,14,6,6,3,0.000539053,0.00337225,0.15985
13600,LOX,19,3,0,0,4.365e-05,0.00131755,0.0331297
13610,LOX,0,3,8,3,4.396e-05,0.00221922,0.0198087
13620,LOX,0,3,0,0,4.44e-05,0.00104195,0.0426126
13630,LOX,1,3,0,0,4.3e-05,0.00105386,0.0408022
13640,LOX,0,3,2,3,4.4771e-05,0.00213348,0.020985
13650,LOX,9,3,8,3,4.529e-05,0.00240087,0.018864
13660,LOX,1,3,0,0,4.531e-05,0.00115141,0.0393519
13670,LOX,0,3,7,3,4.435e-05,0.00217004,0.0204374
13680,LOX,6,3,4,3,4.4661e-05,0.00237775,0.0187829
13690,LOX,1,3,7,3,4.433e-05,0.00222485,0.0199249
13700,LOX,38,3,3,3,0.000568354,0.00283322,0.200603
13710,LOX,17,3,0,0,0.000546593,0.00130658,0.41834
13720,LOX,0,3,0,0,4.406e-05,0.00103199,0.042694
13730,LOX,2,3,0,0,4.312e-05,0.00105792,0.040759
13740,LOX,4,3,0,0,4.311e-05,0.00108657,0.0396755
13750,LOX,0,3,0,0,4.416e-05,0.00106291,0.0415461
13760,LOX,13,3,0,0,0.000544623,0.00119334,0.456387
13770,LOX,20,3,0,0,0.000537923,0.00139263,0.386265
13780,LOX,1,3,0,0,4.4191e-05,0.00107552,0.0410878
13790,LOX,41,3,0,0,0.000543013,0.00162831,0.333483
13800,LOX,13,3,0,0,0.000553423,0.00130071,0.425479
13810,LOX,0,3,0,0,4.596e-05,0.0010514,0.0437134
13820,LOX,7,3,3,3,0.000538513,0.00226652,0.237594
13830,LOX,7,3,0,0,4.362e-05,0.00119635,0.036461
13840,LOX,14,3,0,0,0.000549043,0.00148752,0.3691
13850,LOX,2,3,0,0,4.3391e-05,0.00109895,0.0394842
13860,LOX,32,3,0,0,0.000563813,0.00165829,0.339997
13870,LOX,18,3,0,0,0.000555623,0.00130222,0.426675
13880,LOX,6,3,0,0,4.416e-05,0.0011973,0.0368831
13890,LOX,0,3,0,0,4.3351e-05,0.00102856,0.0421471
13900,LOX,0,3,8,3,4.3831e-05,0.00227131,0.0192977
13910,LOX,13,3,0,0,0.000551193,0.00144056,0.382625
13920,LOX,19,3,0,0,0.000542393,0.0016063,0.337666
13930,LOX,1,3,0,0,4.891e-05,0.00108662,0.0450113
13940,LOX,8,3,0,0,0.000555003,0.0012117,0.458038
13950,LOX,2,3,0,0,4.427e-05,0.00111064,0.03986
13960,LOX,10,3,0,0,0.000571953,0.00133944,0.42701
13970,LOX,1,3,0,0,4.383e-05,0.00106644,0.0410995
13980,LOX,4,3,0,0,5.103e-05,0.00113565,0.0449348
13990,LOX,1,3,0,0,4.265e-05,0.00107442,0.039696
14000,LOX,1,3,0,0,4.385e-05,0.00109759,0.0399513
14010,LOX,0,3,0,0,4.427e-05,0.00104973,0.0421725
14020,LOX,1,3,0,0,4.343e-05,0.00106028,0.040961
14030,LOX,13,3,3,3,0.000548473,0.00256501,0.213828
14040,LOX,28,3,0,0,0.000558633,0.00176142,0.317149
14050,LOX,2,3,0,0,4.313e-05,0.00107628,0.0400734
14060,LOX,20,3,0,0,0.000548883,0.00151481,0.362345
14070,LOX,15,3,0,0,0.000561283,0.0013439,0.417653
14080,LOX,35,3,2,3,0.000564733,0.00286967,0.196794
14090,LOX,1,3,7,3,4.4411e-05,0.00222504,0.0199596
14100,LOX,1,3,2,3,4.334e-05,0.00215543,0.0201073
14110,LOX,1,3,0,0,4.5531e-05,0.0010613,0.0429014
14120,LOX,8,3,0,0,4.61e-05,0.00133544,0.0345205
14130,LOX,1,3,0,0,4.4471e-05,0.00109212,0.0407197
14140,LOX,4,3,0,0,4.468e-05,0.00111212,0.0401757
14150,LOX,4,3,0,0,4.309e-05,0.00112744,0.0382195
14160,LOX,1,3,0,0,4.556e-05,0.00105979,0.0429898
14170,LOX,0,3,0,0,4.329e-05,0.00106328,0.0407138
14180,LOX,18,3,0,0,0.000567423,0.00132827,0.42719
14190,LOX,0,3,0,0,4.5601e-05,0.00104656,0.0435721
14200,LOX,4,3,0,0,4.5741e-05,0.0012044,0.0379784
14210,LOX,24,3,0,0,0.000552173,0.00153795,0.359032
14220,LOX,9,3,0,0,4.4321e-05,0.00118865,0.037287
14230,LOX,8,3,8,3,4.516e-05,0.00230074,0.0196284
14240,LOX,1,3,2,3,4.49e-05,0.00220861,0.0203295
14250,LOX,26,3,1,3,0.000531402,0.00292257,0.181827
14260,LOX,0,3,0,0,4.685e-05,0.00103591,0.0452261
14270,LOX,5,3,0,0,0.000537802,0.00117763,0.456683
14280,LOX,0,3,0,0,4.4611e-05,0.00106389,0.0419322
14290,LOX,5,3,7,3,4.415e-05,0.00233982,0.0188689
14300,LOX,1,3,2,3,4.3341e-05,0.0021483,0.0201745
14310,LOX,35,3,0,0,0.000570733,0.00152392,0.374517
14320,LOX,19,3,0,0,0.000540963,0.0013253,0.408182
14330,LOX,0,3,0,0,4.368e-05,0.00104661,0.0417349
14340,LOX,14,3,0,0,0.000541082,0.0012643,0.427971
14350,LOX,5,3,0,0,4.489e-05,0.00113877,0.0394199
14360,LOX,24,3,0,0,4.435e-05,0.00142882,0.0310396
14370,LOX,1,3,0,0,4.265e-05,0.00104203,0.0409299
14380,LOX,1,3,0,0,4.3e-05,0.00106673,0.0403103
14390,LOX,6,3,0,0,4.347e-05,0.0011438,0.038005
14400,LOX,13,3,0,0,0.000554133,0.00147525,0.37562
14410,LOX,36,3,3,3,0.000553373,0.0031421,0.176116
14420,LOX,0,3,3,3,4.423e-05,0.00218977,0.0201984
14430,LOX,5,3,0,0,4.3831e-05,0.00116227,0.0377117
14440,LOX,10,3,3,3,4.695e-05,0.00252168,0.0186185
14450,LOX,62,3,2,3,0.000550813,0.00301527,0.182675
14460,LOX,0,3,7,3,4.417e-05,0.0022017,0.0200618
14470,LOX,4,3,0,0,4.323e-05,0.00111431,0.0387954
14480,LOX,15,3,0,0,0.000548693,0.00133839,0.409966
14490,LOX,0,3,0,0,4.238e-05,0.00104806,0.0404368
14500,LOX,2,3,2,3,4.357e-05,0.00221527,0.019668
14510,LOX,6,3,0,0,4.5251e-05,0.00111879,0.0404465
14520,LOX,2,3,0,0,4.369e-05,0.00110219,0.0396394
14530,LOX,5,3,0,0,0.000537363,0.00110111,0.488021
14540,LOX,3,3,1,3,4.2541e-05,0.00223346,0.0190471
14550,LOX,16,3,0,0,4.333e-05,0.00156432,0.027699
14560,LOX,21,3,0,0,0.000545593,0.00152173,0.358535
14570,LOX,1,3,0,0,4.285e-05,0.00106461,0.0402496
14580,LOX,20,3,0,0,0.000543683,0.00172037,0.316027
14590,LOX,36,4,0,0,0.000553353,0.00175646,0.315039
14600,LOX,62,3,0,0,0.000538392,0.00210494,0.255775
14610,LOX,16,3,0,0,0.000559533,0.00125316,0.446499
14620,LOX,2,3,8,3,4.456e-05,0.0022362,0.0199266
14630,LOX,7,3,8,3,4.257e-05,0.00239389,0.0177828
14640,LOX,18,3,8,3,0.000551373,0.00234441,0.235186
14650,LOX,28,3,0,0,0.000556843,0.00152611,0.364878
14660,LOX,2,3,0,0,4.3551e-05,0.00116351,0.0374308
14670,LOX,0,3,7,3,4.3801e-05,0.00222962,0.019645
14680,LOX,1,3,0,0,4.388e-05,0.00111516,0.0393488
14690,LOX,2,3,6,3,4.432e-05,0.00222451,0.0199235
14700,LOX,0,3,0,0,4.734e-05,0.00106794,0.0443285
14710,LOX,22,3,0,0,0.000558043,0.00148676,0.375342
14720,LOX,18,4,0,0,0.000550192,0.00176774,0.31124
14730,LOX,29,3,0,0,0.000537813,0.00163415,0.329109
14740,LOX,7,3,0,0,4.975e-05,0.00126057,0.0394664
14750,LOX,0,3,0,0,4.398e-05,0.00107747,0.040818
14760,LOX,0,3,0,0,4.953e-05,0.00105943,0.0467517
14770,LOX,6,3,0,0,0.000550593,0.0011624,0.473671
14780,LOX,1,3,0,0,4.463e-05,0.00108863,0.0409966
14790,LOX,23,3,3,3,0.000557003,0.0026026,0.214018
14800,LOX,0,3,0,0,4.385e-05,0.00106703,0.0410955
14810,LOX,27,3,0,0,0.000538693,0.00149792,0.359628
14820,LOX,9,3,0,0,0.000548933,0.00114752,0.478366
14830,LOX,6,3,0,0,4.375e-05,0.00114025,0.0383689
14840,LOX,1,3,0,0,4.251e-05,0.00109534,0.03881
14850,LOX,1,3,0,0,4.463e-05,0.00109389,0.0407992
14860,LOX,15,3,0,0,0.000552513,0.00141016,0.391809
14870,LOX,27,3,0,0,0.000547873,0.00130571,0.419599
14880,LOX,9,3,0,0,4.361e-05,0.00135731,0.0321298
14890,LOX,28,3,0,0,0.000547303,0.00136782,0.400129
14900,LOX,9,3,1,3,4.3511e-05,0.00233184,0.0186595
14910,LOX,1,3,0,0,4.384e-05,0.00109747,0.0399466
14920,LOX,13,3,0,0,0.000554063,0.00152064,0.364362
14930,LOX,26,3,0,0,0.000561253,0.00171611,0.32705
14940,LOX,32,3,0,0,0.000542833,0.00154585,0.351155
14950,LOX,10,3,0,0,0.000556653,0.00144258,0.385874
14960,LOX,1,3,0,0,4.334e-05,0.00106316,0.0407654
14970,LOX,2,3,0,0,4.392e-05,0.0010865,0.0404235
14980,LOX,19,3,0,0,0.000549543,0.00131574,0.417669
14990,LOX,0,3,9,3,4.436e-05,0.00228106,0.0194471
15000,LOX,1,3,0,0,4.427e-05,0.00104423,0.0423947
15010,LOX,27,3,2,3,0.000551383,0.00270215,0.204053
15020,LOX,25,3,5,3,0.000558513,0.00256102,0.218082
15030,LOX,3,3,2,3,4.492e-05,0.00222675,0.0201729
15040,LOX,1,3,7,3,4.431e-05,0.00220189,0.0201236
15050,LOX,43,3,0,0,0.000561743,0.00171554,0.327444
15060,LOX,16,3,1,3,0.000562353,0.00239343,0.234957
15070,LOX,3,3,11,3,4.428e-05,0.00222211,0.019927
15080,LOX,1,3,0,0,5.042e-05,0.00106893,0.0471689
15090,LOX,12,3,7,3,4.411e-05,0.00250971,0.0175757
15100,LOX,1,3,0,0,4.405e-05,0.00108807,0.0404847
15110,LOX,1,3,0,0,4.5091e-05,0.00113042,0.0398889
15120,LOX,17,3,0,0,0.000550213,0.00132399,0.415573
15130,LOX,25,3,22,5,0.000561253,0.00365239,0.153667
15140,LOX,3,3,5,3,4.45e-05,0.00237319,0.0187511
15150,LOX,0,3,0,0,4.395e-05,0.00107186,0.0410036
15160,LOX,33,3,0,0,0.000555353,0.00155082,0.358103
15170,LOX,0,3,0,0,4.317e-05,0.00103012,0.0419079
15180,LOX,27,4,0,0,0.000563673,0.00176434,0.319481
15190,LOX,2,3,0,0,4.381e-05,0.00108739,0.0402893
15200,LOX,4,3,0,0,0.000545472,0.00112674,0.484117
15210,LOX,0,3,0,0,4.279e-05,0.00105035,0.040739
15220,LOX,0,3,0,0,4.248e-05,0.00105651,0.040208
15230,LOX,2,3,0,0,4.522e-05,0.00107901,0.0419089
15240,LOX,1,3,0,0,4.399e-05,0.00107944,0.0407528
15250,LOX,1,3,0,0,4.425e-05,0.00116765,0.0378967
15260,LOX,0,3,0,0,4.592e-05,0.00103495,0.0443691
15270,LOX,1,3,0,0,4.4651e-05,0.00107656,0.0414758
15280,LOX,1,3,0,0,4.349e-05,0.00106045,0.041011
15290,LOX,1,3,0,0,4.9231e-05,0.00109059,0.0451414
15300,LOX,3,3,0,0,4.417e-05,0.00108906,0.0405581
15310,LOX,1,3,0,0,4.298e-05,0.00107512,0.0399771
15320,LOX,0,3,0,0,4.365e-05,0.0010526,0.0414689
15330,LOX,21,3,1,3,0.000551973,0.00256092,0.215537
15340,LOX,3,3,0,0,4.448e-05,0.00110254,0.0403434
15350,LOX,19,3,0,0,0.000550293,0.0012737,0.432044
15360,LOX,21,3,0,0,0.000542513,0.00144813,0.374631
15370,LOX,3,3,8,3,4.4941e-05,0.00220291,0.0204007
15380,LOX,3,3,0,0,4.343e-05,0.00110418,0.0393325
15390,LOX,25,3,0,0,0.000563693,0.00172642,0.32651
15400,LOX,0,3,10,3,4.2961e-05,0.00227237,0.0189058
15410,LOX,1,3,0,0,4.321e-05,0.00108976,0.0396511
15420,LOX,22,3,0,0,0.000549443,0.00140266,0.391716
15430,LOX,0,3,0,0,4.302e-05,0.00105763,0.0406757
15440,LOX,6,3,0,0,4.364e-05,0.00117556,0.0371229
15450,LOX,0,3,0,0,4.335e-05,0.00105369,0.0411409
15460,LOX,7,3,0,0,4.319e-05,0.00122488,0.0352607
15470,LOX,0,3,0,0,4.423e-05,0.00106405,0.0415678
15480,LOX,21,3,0,0,0.000539162,0.00176404,0.30564
15490,LOX,14,3,0,0,0.000547932,0.00134104,0.408588
15500,LOX,43,4,0,0,0.000571683,0.00185708,0.30784
15510,LOX,1,3,7,3,4.342e-05,0.00225507,0.0192544
15520,LOX,5,3,9,3,4.382e-05,0.00228055,0.0192146
15530,LOX,1,3,1,3,4.24e-05,0.00208204,0.0203646
15540,LOX,1,3,0,0,4.511e-05,0.00106952,0.042178
15550,LOX,0,3,0,0,4.345e-05,0.00107005,0.0406057
15560,LOX,27,5,0,0,0.000555703,0.00216936,0.25616
15570,LOX,3,3,0,0,4.2801e-05,0.00109924,0.0389367
15580,LOX,0,3,1,3,4.361e-05,0.00208659,0.0209001
15590,LOX,0,3,0,0,4.413e-05,0.00105348,0.0418899
15600,LOX,31,3,0,0,0.000541143,0.00153738,0.351991
15610,LOX,0,3,0,0,4.48e-05,0.00106419,0.0420979
15620,LOX,3,3,0,0,4.3041e-05,0.00106744,0.0403215
15630,LOX,1,3,0,0,4.834e-05,0.00108253,0.0446548
15640,LOX,1,3,0,0,4.333e-05,0.00107232,0.0404079
15650,LOX,3,3,0,0,4.508e-05,0.00109128,0.0413091
15660,LOX,0,3,0,0,4.453e-05,0.00104728,0.0425198
15670,LOX,24,3,0,0,0.000549723,0.00154189,0.356526
15680,LOX,1,3,0,0,4.351e-05,0.00106739,0.0407631
15690,LOX,1,3,0,0,4.499e-05,0.00111184,0.0404646
15700,LOX,1,3,0,0,4.3821e-05,0.0010791,0.040609
15710,LOX,1,3,0,0,4.4e-05,0.00111208,0.0395656
15720,LOX,0,3,1,3,4.409e-05,0.0021041,0.0209543
15730,LOX,0,3,1,3,4.322e-05,0.00211066,0.020477
15740,LOX,4,3,1,3,0.000556623,0.00214623,0.259349
15750,LOX,4,3,0,0,4.446e-05,0.00114785,0.0387334
15760,LOX,13,3,2,3,0.000552923,0.00252743,0.218769
15770,LOX,24,5,0,0,0.000557233,0.0020402,0.273127
15780,LOX,1,3,2,3,4.3491e-05,0.00214259,0.0202983
15790,LOX,4,3,0,0,0.000539553,0.00108722,0.49627
15800,LOX,5,3,1,3,4.471e-05,0.00228526,0.0195645
15810,LOX,0,3,0,0,4.279e-05,0.00101553,0.0421358
15820,LOX,48,4,0,0,0.000547842,0.00208416,0.26286
15830,LOX,0,3,0,0,4.455e-05,0.00105105,0.0423864
15840,LOX,3,3,0,0,4.336e-05,0.00114118,0.0379959
15850,LOX,39,4,0,0,0.000551763,0.00173381,0.318237
15860,LOX,27,3,9,3,0.000560573,0.0025396,0.220732
15870,LOX,26,4,5,3,0.000556253,0.00353117,0.157527
15880,LOX,5,3,0,0,4.384e-05,0.00120854,0.0362753
15890,LOX,2,3,0,0,4.61e-05,0.00109144,0.0422379
15900,LOX,1,3,0,0,4.327e-05,0.00109106,0.0396588
15910,LOX,0,3,0,0,4.327e-05,0.00105163,0.0411458
15920,LOX,18,3,0,0,0.000549673,0.00143762,0.38235
15930,LOX,0,3,0,0,4.405e-05,0.00103119,0.0427178
15940,LOX,0,3,0,0,4.174e-05,0.0010386,0.0401889
15950,LOX,15,3,7,3,0.000545753,0.00244689,0.223039
15960,LOX,22,3,10,3,0.000552643,0.00261472,0.211358
15970,LOX,18,4,2,3,4.451e-05,0.00289055,0.0153985
15980,LOX,0,3,0,0,4.555e-05,0.00105947,0.0429934
15990,LOX,6,3,2,3,4.312e-05,0.00222626,0.0193688
16000,LOX,2,3,0,0,4.366e-05,0.00110608,0.0394729
16010,LOX,13,3,0,0,0.000543913,0.00124393,0.437255
16020,LOX,0,3,0,0,4.46e-05,0.00103709,0.0430052
16030,LOX,17,3,0,0,0.000552493,0.00156759,0.352448
16040,LOX,2,3,0,0,4.187e-05,0.00111799,0.0374513
16050,LOX,0,3,0,0,4.268e-05,0.0010489,0.0406904
16060,LOX,1,3,0,0,4.372e-05,0.00109876,0.0397905
16070,LOX,0,3,0,0,4.2661e-05,0.001052,0.0405525
16080,LOX,1,3,0,0,4.565e-05,0.00110186,0.0414301
16090,LOX,3,3,0,0,4.287e-05,0.0011692,0.0366662
16100,LOX,1,3,0,0,4.423e-05,0.00109935,0.040233
16110,LOX,0,3,0,0,4.272e-05,0.00103684,0.0412023
16120,LOX,2,3,3,3,4.3871e-05,0.0022311,0.0196634
16130,LOX,0,3,1,3,4.494e-05,0.00208709,0.0215324
16140,LOX,1,3,0,0,4.331e-05,0.00105722,0.0409661
16150,LOX,1,3,0,0,4.549e-05,0.00112506,0.0404335
16160,LOX,8,3,6,3,4.268e-05,0.00269186,0.0158552
16170,LOX,1,3,1,3,4.323e-05,0.00216164,0.0199987
16180,LOX,0,3,0,0,4.372e-05,0.00104125,0.0419882
16190,LOX,39,3,0,0,0.000560253,0.00184235,0.304097
16200,LOX,12,4,0,0,0.000526643,0.00157472,0.334436
16210,LOX,3,3,0,0,4.477e-05,0.00108878,0.0411196
16220,LOX,1,3,0,0,4.365e-05,0.00104596,0.0417322
16230,LOX,22,3,0,0,0.000550593,0.0013814,0.398577
16240,LOX,4,3,0,0,4.49e-05,0.00120303,0.0373226
16250,LOX,34,4,0,0,0.000556473,0.00187514,0.296763
16260,LOX,0,3,0,0,4.345e-05,0.00104291,0.0416624
16270,LOX,1,3,0,0,4.431e-05,0.0010808,0.0409976
16280,LOX,0,3,0,0,4.341e-05,0.0010491,0.0413785
16290,LOX,9,3,0,0,0.000547083,0.00128777,0.424831
16300,LOX,9,3,0,0,0.000542032,0.00137858,0.393182
16310,LOX,1,3,7,3,4.389e-05,0.00219733,0.0199742
16320,LOX,1,3,0,0,4.485e-05,0.00107431,0.0417479
16330,LOX,22,3,0,0,0.000551443,0.00148217,0.372052
16340,LOX,0,3,9,3,4.3791e-05,0.002157,0.0203018
16350,LOX,1,3,0,0,4.4221e-05,0.00110014,0.0401959
16360,LOX,0,3,6,3,4.32e-05,0.00209205,0.0206496
16370,LOX,1,3,0,0,4.215e-05,0.00107146,0.039339
16380,LOX,9,3,6,3,0.000547882,0.00231774,0.236386
16390,LOX,1,3,10,3,4.459e-05,0.00220623,0.0202109
16400,LOX,1,3,0,0,4.44e-05,0.00110437,0.0402041
16410,LOX,2,3,0,0,4.4531e-05,0.00107708,0.041344
16420,LOX,26,3,0,0,0.000554523,0.00169348,0.327446
16430,LOX,18,3,0,0,0.000553282,0.00175064,0.316046
16440,LOX,43,3,0,0,0.000548533,0.00171214,0.320379
16450,LOX,1,3,0,0,4.289e-05,0.00109666,0.0391095
16460,LOX,2,3,0,0,4.2921e-05,0.00106408,0.0403361
16470,LOX,1,3,0,0,4.379e-05,0.00110721,0.03955
16480,LOX,20,3,0,0,0.000543953,0.0015726,0.345895
16490,LOX,3,3,0,0,4.485e-05,0.00107738,0.0416289
16500,LOX,11,3,0,0,0.000542382,0.00127151,0.426566
16510,LOX,0,3,2,3,4.441e-05,0.00214092,0.0207434
16520,LOX,12,3,0,0,4.4621e-05,0.00136934,0.0325858
16530,LOX,12,3,2,3,4.27e-05,0.00240997,0.017718
16540,LOX,17,3,7,3,0.000553763,0.00268893,0.205942
16550,LOX,1,3,11,3,4.4441e-05,0.00234245,0.018972
16560,LOX,1,3,6,3,4.423e-05,0.00229668,0.0192582
16570,LOX,14,3,0,0,0.000554033,0.00128507,0.431132
16580,LOX,18,4,0,0,4.571e-05,0.00180558,0.025316
16590,LOX,25,5,5,3,0.000544253,0.0031701,0.171683
16600,LOX,1,3,0,0,4.35e-05,0.00108071,0.0402515
16610,LOX,4,3,0,0,4.456e-05,0.00115527,0.0385712
16620,LOX,3,3,0,0,4.3141e-05,0.00107021,0.040311
16630,LOX,0,3,0,0,4.2921e-05,0.00106123,0.0404444
16640,LOX,65,4,0,0,0.000550703,0.00232017,0.237354
16650,LOX,0,3,0,0,4.428e-05,0.00108395,0.0408508
16660,LOX,1,3,0,0,4.3791e-05,0.00109314,0.04006
16670,LOX,68,5,0,0,0.000555483,0.00230708,0.240773
16680,LOX,1,3,0,0,4.462e-05,0.00108079,0.0412848
16690,LOX,48,5,0,0,0.000559553,0.00240075,0.233074
16700,LOX,1,3,0,0,4.312e-05,0.00109122,0.0395155
16710,LOX,16,3,6,3,4.403e-05,0.00237948,0.018504
16720,LOX,1,3,7,3,4.55e-05,0.00219621,0.0207175
16730,LOX,3,3,0,0,5.123e-05,0.00122732,0.0417415
16740,LOX,30,3,0,0,0.000549183,0.00154462,0.355546
16750,LOX,52,4,11,3,0.000547013,0.00327236,0.167162
16760,LOX,24,3,2,3,0.000557713,0.00250581,0.222568
16770,LOX,4,3,0,0,4.37e-05,0.00116412,0.0375392
16780,LOX,14,3,0,0,4.45e-05,0.00134535,0.033077
16790,LOX,10,3,0,0,4.442e-05,0.00126544,0.0351025
16800,LOX,1,3,0,0,4.226e-05,0.00108876,0.0388149
16810,LOX,2,3,0,0,5.007e-05,0.00110247,0.0454164
16820,LOX,1,3,0,0,4.36e-05,0.00103836,0.0419895
16830,LOX,2,3,0,0,4.414e-05,0.0011313,0.0390172
16840,LOX,17,3,0,0,0.000529923,0.00131327,0.403515
16850,LOX,30,3,0,0,0.000546153,0.00173517,0.314755
16860,LOX,45,4,0,0,0.000559173,0.00189226,0.295505
16870,LOX,15,3,0,0,4.368e-05,0.00126011,0.0346637
16880,LOX,1,3,0,0,4.4761e-05,0.00106773,0.0419218
16890,LOX,1,3,0,0,4.329e-05,0.00108994,0.0397179
16900,LOX,5,3,0,0,4.3071e-05,0.00112043,0.0384416
16910,LOX,0,3,0,0,4.34e-05,0.001074,0.0404098
16920,LOX,0,3,0,0,4.4e-05,0.00105119,0.0418575
16930,LOX,18,4,0,0,4.241e-05,0.00159292,0.0266241
16940,LOX,5,3,0,0,4.181e-05,0.00109432,0.0382065
16950,LOX,13,3,0,0,0.000549863,0.00149485,0.367839
16960,LOX,1,3,0,0,4.28e-05,0.00107617,0.0397705
16970,LOX,41,3,0,0,0.000543923,0.00145007,0.375102
16980,LOX,1,3,0,0,4.287e-05,0.00105813,0.0405151
16990,LOX,0,3,0,0,4.39e-05,0.00107479,0.0408453
17000,LOX,28,3,0,0,0.000549333,0.0018312,0.299985
17010,LOX,0,3,4,3,4.4021e-05,0.0021562,0.020416
17020,LOX,1,3,0,0,4.4651e-05,0.00104695,0.0426488
17030,LOX,1,3,0,0,4.285e-05,0.00107185,0.0399778
17040,LOX,8,3,0,0,4.529e-05,0.00119261,0.0379757
17050,LOX,37,3,0,0,0.000547383,0.00166235,0.329283
17060,LOX,0,3,0,0,4.3511e-05,0.00103934,0.0418639
17070,LOX,2,3,2,3,4.3741e-05,0.00216714,0.0201837
17080,LOX,0,3,0,0,4.506e-05,0.00104858,0.0429726
17090,LOX,4,3,0,0,4.337e-05,0.00109265,0.0396926
17100,LOX,21,3,1,3,0.000569193,0.00255764,0.222546
17110,LOX,3,3,0,0,4.428e-05,0.00109748,0.0403471
17120,LOX,13,3,0,0,5.058e-05,0.00125059,0.040445
17130,LOX,6,3,0,0,4.546e-05,0.0012112,0.0375331
17140,LOX,8,3,0,0,4.3731e-05,0.00115719,0.0377908
17150,LOX,15,3,0,0,0.000538763,0.00133024,0.405013
17160,LOX,6,3,0,0,4.468e-05,0.00115887,0.0385549
17170,LOX,27,3,0,0,0.000546913,0.00141049,0.387747
17180,LOX,1,3,0,0,4.369e-05,0.00110638,0.0394893
17190,LOX,0,3,0,0,4.398e-05,0.00105506,0.041685
17200,LOX,31,3,0,0,0.000523243,0.00166473,0.314311
17210,LOX,1,3,8,3,4.352e-05,0.00220133,0.0197698
17220,LOX,6,3,0,0,4.41e-05,0.00117681,0.0374743
17230,LOX,0,3,1,3,4.409e-05,0.00210522,0.0209432
17240,LOX,39,3,2,3,0.000554043,0.00279076,0.198527
17250,LOX,3,3,10,3,4.2581e-05,0.00237147,0.0179555
17260,LOX,8,3,0,0,0.000545913,0.00120903,0.451531
17270,LOX,1,3,2,3,4.3311e-05,0.00213414,0.0202944
17280,LOX,0,3,10,3,4.288e-05,0.00215049,0.0199396
17290,LOX,1,3,0,0,4.4891e-05,0.00107598,0.0417212
17300,LOX,25,3,0,0,0.000548043,0.00149974,0.365426
17310,LOX,1,3,0,0,4.258e-05,0.0010849,0.039248
17320,LOX,5,3,0,0,4.433e-05,0.00133234,0.0332724
17330,LOX,1,3,0,0,4.404e-05,0.00105137,0.0418884
17340,LOX,1,3,0,0,4.3241e-05,0.00107017,0.0404059
17350,LOX,0,3,0,0,4.342e-05,0.00108373,0.0400655
17360,LOX,1,3,0,0,4.374e-05,0.00107424,0.0407173
17370,LOX,14,3,0,0,0.000538253,0.00147345,0.365302
17380,LOX,3,3,0,0,4.462e-05,0.00110672,0.0403175
17390,LOX,5,3,0,0,4.442e-05,0.00129182,0.0343857
17400,LOX,1,3,0,0,4.456e-05,0.00110086,0.0404776
17410,LOX,4,3,2,3,4.57e-05,0.00220219,0.0207521
17420,LOX,6,3,2,3,4.381e-05,0.00237661,0.0184338
17430,LOX,16,3,0,0,0.000537143,0.00125497,0.428014
17440,LOX,3,3,1,3,4.4471e-05,0.00217405,0.0204554
17450,LOX,55,3,8,3,0.000554183,0.00310141,0.178688
17460,LOX,42,4,0,0,0.000565173,0.00197968,0.285487
17470,LOX,1,3,0,0,4.407e-05,0.00107041,0.0411713
17480,LOX,38,3,11,3,0.000544503,0.00321953,0.169125
17490,LOX,15,3,6,3,0.000552793,0.00244081,0.226479
17500,LOX,3,3,0,0,4.398e-05,0.00115262,0.0381567
17510,LOX,11,3,0,0,4.272e-05,0.00132215,0.0323111
17520,LOX,1,3,0,0,4.4911e-05,0.00108074,0.0415556
17530,LOX,13,3,0,0,0.000544283,0.0014504,0.375265
17540,LOX,0,3,0,0,4.307e-05,0.00105043,0.0410025
17550,LOX,7,3,0,0,4.369e-05,0.00143003,0.0305518
17560,LOX,1,3,0,0,4.44e-05,0.00111098,0.0399649
17570,LOX,27,3,0,0,0.000546313,0.00152561,0.358095
17580,LOX,26,4,0,0,0.000547902,0.0018343,0.298698
17590,LOX,33,3,0,0,0.000545193,0.00153711,0.354688
17600,LOX,1,3,0,0,4.4421e-05,0.00109439,0.0405899
17610,LOX,18,3,10,3,4.547e-05,0.00257629,0.0176494
17620,LOX,5,3,0,0,4.4001e-05,0.00116431,0.0377916
17630,LOX,0,3,0,0,4.527e-05,0.0010537,0.0429631
17640,LOX,21,3,0,0,0.000550943,0.00158995,0.346516
17650,LOX,1,3,0,0,4.338e-05,0.00109667,0.0395563
17660,LOX,1,3,7,3,4.519e-05,0.00220876,0.0204594
17670,LOX,8,3,0,0,4.295e-05,0.00130069,0.033021
17680,LOX,33,4,1,3,0.000554783,0.00268888,0.206325
17690,LOX,0,3,0,0,4.275e-05,0.00134096,0.0318802
17700,LOX,2,3,0,0,4.444e-05,0.00114831,0.0387005
17710,LOX,0,3,0,0,4.337e-05,0.00105117,0.0412586
17720,LOX,63,4,0,0,0.000552923,0.00261121,0.211749
17730,LOX,1,3,0,0,4.449e-05,0.00107821,0.041263
17740,LOX,11,3,0,0,4.45e-05,0.00119556,0.0372211
17750,LOX,1,3,0,0,4.4031e-05,0.00108915,0.0404271
17760,LOX,11,3,0,0,4.446e-05,0.00131037,0.0339294
17770,LOX,1,3,0,0,4.4121e-05,0.00110723,0.0398483
17780,LOX,15,3,0,0,0.000570533,0.00125581,0.454316
17790,LOX,7,3,0,0,4.4221e-05,0.00114555,0.0386026
17800,LOX,26,3,0,0,0.000559923,0.00158096,0.354167
17810,LOX,4,3,0,0,0.000553233,0.00117768,0.469767
17820,LOX,3,3,0,0,4.336e-05,0.00109939,0.0394402
17830,LOX,10,3,0,0,0.000547363,0.00142235,0.384831
17840,LOX,0,3,0,0,4.304e-05,0.00102777,0.0418772
17850,LOX,6,3,0,0,4.501e-05,0.00123043,0.0365808
17860,LOX,13,3,0,0,0.000541383,0.00128276,0.422046
17870,LOX,39,3,1,3,0.000558903,0.00260347,0.214676
17880,LOX,0,3,2,3,4.35e-05,0.00210284,0.0206863
17890,LOX,12,3,1,3,0.000532623,0.00236323,0.225379
17900,LOX,48,3,0,0,0.000548243,0.00170468,0.321611
17910,LOX,0,3,0,0,4.3341e-05,0.00105144,0.0412208
17920,LOX,34,3,0,0,0.000550393,0.00145105,0.379307
17930,LOX,1,3,0,0,4.548e-05,0.00110398,0.0411965
17940,LOX,0,3,0,0,4.38e-05,0.00105492,0.0415199
17950,LOX,12,3,0,0,4.4701e-05,0.00128364,0.0348237
17960,LOX,23,4,0,0,0.000535982,0.0020159,0.265877
17970,LOX,5,3,0,0,4.465e-05,0.00118329,0.0377339
17980,LOX,3,3,0,0,4.931e-05,0.00106927,0.0461154
17990,LOX,1,3,0,0,4.51e-05,0.00106985,0.0421556
18000,LOX,1,3,0,0,4.532e-05,0.00111067,0.0408043
18010,LOX,4,3,3,3,4.353e-05,0.00231482,0.0188049
18020,LOX,15,3,2,3,0.000554713,0.00236183,0.234865
18030,LOX,1,3,1,3,4.375e-05,0.00214946,0.0203539
18040,LOX,1,3,0,0,4.941e-05,0.00109806,0.0449977
18050,LOX,1,3,0,0,4.466e-05,0.00115171,0.0387773
18060,LOX,20,3,1,3,0.000547213,0.00241258,0.226816
18070,LOX,3,3,10,3,4.4881e-05,0.00234975,0.0191003
18080,LOX,7,3,0,0,4.263e-05,0.00133891,0.0318394
18090,LOX,17,3,9,3,0.000552243,0.00256054,0.215674
18100,LOX,17,3,0,0,0.000557032,0.00149905,0.371591
18110,LOX,51,5,0,0,0.000566423,0.00246787,0.229519
18120,LOX,0,3,0,0,4.3981e-05,0.00106843,0.0411643
18130,LOX,3,3,0,0,4.505e-05,0.00113923,0.0395444
18140,LOX,0,3,0,0,4.407e-05,0.00107061,0.0411636
18150,LOX,21,3,0,0,0.000538913,0.00147934,0.364293
18160,LOX,6,3,0,0,4.386e-05,0.00115678,0.0379157
18170,LOX,13,3,0,0,0.000537913,0.00120831,0.445179
18180,LOX,3,3,0,0,4.515e-05,0.00113178,0.039893
18190,LOX,7,3,0,0,4.364e-05,0.00117827,0.0370375
18200,LOX,33,3,0,0,4.439e-05,0.00169491,0.0261902
18210,LOX,0,3,0,0,4.492e-05,0.0010585,0.0424376
18220,LOX,14,3,0,0,0.000548313,0.0013342,0.410969
18230,LOX,0,3,0,0,4.388e-05,0.00104614,0.0419448
18240,LOX,22,3,0,0,0.000569533,0.00151869,0.375016
18250,LOX,1,3,8,3,4.37e-05,0.00226715,0.0192753
18260,LOX,0,3,8,3,4.316e-05,0.0022155,0.0194809
18270,LOX,4,3,2,3,4.375e-05,0.00219614,0.0199213
18280,LOX,23,3,1,3,0.000571183,0.00261359,0.218543
18290,LOX,23,3,0,0,0.000540563,0.00153526,0.352099
18300,LOX,2,3,0,0,4.441e-05,0.00111352,0.0398827
18310,LOX,10,3,0,0,4.455e-05,0.00146467,0.0304164
18320,LOX,30,3,0,0,0.000581363,0.00148134,0.392458
18330,LOX,9,3,3,3,4.483e-05,0.00243611,0.0184023
18340,LOX,2,3,0,0,4.392e-05,0.00107994,0.0406691
18350,LOX,13,3,3,3,0.000547403,0.00232632,0.235308
18360,LOX,13,3,0,0,0.000561843,0.00127883,0.439342
18370,LOX,31,3,0,0,0.000559483,0.00188146,0.297366
18380,LOX,1,3,0,0,4.521e-05,0.00107329,0.0421226
18390,LOX,5,3,0,0,4.3461e-05,0.0012176,0.0356941
18400,LOX,58,3,0,0,0.000547233,0.00184433,0.296711
18410,LOX,1,3,0,0,4.3e-05,0.00105533,0.0407454
18420,LOX,67,4,0,0,0.000560083,0.00221886,0.252419
18430,LOX,5,3,8,3,4.387e-05,0.00224503,0.0195409
18440,LOX,13,3,1,3,0.000539173,0.00230551,0.233863
18450,LOX,5,3,0,0,0.000550873,0.00125537,0.438814
18460,LOX,0,3,11,3,5.056e-05,0.00222365,0.0227374
18470,LOX,0,3,0,0,4.4391e-05,0.00105963,0.0418927
18480,LOX,33,3,0,0,0.000559493,0.00146548,0.381782
18490,LOX,24,3,13,3,0.000563503,0.00260212,0.216555
18500,LOX,3,3,6,3,4.3181e-05,0.00234371,0.0184242
18510,LOX,8,3,0,0,0.000544913,0.00126638,0.430293
18520,LOX,52,4,0,0,0.000551603,0.00197204,0.279712
18530,LOX,2,3,0,0,4.405e-05,0.0010813,0.0407382
18540,LOX,2,3,0,0,4.38e-05,0.0010725,0.0408393
18550,LOX,22,3,0,0,0.000563853,0.00131797,0.42782
18560,LOX,0,3,0,0,4.3011e-05,0.00105619,0.040723
18570,LOX,22,3,0,0,0.000551043,0.00142917,0.385569
18580,LOX,2,3,0,0,4.362e-05,0.00107131,0.0407167
18590,LOX,6,3,0,0,0.000554323,0.00115931,0.478151
18600,LOX,0,3,0,0,4.331e-05,0.00105857,0.0409138
18610,LOX,1,3,8,3,4.357e-05,0.00222518,0.0195804
18620,LOX,1,3,4,3,4.543e-05,0.0022212,0.0204529
18630,LOX,0,3,2,3,4.4961e-05,0.0021171,0.0212371
18640,LOX,0,3,0,0,4.284e-05,0.00106329,0.0402902
18650,LOX,10,3,2,3,4.484e-05,0.00244059,0.0183726
18660,LOX,6,3,1,3,4.294e-05,0.00224859,0.0190964
18670,LOX,1,3,2,3,4.343e-05,0.00220424,0.0197029
18680,LOX,0,3,3,3,4.332e-05,0.00214279,0.0202166
18690,LOX,2,3,0,0,4.3e-05,0.00109349,0.0393238
18700,LOX,10,3,0,0,4.3381e-05,0.00149007,0.0291134
18710,LOX,8,3,0,0,4.451e-05,0.00124779,0.0356712
18720,LOX,7,3,0,0,4.244e-05,0.00147931,0.0286891
18730,LOX,0,3,0,0,4.319e-05,0.00106853,0.0404202
18740,LOX,0,3,0,0,4.345e-05,0.00102936,0.0422109
18750,LOX,23,3,0,0,0.000542463,0.00160671,0.337624
18760,LOX,24,3,0,0,0.000553993,0.00169743,0.326372
18770,LOX,41,3,0,0,0.000566973,0.00173566,0.326662
18780,LOX,26,3,0,0,0.000544383,0.00171756,0.316952
18790,LOX,2,3,0,0,4.416e-05,0.00110012,0.0401412
18800,LOX,11,3,0,0,0.000569253,0.00122288,0.465503
18810,LOX,15,3,0,0,0.000543592,0.00137584,0.395099
18820,LOX,0,3,0,0,4.3661e-05,0.00104753,0.0416802
18830,LOX,1,3,11,4,4.408e-05,0.0025455,0.0173168
18840,LOX,2,3,0,0,4.512e-05,0.00109653,0.0411481
18850,LOX,8,3,0,0,4.4751e-05,0.00118914,0.0376332
18860,LOX,2,3,0,0,4.375e-05,0.00107964,0.0405229
18870,LOX,16,3,0,0,0.000541342,0.00129996,0.416431
18880,LOX,1,3,0,0,4.163e-05,0.00106856,0.0389591
18890,LOX,9,3,0,0,4.338e-05,0.00138971,0.0312152
18900,LOX,3,3,0,0,4.373e-05,0.00109315,0.0400038
18910,LOX,23,3,0,0,0.000557803,0.00136297,0.409256
18920,LOX,0,3,9,3,4.4841e-05,0.00221595,0.0202356
18930,LOX,1,3,0,0,4.441e-05,0.00106916,0.0415375
18940,LOX,1,3,0,0,4.473e-05,0.0010632,0.0420713
18950,LOX,25,3,0,0,0.000545823,0.00135451,0.402968
18960,LOX,2,3,0,0,4.48e-05,0.00109293,0.0409909
18970,LOX,0,3,0,0,4.2741e-05,0.00104948,0.0407257
18980,LOX,1,3,10,3,4.445e-05,0.00229088,0.019403
18990,LOX,15,3,0,0,0.000557143,0.00147604,0.377459
19000,LOX,1,3,6,3,4.628e-05,0.00229449,0.02017
19010,LOX,3,3,0,0,4.3201e-05,0.00115884,0.0372796
19020,LOX,13,3,0,0,0.000560433,0.0011883,0.471627
19030,LOX,23,3,0,0,0.000553853,0.00137557,0.402636
19040,LOX,12,3,0,0,4.795e-05,0.00121546,0.0394502
19050,LOX,0,3,0,0,4.235e-05,0.00102256,0.0414158
19060,LOX,0,3,0,0,4.5051e-05,0.0010693,0.0421311
19070,LOX,8,3,0,0,0.000549753,0.00126376,0.435015
19080,LOX,20,6,0,0,0.000549443,0.00223481,0.245856
19090,LOX,28,7,0,0,0.000554723,0.00260752,0.212739
19100,LOX,10,4,0,0,4.453e-05,0.00144108,0.0309005
19110,LOX,3,3,1,3,4.554e-05,0.00212534,0.0214271
19120,LOX,1,3,5,3,4.26e-05,0.00221318,0.0192483
19130,LOX,12,3,0,0,4.368e-05,0.00128724,0.0339331
19140,LOX,5,3,2,3,4.447e-05,0.0023868,0.0186316
19150,LOX,1,3,0,0,4.3571e-05,0.00109871,0.0396567
19160,LOX,6,3,0,0,4.4621e-05,0.00113886,0.0391805
19170,LOX,1,3,0,0,4.5e-05,0.00107981,0.0416742
19180,LOX,5,3,2,3,4.455e-05,0.00236239,0.018858
19190,LOX,4,3,0,0,4.437e-05,0.0011015,0.0402816
19200,LOX,1,3,1,3,4.449e-05,0.00218403,0.0203706
19210,LOX,1,3,0,0,4.357e-05,0.00108706,0.0400804
19220,LOX,1,3,0,0,4.428e-05,0.00106883,0.0414286
19230,LOX,1,3,0,0,4.302e-05,0.00107902,0.0398697
19240,LOX,1,3,0,0,4.429e-05,0.00110623,0.040037
19250,LOX,11,3,0,0,0.000549552,0.00125384,0.438297
19260,LOX,6,3,0,0,4.409e-05,0.00111816,0.039431
19270,LOX,2,3,0,0,4.425e-05,0.00111677,0.0396233
19280,LOX,1,3,0,0,4.356e-05,0.00104477,0.0416932
19290,LOX,6,3,4,3,4.322e-05,0.00276049,0.0156566
19300,LOX,25,3,0,0,0.000548453,0.00132547,0.413781
19310,LOX,1,3,8,3,4.293e-05,0.0023214,0.0184931
19320,LOX,7,3,10,3,4.386e-05,0.00244559,0.0179343
19330,LOX,32,3,0,0,0.000558143,0.0018704,0.298408
19340,LOX,19,3,0,0,0.000559513,0.00160171,0.349323
19350,LOX,0,3,2,3,4.4521e-05,0.00212636,0.0209376
19360,LOX,16,3,0,0,4.3811e-05,0.0015392,0.0284635
19370,LOX,1,3,4,3,4.3611e-05,0.00218454,0.0199635
19380,LOX,1,3,0,0,4.2951e-05,0.00107664,0.0398934
19390,LOX,1,3,10,3,4.374e-05,0.00220293,0.0198554
19400,LOX,14,3,1,3,0.000549313,0.00239313,0.229537
19410,LOX,1,3,0,0,4.52e-05,0.00109386,0.0413217
19420,LOX,1,3,0,0,4.309e-05,0.0010542,0.0408748
19430,LOX,0,3,0,0,4.405e-05,0.00105258,0.0418497
19440,LOX,7,3,0,0,4.349e-05,0.00138052,0.0315027
19450,LOX,22,3,0,0,0.000542483,0.00145728,0.372258
19460,LOX,24,5,0,0,0.000570073,0.00220773,0.258217
19470,LOX,53,4,0,0,0.000551343,0.00202539,0.272216
19480,LOX,5,3,0,0,0.000547253,0.00113453,0.482363
19490,LOX,4,3,0,0,4.432e-05,0.00116995,0.0378821
19500,LOX,10,3,0,0,4.4351e-05,0.00123888,0.0357994
19510,LOX,1,3,10,3,4.525e-05,0.00225419,0.0200737
19520,LOX,3,3,3,3,4.426e-05,0.00217833,0.0203183
19530,LOX,2,3,2,3,4.331e-05,0.00215244,0.0201213
19540,LOX,2,3,1,3,4.479e-05,0.00217284,0.0206136
19550,LOX,5,3,0,0,4.362e-05,0.0011697,0.0372917
19560,LOX,1,3,6,3,4.466e-05,0.00221583,0.020155
19570,LOX,0,3,11,3,4.3131e-05,0.00223629,0.0192868
19580,LOX,6,3,2,3,4.294e-05,0.00227883,0.018843
19590,LOX,16,3,0,0,4.407e-05,0.00134025,0.032882
19600,LOX,1,3,0,0,4.346e-05,0.00109936,0.0395322
19610,LOX,8,3,0,0,0.000537383,0.00119254,0.450622
19620,LOX,2,3,0,0,4.337e-05,0.00115244,0.0376333
19630,LOX,1,3,0,0,4.264e-05,0.00109541,0.0389262
19640,LOX,6,4,0,0,4.46e-05,0.00146126,0.0305216
19650,LOX,1,3,0,0,4.2641e-05,0.00109442,0.0389623
19660,LOX,19,3,0,0,0.000545113,0.00153201,0.355816
19670,LOX,1,3,0,0,4.5801e-05,0.00107518,0.0425983
19680,LOX,11,3,0,0,0.000544583,0.00118699,0.458795
19690,LOX,23,3,0,0,0.000537813,0.001678,0.320509
19700,LOX,0,3,0,0,4.238e-05,0.00105716,0.0400887
19710,LOX,25,3,1,3,4.372e-05,0.00267328,0.0163545
19720,LOX,1,3,8,3,4.485e-05,0.00219964,0.0203897
19730,LOX,29,3,0,0,0.000548823,0.00156713,0.350209
19740,LOX,0,3,1,3,4.3441e-05,0.00214426,0.0202592
19750,LOX,5,3,0,0,4.353e-05,0.00115255,0.0377686
19760,LOX,1,3,0,0,4.655e-05,0.00104988,0.0443386
19770,LOX,0,3,5,3,4.4841e-05,0.00212359,0.0211157
19780,LOX,17,3,0,0,4.432e-05,0.00137602,0.0322089
19790,LOX,1,3,0,0,4.385e-05,0.0010904,0.0402147
19800,LOX,1,3,0,0,4.67e-05,0.00108497,0.0430428
19810,LOX,1,3,0,0,4.402e-05,0.00111385,0.0395207
19820,LOX,5,3,0,0,4.576e-05,0.00110758,0.0413154
19830,LOX,32,3,0,0,0.000541212,0.00151376,0.357529
19840,LOX,0,3,0,0,4.352e-05,0.00105089,0.0414127
19850,LOX,32,3,0,0,0.000558583,0.00153577,0.363716
19860,LOX,8,3,0,0,0.000555683,0.00114623,0.484794
19870,LOX,19,3,0,0,0.000547903,0.00152654,0.358919
19880,LOX,2,3,0,0,4.335e-05,0.00108469,0.0399655
19890,LOX,1,3,0,0,4.3461e-05,0.00106108,0.0409594
19900,LOX,1,3,0,0,4.415e-05,0.00108635,0.0406408
19910,LOX,2,3,2,3,4.589e-05,0.00225393,0.02036
19920,LOX,1,3,7,3,4.3661e-05,0.00221824,0.0196827
19930,LOX,9,3,0,0,0.000569793,0.00128499,0.443423
19940,LOX,13,3,0,0,0.000544442,0.00118399,0.459838
19950,LOX,0,3,0,0,4.464e-05,0.00105526,0.0423022
19960,LOX,14,3,7,3,0.000546302,0.00239371,0.228224
19970,LOX,0,3,0,0,4.373e-05,0.00106528,0.0410504
19980,LOX,0,3,2,3,4.3611e-05,0.00215451,0.0202417
19990,LOX,4,3,0,0,5.041e-05,0.00110877,0.045465
20000,LOX,7,3,1,3,4.427e-05,0.00226045,0.0195846
20010,LOX,1,3,0,0,4.396e-05,0.00109602,0.0401089
20020,LOX,0,3,0,0,4.451e-05,0.00103618,0.042956
20030,LOX,62,3,0,0,0.000560323,0.00201264,0.278402
20040,LOX,1,3,0,0,4.458e-05,0.00108039,0.041263
20050,LOX,1,3,0,0,4.493e-05,0.00109694,0.0409595
20060,LOX,0,3,0,0,4.7321e-05,0.00104467,0.0452973
20070,LOX,1,3,0,0,5.146e-05,0.00110252,0.0466751
20080,LOX,7,3,0,0,4.451e-05,0.00115585,0.0385086
20090,LOX,36,3,0,0,0.000540643,0.00168593,0.32068
20100,LOX,47,5,0,0,0.000547773,0.00235779,0.232324
20110,LOX,6,3,0,0,4.217e-05,0.0011335,0.0372035
20120,LOX,0,3,3,3,4.416e-05,0.00214351,0.0206017
20130,LOX,14,3,0,0,4.4921e-05,0.00147795,0.0303942
20140,LOX,18,3,0,0,4.5341e-05,0.00153149,0.0296058
20150,LOX,4,3,1,3,0.000553863,0.00232042,0.238691
20160,LOX,0,3,0,0,4.586e-05,0.00105095,0.0436365
20170,LOX,49,4,0,0,0.000561713,0.00214955,0.261316
20180,LOX,1,3,6,3,4.479e-05,0.00216469,0.0206912
20190,LOX,1,3,0,0,4.5711e-05,0.00106557,0.0428984
20200,LOX,4,3,1,3,4.402e-05,0.00226065,0.0194723
20210,LOX,16,3,0,0,0.000527462,0.00153287,0.344101
20220,LOX,3,3,0,0,4.578e-05,0.00111677,0.0409934
20230,LOX,0,3,0,0,4.444e-05,0.00106062,0.0419002
20240,LOX,25,3,0,0,0.000538633,0.00154637,0.348321
20250,LOX,5,3,0,0,4.469e-05,0.00115728,0.0386165
20260,LOX,20,4,0,0,0.000562223,0.00187585,0.299716
20270,LOX,2,3,0,0,4.4441e-05,0.00110052,0.0403816
20280,LOX,24,3,0,0,0.000544453,0.00170408,0.3195
20290,LOX,0,3,0,0,4.383e-05,0.00131984,0.0332086
20300,LOX,24,3,0,0,0.000563793,0.00154056,0.365967
20310,LOX,10,3,0,0,4.494e-05,0.00121279,0.0370551
20320,LOX,1,3,0,0,4.4541e-05,0.00108873,0.0409112
20330,LOX,17,3,9,3,4.385e-05,0.00272291,0.0161041
20340,LOX,4,3,2,3,4.249e-05,0.00239269,0.0177582
20350,LOX,13,3,2,3,0.000552113,0.00241991,0.228154
20360,LOX,4,3,0,0,0.000561033,0.00111132,0.504837
20370,LOX,2,3,0,0,4.385e-05,0.00108023,0.0405934
20380,LOX,1,3,0,0,4.435e-05,0.00106486,0.0416488
20390,LOX,4,3,5,3,4.5061e-05,0.00242891,0.0185519
20400,LOX,2,3,5,3,4.3021e-05,0.00230967,0.0186265
20410,LOX,0,3,0,0,4.302e-05,0.00101958,0.042194
20420,LOX,42,4,0,0,0.000562803,0.00192334,0.292618
20430,LOX,2,3,0,0,4.4041e-05,0.00121193,0.0363397
20440,LOX,1,3,0,0,4.3891e-05,0.0010838,0.0404975
20450,LOX,9,3,0,0,4.3501e-05,0.00134749,0.0322831
20460,LOX,2,3,0,0,4.316e-05,0.00115377,0.0374079
20470,LOX,3,3,0,0,4.3251e-05,0.0010662,0.0405654
20480,LOX,4,3,0,0,4.4901e-05,0.00114059,0.0393666
20490,LOX,9,3,0,0,0.000543313,0.00128917,0.421445
20500,LOX,25,3,0,0,0.000563503,0.00168188,0.335044
20510,LOX,0,3,0,0,4.226e-05,0.00102534,0.0412158
20520,LOX,9,3,0,0,0.000554503,0.00117834,0.470581
20530,LOX,24,3,0,0,0.000558873,0.00152135,0.367354
20540,LOX,11,3,0,0,0.000562953,0.00121677,0.462663
20550,LOX,2,3,0,0,4.4201e-05,0.0011181,0.0395324
20560,LOX,1,3,0,0,4.47e-05,0.00105783,0.0422565
20570,LOX,18,3,0,0,0.000564304,0.0015178,0.371791
20580,LOX,36,3,0,0,0.000541333,0.00153296,0.35313
20590,LOX,29,3,0,0,0.000548573,0.00186591,0.293998
20600,LOX,1,3,0,0,4.4091e-05,0.00110851,0.0397752
20610,LOX,31,3,2,3,0.000554192,0.00273299,0.202779
20620,LOX,0,3,0,0,4.362e-05,0.00104043,0.0419248
20630,LOX,11,3,1,3,0.000550062,0.00232065,0.237029
20640,LOX,7,3,0,0,0.000553893,0.00122656,0.451584
20650,LOX,1,3,8,3,4.414e-05,0.00223037,0.0197904
20660,LOX,0,3,3,3,4.383e-05,0.00211109,0.0207618
20670,LOX,2,3,1,3,4.299e-05,0.00215505,0.0199485
20680,LOX,11,3,2,3,4.458e-05,0.00239056,0.0186483
20690,LOX,6,3,5,3,0.000548333,0.00246116,0.222794
20700,LOX,0,3,3,3,4.4181e-05,0.0021392,0.020653
20710,LOX,7,3,0,0,0.000554263,0.00127112,0.436044
20720,LOX,0,3,6,3,4.547e-05,0.00218877,0.0207742
20730,LOX,17,3,0,0,0.000542833,0.0015401,0.352467
20740,LOX,1,3,0,0,4.3011e-05,0.00106952,0.0402154
20750,LOX,2,3,0,0,4.42e-05,0.00108827,0.0406151
20760,LOX,21,3,0,0,0.000553653,0.00145715,0.379957
20770,LOX,1,3,0,0,4.341e-05,0.00107018,0.0405631
20780,LOX,23,3,0,0,0.000552713,0.00138526,0.398997
20790,LOX,12,3,0,0,0.000540682,0.00117844,0.458813
20800,LOX,46,4,0,0,0.000569443,0.00199563,0.285345
20810,LOX,8,3,0,0,4.559e-05,0.00118303,0.0385368
20820,LOX,0,3,4,3,4.3201e-05,0.00212145,0.0203639
20830,LOX,1,3,0,0,4.363e-05,0.00104305,0.0418295
20840,LOX,23,3,0,0,0.000548593,0.00128268,0.427694
20850,LOX,16,3,1,3,0.000552923,0.00240282,0.230114
20860,LOX,0,3,0,0,4.4491e-05,0.00106212,0.0418887
20870,LOX,0,3,6,3,4.3851e-05,0.00231709,0.018925
20880,LOX,1,3,11,3,4.389e-05,0.00223538,0.0196342
20890,LOX,5,3,0,0,0.000536123,0.00115771,0.463091
20900,LOX,30,3,7,3,0.000560113,0.0027817,0.201356
20910,LOX,1,3,0,0,4.4211e-05,0.00108467,0.0407601
20920,LOX,2,3,0,0,4.404e-05,0.00106422,0.0413826
20930,LOX,16,3,0,0,0.000574463,0.00132745,0.432758
20940,LOX,9,3,0,0,4.635e-05,0.00118114,0.0392419
20950,LOX,29,3,0,0,0.000538342,0.00168592,0.319317
20960,LOX,24,3,0,0,0.000538013,0.00154007,0.349344
20970,LOX,5,3,0,0,4.622e-05,0.00140434,0.0329123
20980,LOX,14,3,0,0,0.000538033,0.00137019,0.392671
20990,LOX,31,3,0,0,0.000542233,0.00169722,0.319483
21000,LOX,17,3,10,3,0.000558613,0.00294323,0.189796
21010,LOX,1,3,0,0,4.405e-05,0.00106105,0.0415156
21020,LOX,44,3,0,0,0.000565423,0.001636,0.345614
21030,LOX,13,3,2,3,4.423e-05,0.00247597,0.0178637
21040,LOX,15,3,13,3,0.000554042,0.00276475,0.200395
21050,LOX,0,3,0,0,4.5801e-05,0.00107241,0.0427087
21060,LOX,0,3,0,0,4.432e-05,0.00105946,0.0418328
21070,LOX,63,3,0,0,0.000567573,0.00168338,0.337163
21080,LOX,16,3,8,3,0.000548953,0.00242691,0.226194
21090,LOX,0,3,7,3,4.419e-05,0.00218799,0.0201966
21100,LOX,1,3,0,0,4.3691e-05,0.00112422,0.0388635
21110,LOX,0,3,0,0,4.373e-05,0.00102747,0.042561
21120,LOX,6,3,0,0,4.442e-05,0.00116171,0.0382369
21130,LOX,1,3,0,0,4.413e-05,0.00108256,0.0407646
21140,LOX,1,3,0,0,4.386e-05,0.00105089,0.0417363
21150,LOX,12,3,0,0,0.000545333,0.00148665,0.366821
21160,LOX,1,3,0,0,4.422e-05,0.00107063,0.0413029
21170,LOX,1,3,0,0,4.352e-05,0.00105089,0.0414127
21180,LOX,2,3,0,0,4.412e-05,0.0011056,0.0399061
21190,LOX,1,3,0,0,4.441e-05,0.00107607,0.0412707
21200,LOX,5,3,0,0,4.429e-05,0.00126087,0.0351267
21210,LOX,2,3,1,3,4.526e-05,0.00213422,0.0212068
21220,LOX,0,3,0,0,4.48e-05,0.00106015,0.0422583
21230,LOX,2,3,2,3,5.149e-05,0.00218056,0.0236132
21240,LOX,1,3,0,0,4.545e-05,0.00107112,0.0424324
21250,LOX,13,3,0,0,0.000538583,0.00163585,0.329238
21260,LOX,2,3,0,0,4.453e-05,0.00123602,0.036027
21270,LOX,1,3,0,0,4.5081e-05,0.00109612,0.0411279
21280,LOX,11,3,9,3,0.000554643,0.00252708,0.219479
21290,LOX,23,3,7,3,0.000568533,0.00278637,0.20404
21300,LOX,0,3,1,3,4.405e-05,0.00215471,0.0204436
21310,LOX,51,3,0,0,0.000540103,0.00211547,0.255311
21320,LOX,14,3,0,0,0.000542993,0.00144562,0.375613
21330,LOX,8,3,0,0,4.3981e-05,0.0011715,0.0375426
21340,LOX,12,3,0,0,0.000544443,0.00118972,0.457624
21350,LOX,11,3,0,0,0.000538553,0.00134435,0.400606
21360,LOX,24,3,0,0,0.000558363,0.00166138,0.336084
21370,LOX,1,3,0,0,4.368e-05,0.00108149,0.0403889
21380,LOX,0,3,0,0,4.375e-05,0.00104397,0.0419075
21390,LOX,6,3,0,0,4.418e-05,0.00126789,0.0348454
21400,LOX,0,3,0,0,4.283e-05,0.00106366,0.0402668
21410,LOX,3,3,0,0,4.4921e-05,0.00122319,0.0367246
21420,LOX,18,3,0,0,0.000545383,0.00124516,0.438003
21430,LOX,33,4,1,3,0.000542303,0.0033043,0.164121
21440,LOX,16,3,0,0,0.000558843,0.00130428,0.42847
21450,LOX,1,3,1,3,5.0091e-05,0.00218092,0.0229678
21460,LOX,11,3,2,3,0.000553343,0.00233545,0.236932
21470,LOX,7,3,6,3,4.5231e-05,0.00220092,0.0205509
21480,LOX,58,4,0,0,0.000568433,0.00216431,0.262639
21490,LOX,24,3,0,0,0.000549393,0.0013703,0.40093
21500,LOX,5,3,0,0,4.361e-05,0.00115671,0.0377019
21510,LOX,2,3,0,0,0.000544683,0.00111879,0.486852
21520,LOX,1,3,0,0,4.377e-05,0.00105969,0.0413047
21530,LOX,15,3,0,0,4.666e-05,0.0014314,0.0325975
21540,LOX,28,3,0,0,4.497e-05,0.00158683,0.0283395
21550,LOX,28,3,0,0,4.564e-05,0.00175511,0.0260041
21560,LOX,46,3,0,0,0.000575813,0.00168494,0.341741
21570,LOX,18,3,0,0,0.000594843,0.00133574,0.445329
21580,LOX,71,4,0,0,0.000561343,0.00194363,0.288812
21590,LOX,26,3,8,3,0.000591443,0.00283267,0.208793
21600,LOX,21,3,0,0,0.000557903,0.00155719,0.358276
21610,LOX,16,3,5,3,0.000570283,0.00264386,0.215701
21620,LOX,63,3,0,0,0.000591273,0.00211021,0.280196
21630,LOX,1,3,5,3,4.5371e-05,0.00226364,0.0200434
21640,LOX,18,3,8,3,0.000571043,0.00267625,0.213374
21650,LOX,11,3,0,0,4.478e-05,0.00124414,0.0359928
21660,LOX,12,3,0,0,4.485e-05,0.00131509,0.0341042
21670,LOX,69,3,1,3,0.000571153,0.00286162,0.199591
21680,LOX,9,3,3,3,4.354e-05,0.00229149,0.0190007
21690,LOX,0,3,3,3,4.4541e-05,0.00214966,0.02072
21700,LOX,44,3,0,0,0.000582903,0.00152801,0.381479
21710,LOX,59,4,0,0,0.000598263,0.00201004,0.297637
21720,LOX,67,5,0,0,0.000572073,0.0023206,0.246519
21730,LOX,3,3,7,3,4.418e-05,0.00228799,0.0193095
21740,LOX,9,3,0,0,4.3901e-05,0.00116925,0.0375464
21750,LOX,17,3,0,0,0.000541563,0.00145158,0.373086
21760,LOX,46,3,1,3,0.000578393,0.0027092,0.213493
21770,LOX,27,3,0,0,0.000568673,0.00147682,0.385066
21780,LOX,6,3,0,0,4.407e-05,0.00118466,0.0372007
21790,LOX,45,4,0,0,0.000576413,0.00212086,0.271783
21800,LOX,18,3,3,3,0.000594903,0.00239465,0.24843
21810,LOX,15,3,0,0,5.148e-05,0.00123866,0.0415611
21820,LOX,20,3,9,3,0.000591333,0.00276987,0.213487
21830,LOX,16,3,0,0,0.000579133,0.00137775,0.420348
21840,LOX,30,3,0,0,0.000564763,0.00144906,0.389745
21850,LOX,52,4,1,3,0.000581863,0.00315369,0.184502
21860,LOX,43,3,1,3,0.000580463,0.00270546,0.214552
21870,LOX,45,3,1,3,0.000582223,0.00303904,0.191581
21880,LOX,36,3,7,3,0.000580963,0.00309045,0.187987
21890,LOX,24,3,1,3,0.000586723,0.00253726,0.231242
21900,LOX,1,3,1,3,4.355e-05,0.00223229,0.0195091
21910,LOX,36,3,0,0,0.000579533,0.00165671,0.34981
21920,LOX,18,3,14,3,0.000574273,0.00269625,0.212989
21930,LOX,50,4,0,0,0.000569223,0.00225196,0.252768
21940,LOX,17,3,3,3,0.000586933,0.00236187,0.248503
21950,LOX,8,3,1,3,0.000565333,0.00225417,0.250794
21960,LOX,38,3,0,0,0.000580693,0.00164683,0.352613
21970,LOX,3,3,1,3,4.5551e-05,0.00217354,0.020957
21980,LOX,8,3,0,0,4.446e-05,0.00114265,0.0389097
21990,LOX,42,3,3,3,0.000546752,0.002744,0.199253
22000,LOX,61,3,0,0,0.000578013,0.00177192,0.326207
22010,LOX,46,4,1,3,5.03e-05,0.00303008,0.0166002
22020,LOX,11,3,1,3,4.5151e-05,0.00238529,0.0189289
22030,LOX,16,3,3,3,0.000562803,0.00239104,0.23538
22040,LOX,55,3,0,0,0.000588103,0.00181553,0.323929
22050,LOX,25,3,3,3,0.000562583,0.00278825,0.201769
22060,LOX,24,3,0,0,0.000586953,0.00138585,0.423534
22070,LOX,65,4,0,0,0.000550623,0.0023208,0.237255
22080,LOX,11,3,0,0,4.411e-05,0.00132158,0.0333768
22090,LOX,19,3,0,0,4.319e-05,0.0015688,0.0275306
22100,LOX,0,3,3,3,4.474e-05,0.0021886,0.0204423
22110,LOX,20,3,8,3,0.000530603,0.00258477,0.20528
22120,LOX,14,3,2,3,0.000558752,0.00230611,0.242292
22130,LOX,38,3,5,3,0.000580373,0.0029908,0.194053
22140,LOX,10,3,1,3,0.000555833,0.00244973,0.226895
22150,LOX,63,3,0,0,0.000563973,0.00234077,0.240935
22160,LOX,28,3,0,0,0.000575353,0.00153819,0.374046
22170,LOX,1,3,0,0,4.477e-05,0.00115804,0.0386603
22180,LOX,21,3,0,0,0.000572023,0.00132581,0.431453
22190,LOX,26,3,3,3,0.000537103,0.00273763,0.196192
22200,LOX,10,3,0,0,4.44e-05,0.00130058,0.0341387
22210,LOX,23,3,4,3,0.000554463,0.00238947,0.232044
22220,LOX,38,4,0,0,0.000550182,0.00147138,0.373923
22230,LOX,15,3,0,0,0.000588623,0.00134686,0.437035
22240,LOX,22,3,0,0,0.000563493,0.00162149,0.347516
22250,LOX,3,3,0,0,0.000544693,0.0011467,0.475011
22260,LOX,14,3,4,3,4.4701e-05,0.0026234,0.0170393
22270,LOX,47,3,0,0,0.000521413,0.00180717,0.288525
22280,LOX,25,3,1,3,0.000531503,0.002495,0.213027
22290,LOX,2,3,7,3,4.434e-05,0.00221869,0.0199847
22300,LOX,27,4,6,3,4.9201e-05,0.00303323,0.0162207
22310,LOX,49,4,0,0,0.000572563,0.00215493,0.265699
22320,LOX,7,3,8,3,0.000546572,0.00235702,0.231891
22330,LOX,74,3,0,0,0.000551123,0.00238555,0.231025
22340,LOX,7,3,0,0,4.603e-05,0.00120533,0.0381888
22350,LOX,8,3,1,3,4.5141e-05,0.00232969,0.0193764
22360,LOX,63,4,11,4,0.000552843,0.00389909,0.141788
22370,LOX,22,3,0,0,0.000556203,0.00151921,0.366114
22380,LOX,19,3,0,0,0.000572863,0.00142693,0.401466
22390,LOX,28,3,0,0,0.000535812,0.0014012,0.382396
22400,LOX,14,3,4,3,4.524e-05,0.00254285,0.017791
22410,LOX,28,3,5,3,0.000541293,0.00272833,0.198397
22420,LOX,19,3,8,3,0.000543983,0.00290549,0.187226
22430,LOX,18,3,0,0,0.000543342,0.00130979,0.414832
22440,LOX,3,3,7,3,4.939e-05,0.00219819,0.0224685
22450,LOX,32,4,0,0,0.000550543,0.00198506,0.277343
22460,LOX,26,3,0,0,0.000540643,0.00146484,0.369081
22470,LOX,1,3,0,0,4.398e-05,0.00112124,0.0392246
22480,LOX,6,3,0,0,4.396e-05,0.00112496,0.0390771
22490,LOX,9,3,0,0,0.000558393,0.0012091,0.461827
22500,LOX,28,3,2,3,4.48e-05,0.00259042,0.0172945
22510,LOX,94,3,0,0,0.000542613,0.00225585,0.240536
22520,LOX,75,3,0,0,0.000555663,0.00198103,0.280492
22530,LOX,33,3,0,0,0.000564403,0.00142322,0.396568
22540,LOX,0,3,0,0,4.366e-05,0.00106142,0.0411338
22550,LOX,50,7,0,0,0.000570823,0.00282475,0.202079
22560,LOX,11,3,0,0,4.4701e-05,0.00133573,0.0334657
22570,LOX,22,3,0,0,0.000555882,0.00126751,0.438563
22580,LOX,6,3,0,0,4.286e-05,0.00117481,0.0364826
22590,LOX,34,3,0,0,0.000546303,0.00165578,0.329937
22600,LOX,34,3,8,3,0.000572453,0.0028518,0.200734
22610,LOX,34,3,0,0,0.000558893,0.00162891,0.343109
22620,LOX,37,3,0,0,0.000533172,0.00177933,0.299648
22630,LOX,2,3,0,0,4.325e-05,0.00113104,0.0382393
22640,LOX,4,3,0,0,4.4341e-05,0.00121171,0.0365939
22650,LOX,13,3,0,0,0.000537473,0.00143979,0.3733
22660,LOX,33,3,0,0,0.000557183,0.00149043,0.373841
22670,LOX,11,3,11,3,0.000554923,0.00266566,0.208174
22680,LOX,48,3,2,3,0.000559644,0.00302953,0.18473
22690,LOX,19,3,2,3,0.000547693,0.00234959,0.233101
22700,LOX,2,3,0,0,4.4951e-05,0.00113165,0.0397218
22710,LOX,67,4,50,4,0.000563053,0.00425839,0.132222
22720,LOX,5,3,0,0,4.5021e-05,0.00132414,0.0340003
22730,LOX,39,3,0,0,0.000553643,0.00171694,0.322459
22740,LOX,13,3,0,0,4.3991e-05,0.00121182,0.0363017
22750,LOX,0,3,6,3,4.314e-05,0.00219449,0.0196583
22760,LOX,2,3,8,3,4.497e-05,0.00223616,0.0201103
22770,LOX,3,3,10,3,4.514e-05,0.00221127,0.0204136
22780,LOX,27,3,0,0,0.000554803,0.00142266,0.389976
22790,LOX,0,3,11,3,4.475e-05,0.0022887,0.0195526
22800,LOX,13,3,0,0,4.33e-05,0.00149852,0.0288952
22810,LOX,11,3,0,0,0.000553573,0.00124302,0.445346
22820,LOX,24,3,2,3,0.000557853,0.00275156,0.202741
22830,LOX,0,3,5,3,4.428e-05,0.00211803,0.0209062
22840,LOX,63,4,0,0,0.000556713,0.00209317,0.265966
22850,LOX,32,3,0,0,0.000550623,0.00193239,0.284944
22860,LOX,9,3,2,3,0.000551653,0.00236399,0.233356
22870,LOX,50,3,0,0,0.000549412,0.00200813,0.273594
22880,LOX,36,5,7,3,0.000551773,0.00337664,0.163409
22890,LOX,34,3,0,0,0.000534433,0.00162223,0.329444
22900,LOX,39,3,0,0,0.000532343,0.00148709,0.357977
22910,LOX,24,3,0,0,0.000544083,0.00139638,0.389639
22920,LOX,6,3,0,0,4.407e-05,0.00127889,0.0344597
22930,LOX,16,3,0,0,0.000559893,0.00133288,0.420064
22940,LOX,31,3,0,0,0.000565333,0.00140052,0.40366
22950,LOX,1,3,0,0,4.45e-05,0.00107215,0.0415055
22960,LOX,20,3,0,0,0.000555933,0.00136853,0.406227
22970,LOX,3,3,0,0,4.396e-05,0.00108126,0.0406564
22980,LOX,1,3,0,0,4.713e-05,0.0010921,0.0431555
22990,LOX,2,3,0,0,4.348e-05,0.00109707,0.039633
23000,LOX,25,3,0,0,0.000557143,0.0014825,0.375814
23010,LOX,50,4,0,0,0.000555513,0.0021938,0.253219
23020,LOX,15,3,0,0,0.000546013,0.0013905,0.392674
23030,LOX,1,3,0,0,4.317e-05,0.00107532,0.0401463
23040,LOX,23,3,0,0,0.000548963,0.00136786,0.401331
23050,LOX,1,3,0,0,4.344e-05,0.00108692,0.0399663
23060,LOX,15,3,0,0,4.383e-05,0.00143448,0.0305547
23070,LOX,0,3,0,0,4.329e-05,0.00105302,0.0411105
23080,LOX,18,3,0,0,0.000546473,0.00157908,0.346071
23090,LOX,4,3,0,0,4.4e-05,0.00119863,0.0367087
23100,LOX,72,4,1,3,0.000550443,0.003336,0.165001
23110,LOX,62,4,0,0,0.000568063,0.00227541,0.249653
23120,LOX,31,3,0,0,0.000531423,0.0016346,0.325109
23130,LOX,34,4,0,0,0.000557763,0.00186926,0.298387
23140,LOX,10,3,5,3,4.577e-05,0.00221398,0.0206732
23150,LOX,31,4,0,0,0.000570113,0.00209978,0.271511
23160,LOX,30,3,0,0,0.000546563,0.00168192,0.324964
23170,LOX,3,3,0,0,4.488e-05,0.00111605,0.0402134
23180,LOX,0,3,0,0,4.398e-05,0.00105276,0.0417761
23190,LOX,12,3,0,0,4.417e-05,0.00129753,0.0340417
23200,LOX,1,3,18,3,4.481e-05,0.00239791,0.0186871
23210,LOX,34,3,0,0,0.000545943,0.00167297,0.326332
23220,LOX,80,3,0,0,0.000556903,0.00226569,0.245798
23230,LOX,0,3,0,0,4.6331e-05,0.00106803,0.0433801
23240,LOX,12,3,0,0,4.2571e-05,0.00136899,0.0310967
23250,LOX,0,3,0,0,4.625e-05,0.00105245,0.0439452
23260,LOX,37,4,0,0,0.000545303,0.00189413,0.287891
23270,LOX,35,3,0,0,0.000562253,0.00153428,0.366461
23280,LOX,26,3,0,0,0.000539413,0.00144214,0.374037
23290,LOX,5,3,1,3,4.405e-05,0.00247678,0.0177852
23300,LOX,4,3,0,0,4.397e-05,0.00129637,0.0339179
23310,LOX,24,3,7,3,0.000546653,0.00270019,0.202449
23320,LOX,2,3,0,0,4.38e-05,0.00110898,0.0394959
23330,LOX,1,3,14,3,4.342e-05,0.00227757,0.0190642
23340,LOX,56,4,2,3,0.000556193,0.00318911,0.174404
23350,LOX,1,3,4,3,4.685e-05,0.00229689,0.0203971
23360,LOX,1,3,8,3,4.538e-05,0.00219591,0.0206657
23370,LOX,1,3,1,3,4.485e-05,0.00215836,0.0207796
23380,LOX,0,3,0,0,4.447e-05,0.00106565,0.0417302
23390,LOX,27,3,0,0,0.000570743,0.00169487,0.336748
23400,LOX,14,3,0,0,4.495e-05,0.0015632,0.0287551
23410,LOX,24,3,0,0,0.000551533,0.00156161,0.353183
23420,LOX,0,3,0,0,4.34e-05,0.00105574,0.0411088
23430,LOX,27,3,0,0,0.000554803,0.00178468,0.31087
23440,LOX,1,3,0,0,4.515e-05,0.00104703,0.0431218
23450,LOX,0,3,0,0,4.435e-05,0.00108691,0.0408036
23460,LOX,30,3,0,0,0.000544763,0.00164305,0.331556
23470,LOX,5,3,0,0,5.076e-05,0.00128437,0.0395214
23480,LOX,2,3,0,0,4.4921e-05,0.00108175,0.0415264
23490,LOX,16,3,0,0,0.000533702,0.0012442,0.428953
23500,LOX,0,3,0,0,4.4681e-05,0.00107554,0.041543
23510,LOX,41,4,0,0,0.000558383,0.00205656,0.271513
23520,LOX,22,3,0,0,0.000557463,0.00158967,0.350679
23530,LOX,0,3,0,0,4.337e-05,0.00105486,0.0411146
23540,LOX,0,3,2,3,4.4651e-05,0.00212255,0.0210365
23550,LOX,19,3,4,3,0.000546513,0.00262269,0.208378
23560,LOX,91,4,0,0,0.000567743,0.00269762,0.21046
23570,LOX,11,3,3,3,4.5e-05,0.00232269,0.0193741
23580,LOX,10,3,0,0,0.000546243,0.00122081,0.447445
23590,LOX,41,3,7,3,0.000570374,0.00285484,0.199792
23600,LOX,1,3,0,0,4.395e-05,0.00111793,0.0393139
23610,LOX,8,3,0,0,4.45e-05,0.00115868,0.0384059
23620,LOX,2,3,9,3,4.385e-05,0.00232468,0.0188628
23630,LOX,15,3,0,0,0.000538343,0.00123249,0.436794
23640,LOX,13,3,0,0,0.000555643,0.00128301,0.433079
23650,LOX,1,3,0,0,4.3931e-05,0.00110266,0.0398411
23660,LOX,0,3,0,0,4.383e-05,0.0010631,0.0412283
23670,LOX,5,3,0,0,4.423e-05,0.00111708,0.0395944
23680,LOX,38,3,0,0,0.000551613,0.00169193,0.326026
23690,LOX,5,3,0,0,4.432e-05,0.0012394,0.0357593
23700,LOX,15,3,0,0,4.347e-05,0.00150965,0.0287948
23710,LOX,3,3,0,0,4.417e-05,0.00108706,0.0406327
23720,LOX,30,3,7,3,0.000557663,0.00271079,0.205719
23730,LOX,0,3,2,3,5.1651e-05,0.00213114,0.0242363
23740,LOX,49,4,0,0,0.000564353,0.00189082,0.29847
23750,LOX,22,4,2,3,4.386e-05,0.00297853,0.0147254
23760,LOX,9,3,11,3,4.448e-05,0.00245863,0.0180914
23770,LOX,0,3,0,0,4.368e-05,0.00104319,0.0418717
23780,LOX,25,5,6,3,0.000547083,0.00308777,0.177178
23790,LOX,1,3,0,0,4.4131e-05,0.00108526,0.0406642
23800,LOX,4,3,5,3,4.4231e-05,0.00217458,0.02034
23810,LOX,7,3,0,0,0.000551433,0.00122515,0.450096
23820,LOX,11,3,0,0,0.000558703,0.00124081,0.450274
23830,LOX,1,3,0,0,4.409e-05,0.00108071,0.0407974
23840,LOX,3,3,0,0,4.5e-05,0.00111012,0.0405363
23850,LOX,1,3,0,0,4.509e-05,0.00110594,0.0407709
23860,LOX,0,3,0,0,4.383e-05,0.00105816,0.0414212
23870,LOX,2,3,0,0,4.484e-05,0.00106484,0.0421098
23880,LOX,16,3,0,0,0.000549583,0.0012301,0.446781
23890,LOX,22,5,0,0,0.000559343,0.00181785,0.307695
23900,LOX,40,3,0,0,0.000545883,0.00166865,0.327141
23910,LOX,0,3,0,0,4.395e-05,0.00104579,0.0420258
23920,LOX,10,3,0,0,4.521e-05,0.00128069,0.0353014
23930,LOX,22,3,0,0,0.000548993,0.00152258,0.360568
23940,LOX,28,3,17,4,0.000540573,0.00290211,0.186269
23950,LOX,2,3,11,3,4.374e-05,0.00232299,0.0188292
23960,LOX,0,3,8,3,4.4891e-05,0.00228465,0.019649
23970,LOX,2,3,0,0,4.447e-05,0.00113867,0.0390545
23980,LOX,6,3,0,0,4.393e-05,0.00121305,0.0362146
23990,LOX,14,3,2,3,0.000536803,0.00242161,0.221672
24000,LOX,10,3,0,0,0.000540243,0.00118575,0.455614
24010,LOX,18,3,0,0,0.000544613,0.0012876,0.422969
24020,LOX,40,3,0,0,0.000545782,0.00159119,0.343003
24030,LOX,8,3,0,0,4.333e-05,0.00120095,0.0360799
24040,LOX,2,3,0,0,4.443e-05,0.00106927,0.0415519
24050,LOX,2,3,0,0,4.415e-05,0.00110643,0.0399033
24060,LOX,1,3,0,0,4.282e-05,0.00108615,0.0394238
24070,LOX,0,3,0,0,4.312e-05,0.00103356,0.0417197
24080,LOX,17,3,0,0,0.000556633,0.00151748,0.366815
24090,LOX,4,3,0,0,4.612e-05,0.00118128,0.0390425
24100,LOX,1,3,0,0,4.355e-05,0.00106382,0.0409376
24110,LOX,16,3,4,3,0.000531522,0.00232087,0.229018
24120,LOX,9,3,0,0,0.000528483,0.00121369,0.435436
24130,LOX,8,3,0,0,4.324e-05,0.00126951,0.0340605
24140,LOX,1,3,1,3,4.4971e-05,0.00209781,0.0214371
24150,LOX,12,3,0,0,0.000571713,0.00157556,0.362864
24160,LOX,0,3,8,3,4.5921e-05,0.00223342,0.0205608
24170,LOX,5,3,5,3,4.526e-05,0.00233436,0.0193886
24180,LOX,10,3,1,3,4.301e-05,0.00221056,0.0194566
24190,LOX,1,3,7,3,4.42e-05,0.00222346,0.0198789
24200,LOX,13,3,3,3,4.498e-05,0.00248966,0.0180667
24210,LOX,28,3,0,0,0.000574903,0.0014669,0.391918
24220,LOX,9,3,0,0,0.000551953,0.00120522,0.45797
24230,LOX,11,3,0,0,4.411e-05,0.00129611,0.0340327
24240,LOX,17,3,0,0,0.000523573,0.00135523,0.386336
24250,LOX,4,3,0,0,4.2581e-05,0.00109996,0.0387115
24260,LOX,0,3,0,0,4.601e-05,0.00104809,0.0438987
24270,LOX,13,3,0,0,0.000541463,0.00122318,0.44267
24280,LOX,8,3,0,0,4.396e-05,0.00113502,0.0387307
24290,LOX,75,3,0,0,0.000560493,0.00193641,0.28945
24300,LOX,11,3,0,0,0.000545023,0.00139423,0.390914
24310,LOX,17,3,0,0,4.408e-05,0.00126015,0.0349801
24320,LOX,46,3,9,3,0.000560393,0.00297279,0.188508
24330,LOX,1,3,2,3,4.415e-05,0.00216462,0.0203962
24340,LOX,27,3,8,3,0.000556803,0.00268373,0.207473
24350,LOX,11,3,0,0,4.3901e-05,0.00131679,0.0333395
24360,LOX,0,3,0,0,4.387e-05,0.0010718,0.0409313
24370,LOX,13,3,0,0,0.000545893,0.00134065,0.407186
24380,LOX,24,3,0,0,0.000550763,0.00132823,0.41466
24390,LOX,31,3,1,3,0.000566523,0.00253554,0.223433
24400,LOX,18,3,14,4,0.000571283,0.00276272,0.206782
24410,LOX,35,3,0,0,0.000550073,0.00156055,0.352487
24420,LOX,0,3,0,0,4.4471e-05,0.00104175,0.0426885
24430,LOX,30,3,0,0,0.000558233,0.00156386,0.356959
24440,LOX,1,3,0,0,4.287e-05,0.00119174,0.0359727
24450,LOX,10,3,0,0,4.374e-05,0.00131678,0.0332175
24460,LOX,9,3,0,0,0.000560783,0.00121899,0.460041
24470,LOX,10,3,0,0,0.000544893,0.00126671,0.430165
24480,LOX,1,3,0,0,4.437e-05,0.00107718,0.041191
24490,LOX,0,3,0,0,4.531e-05,0.00104175,0.0434939
24500,LOX,0,3,0,0,4.411e-05,0.00107914,0.0408753
24510,LOX,15,3,2,3,0.000542662,0.00228165,0.237837
24520,LOX,3,3,1,3,4.444e-05,0.002228,0.0199461
24530,LOX,54,3,1,3,0.000570103,0.00272275,0.209385
24540,LOX,34,4,0,0,0.000541483,0.0017361,0.311896
24550,LOX,0,3,4,3,4.4591e-05,0.00216393,0.0206065
24560,LOX,1,3,8,3,4.2871e-05,0.00216967,0.0197592
24570,LOX,18,3,0,0,4.432e-05,0.00153494,0.0288741
24580,LOX,16,3,5,3,0.000553343,0.00261626,0.211501
24590,LOX,6,3,0,0,0.000540083,0.00116588,0.463242
24600,LOX,20,3,0,0,0.000564833,0.00128825,0.438451
24610,LOX,0,3,0,0,4.4091e-05,0.00106097,0.0415575
24620,LOX,4,3,0,0,4.514e-05,0.00112198,0.0402326
24630,LOX,25,4,0,0,0.000551203,0.00186397,0.295715
24640,LOX,16,3,0,0,4.3821e-05,0.00154264,0.0284065
24650,LOX,29,5,0,0,0.000552833,0.00200027,0.276379
24660,LOX,0,3,0,0,4.386e-05,0.00103082,0.0425488
24670,LOX,1,3,0,0,4.363e-05,0.00107044,0.0407591
24680,LOX,2,3,0,0,4.345e-05,0.00106207,0.0409108
24690,LOX,2,3,0,0,4.661e-05,0.00105301,0.0442638
24700,LOX,0,3,0,0,4.285e-05,0.00106868,0.040096
24710,LOX,1,3,0,0,4.311e-05,0.00107463,0.0401163
24720,LOX,7,3,0,0,4.3711e-05,0.00112386,0.0388938
24730,LOX,9,3,0,0,0.000538583,0.00117546,0.458191
24740,LOX,71,4,0,0,0.000555343,0.00227887,0.243692
24750,LOX,2,3,0,0,4.546e-05,0.00116736,0.0389427
24760,LOX,25,3,0,0,0.000569023,0.0016813,0.338442
24770,LOX,1,3,0,0,4.3901e-05,0.0010722,0.0409446
24780,LOX,30,4,0,0,0.000553302,0.00180879,0.305896
24790,LOX,1,3,0,0,4.415e-05,0.00106299,0.0415339
24800,LOX,2,3,0,0,4.4771e-05,0.0011265,0.0397436
24810,LOX,8,3,1,3,5.253e-05,0.00225634,0.0232811
24820,LOX,6,3,10,3,4.478e-05,0.00235847,0.0189869
24830,LOX,7,3,0,0,4.44e-05,0.00126642,0.0350595
24840,LOX,0,3,0,0,4.456e-05,0.00105065,0.042412
24850,LOX,27,3,0,0,0.000562012,0.00175242,0.320706
24860,LOX,0,3,0,0,4.321e-05,0.00106099,0.0407263
24870,LOX,5,3,3,3,4.354e-05,0.00222132,0.0196009
24880,LOX,24,3,0,0,0.000553973,0.00160323,0.345536
24890,LOX,13,3,7,3,0.000554383,0.00236993,0.233924
24900,LOX,1,3,6,3,4.519e-05,0.00235744,0.0191691
24910,LOX,22,3,0,0,0.000532523,0.0015712,0.338928
24920,LOX,0,3,0,0,4.3001e-05,0.00105923,0.0405963
24930,LOX,7,3,0,0,4.38e-05,0.00120943,0.0362155
24940,LOX,1,3,0,0,4.2901e-05,0.00115467,0.0371545
24950,LOX,5,3,0,0,4.324e-05,0.00125418,0.0344768
24960,LOX,0,3,0,0,4.421e-05,0.00106715,0.0414283
24970,LOX,2,3,0,0,4.48e-05,0.00106785,0.0419536
24980,LOX,4,3,0,0,4.34e-05,0.00110992,0.0391021
24990,LOX,6,3,0,0,4.265e-05,0.00121523,0.0350963
25000,LOX,4,3,0,0,4.51e-05,0.00113167,0.0398528
25010,LOX,36,3,0,0,0.000539263,0.00192462,0.280192
25020,LOX,2,3,8,3,4.414e-05,0.00210589,0.0209602
25030,LOX,1,3,0,0,4.536e-05,0.00107099,0.0423535
25040,LOX,1,3,9,3,4.265e-05,0.00220007,0.0193857
25050,LOX,4,3,0,0,4.944e-05,0.00116537,0.0424244
25060,LOX,0,3,0,0,4.561e-05,0.00103771,0.0439527
25070,LOX,13,3,0,0,0.000539753,0.00147194,0.366695
25080,LOX,0,3,0,0,4.466e-05,0.00105124,0.0424833
25090,LOX,15,3,0,0,4.385e-05,0.00147408,0.0297474
25100,LOX,19,3,2,3,0.000547683,0.00235557,0.232505
25110,LOX,1,3,0,0,4.364e-05,0.0010928,0.0399343
25120,LOX,24,3,0,0,0.000565183,0.00147018,0.384432
25130,LOX,43,5,0,0,0.000548263,0.00233272,0.235031
25140,LOX,20,3,0,0,0.000559203,0.00143221,0.390448
25150,LOX,9,3,0,0,0.000533813,0.00127162,0.419791
25160,LOX,15,3,0,0,0.000544243,0.00125871,0.432383
25170,LOX,17,3,0,0,0.000568623,0.00142361,0.399424
25180,LOX,52,3,0,0,0.000562163,0.00167613,0.335394
25190,LOX,1,3,0,0,4.537e-05,0.0010979,0.0413245
25200,LOX,0,3,0,0,5.272e-05,0.00108553,0.0485663
25210,LOX,2,3,0,0,4.4971e-05,0.0010917,0.0411937
25220,LOX,1,3,0,0,4.398e-05,0.00105584,0.0416542
25230,LOX,31,3,0,0,0.000550263,0.00145722,0.377612
25240,LOX,20,3,2,3,0.000564443,0.00257215,0.219444
25250,LOX,5,3,0,0,4.457e-05,0.00120956,0.0368482
25260,LOX,16,3,8,3,0.000550413,0.00280005,0.196572
25270,LOX,3,3,5,3,4.4991e-05,0.00216005,0.0208287
25280,LOX,23,3,3,3,0.000562613,0.00266445,0.211155
25290,LOX,1,3,0,0,4.483e-05,0.00108205,0.0414308
25300,LOX,34,4,7,3,0.000558243,0.00293361,0.190292
25310,LOX,11,3,0,0,0.000554603,0.00129277,0.429005
25320,LOX,3,3,0,0,4.528e-05,0.00114849,0.0394258
25330,LOX,1,3,0,0,4.479e-05,0.00106769,0.0419505
25340,LOX,5,3,0,0,0.000537543,0.00110459,0.486647
25350,LOX,1,3,0,0,4.446e-05,0.00109266,0.0406899
25360,LOX,18,3,0,0,4.457e-05,0.00135415,0.0329137
25370,LOX,1,3,0,0,4.256e-05,0.00109338,0.0389253
25380,LOX,30,3,0,0,0.000560393,0.00151732,0.369331
25390,LOX,43,3,6,3,0.000560773,0.00302291,0.185508
25400,LOX,0,3,0,0,4.393e-05,0.00105674,0.0415711
25410,LOX,13,3,2,3,0.000549253,0.00254323,0.215966
25420,LOX,47,3,0,0,0.000548913,0.0019246,0.285209
25430,LOX,22,3,10,3,0.000550963,0.00269482,0.204452
25440,LOX,0,3,2,3,4.4361e-05,0.00213934,0.0207358
25450,LOX,1,3,0,0,4.449e-05,0.00109039,0.0408021
25460,LOX,13,3,0,0,0.000544623,0.00127422,0.427418
25470,LOX,8,3,0,0,0.000565273,0.00112451,0.502686
25480,LOX,0,3,0,0,4.259e-05,0.0010643,0.0400171
25490,LOX,17,3,7,3,0.000548482,0.00241789,0.226843
25500,LOX,1,3,0,0,4.766e-05,0.00108355,0.0439848
25510,LOX,55,3,0,0,0.000560943,0.00191121,0.293501
25520,LOX,2,3,0,0,4.3e-05,0.00117188,0.0366933
25530,LOX,20,3,0,0,0.000568523,0.00147479,0.385495
25540,LOX,32,3,0,0,0.000560453,0.00160056,0.350161
25550,LOX,10,3,0,0,0.000538242,0.00133413,0.403441
25560,LOX,15,3,0,0,0.000565893,0.00136938,0.413249
25570,LOX,15,3,0,0,4.98e-05,0.00128937,0.0386236
25580,LOX,4,3,0,0,4.439e-05,0.00111467,0.0398236
25590,LOX,27,3,9,3,0.000556193,0.0027172,0.204693
25600,LOX,24,3,0,0,0.000551863,0.00151721,0.363736
25610,LOX,23,3,0,0,0.000555943,0.00118543,0.468982
25620,LOX,14,3,8,3,0.000561843,0.00248714,0.225899
25630,LOX,17,4,0,0,0.000555073,0.00169962,0.326587
25640,LOX,2,3,0,0,4.4011e-05,0.00109115,0.0403343
25650,LOX,19,3,9,3,4.514e-05,0.00274586,0.0164393
25660,LOX,0,3,2,3,4.335e-05,0.00212165,0.0204322
25670,LOX,34,3,1,3,0.000558083,0.00288118,0.1937
25680,LOX,11,3,2,3,0.000547653,0.00238793,0.229342
25690,LOX,50,3,0,0,0.000558463,0.00184473,0.302734
25700,LOX,7,3,1,3,4.352e-05,0.00237449,0.0183281
25710,LOX,0,3,0,0,4.4681e-05,0.0010624,0.0420569
25720,LOX,1,3,0,0,4.415e-05,0.00110287,0.0400321
25730,LOX,26,3,3,3,4.395e-05,0.00261031,0.0168371
25740,LOX,1,3,0,0,4.322e-05,0.00105601,0.0409278
25750,LOX,13,3,0,0,0.000551443,0.00125387,0.439794
25760,LOX,1,3,0,0,4.336e-05,0.00105972,0.0409166
25770,LOX,2,3,0,0,4.326e-05,0.00110216,0.0392503
25780,LOX,0,3,0,0,4.369e-05,0.00104498,0.0418096
25790,LOX,14,3,9,3,0.000547883,0.00257936,0.21241
25800,LOX,3,3,0,0,4.4941e-05,0.00118726,0.0378528
25810,LOX,15,3,6,3,0.000548433,0.00247904,0.221228
25820,LOX,1,3,3,3,4.461e-05,0.00214646,0.020783
25830,LOX,3,3,1,3,4.435e-05,0.00211845,0.0209351
25840,LOX,1,3,2,3,4.493e-05,0.00219635,0.0204566
25850,LOX,9,3,0,0,0.000551053,0.00133027,0.414242
25860,LOX,0,3,0,0,4.393e-05,0.00104041,0.0422239
25870,LOX,1,3,11,3,4.392e-05,0.00223113,0.0196851
25880,LOX,0,3,0,0,4.501e-05,0.00105867,0.0425158
25890,LOX,0,3,0,0,4.414e-05,0.00104408,0.0422766
25900,LOX,37,3,0,0,0.000549743,0.00164279,0.33464
25910,LOX,3,3,0,0,4.325e-05,0.00108413,0.0398939
25920,LOX,1,3,0,0,4.231e-05,0.00105189,0.040223
25930,LOX,5,3,0,0,0.000556703,0.00114886,0.484572
25940,LOX,13,3,0,0,0.000550923,0.0013175,0.418159
25950,LOX,0,3,0,0,4.2451e-05,0.00105858,0.0401016
25960,LOX,43,4,0,0,0.000553923,0.00214154,0.258656
25970,LOX,2,3,0,0,4.419e-05,0.00110845,0.0398666
25980,LOX,0,3,1,3,4.412e-05,0.00213799,0.0206362
25990,LOX,6,3,0,0,5.005e-05,0.00117573,0.0425694
26000,LOX,0,3,0,0,4.374e-05,0.00107228,0.0407917
26010,LOX,22,3,8,3,0.000543103,0.00276322,0.196547
26020,LOX,0,3,0,0,4.275e-05,0.00105653,0.0404628
26030,LOX,19,3,0,0,0.000559932,0.00161445,0.346825
26040,LOX,67,3,0,0,0.000566193,0.00192916,0.293492
26050,LOX,1,3,1,3,4.282e-05,0.00217093,0.0197243
26060,LOX,31,3,1,3,0.000562513,0.0023837,0.235983
26070,LOX,1,3,0,0,4.318e-05,0.00109741,0.0393473
26080,LOX,0,3,0,0,4.397e-05,0.00104952,0.0418955
26090,LOX,0,3,0,0,4.414e-05,0.00105086,0.0420039
26100,LOX,1,3,1,3,4.403e-05,0.00215722,0.0204105
26110,LOX,0,3,0,0,4.37e-05,0.00106312,0.0411056
26120,LOX,1,3,0,0,4.348e-05,0.00105996,0.0410206
26130,LOX,27,3,0,0,0.000570573,0.00154266,0.369864
26140,LOX,36,3,0,0,0.000555253,0.00185245,0.29974
26150,LOX,1,3,0,0,4.461e-05,0.00108952,0.0409448
26160,LOX,0,3,0,0,4.3681e-05,0.00104433,0.0418266
26170,LOX,46,4,0,0,0.000561853,0.002353,0.238781
26180,LOX,14,3,0,0,0.000543153,0.00133704,0.406236
26190,LOX,56,4,0,0,0.000561433,0.00210404,0.266836
26200,LOX,0,3,0,0,4.358e-05,0.00105658,0.0412464
26210,LOX,0,3,0,0,4.5441e-05,0.0011049,0.0411266
26220,LOX,4,3,0,0,4.416e-05,0.00111856,0.0394795
26230,LOX,24,3,0,0,0.000553233,0.00173697,0.318505
26240,LOX,0,3,0,0,5.372e-05,0.00103236,0.0520359
26250,LOX,1,3,1,3,4.251e-05,0.00217143,0.019577
26260,LOX,0,3,0,0,4.48e-05,0.00105719,0.0423766
26270,LOX,3,3,2,3,4.4101e-05,0.00227799,0.0193596
26280,LOX,1,3,0,0,4.5051e-05,0.00106999,0.0421043
26290,LOX,2,3,5,3,4.264e-05,0.00221537,0.0192473
26300,LOX,3,3,0,0,0.000553853,0.00108694,0.509555
26310,LOX,61,4,0,0,0.000565543,0.00222916,0.253702
26320,LOX,24,4,0,0,0.000555123,0.0019088,0.290823
26330,LOX,4,3,0,0,4.334e-05,0.00110199,0.039329
26340,LOX,2,3,0,0,4.308e-05,0.00110971,0.0388211
26350,LOX,1,3,0,0,4.462e-05,0.00108386,0.0411679
26360,LOX,24,3,0,0,0.000558973,0.00130775,0.427432
26370,LOX,10,3,0,0,0.000543513,0.00140742,0.386178
26380,LOX,3,3,0,0,4.304e-05,0.00107966,0.0398645
26390,LOX,9,3,0,0,4.4701e-05,0.00148875,0.0300259
26400,LOX,2,3,0,0,4.415e-05,0.0011028,0.0400346
26410,LOX,16,3,0,0,0.000547573,0.00131069,0.417776
26420,LOX,1,3,0,0,4.492e-05,0.00107822,0.0416614
26430,LOX,1,3,0,0,4.327e-05,0.00108101,0.0400275
26440,LOX,14,3,0,0,0.000544303,0.00131668,0.413391
26450,LOX,13,3,0,0,0.000551513,0.00130451,0.422775
26460,LOX,12,3,0,0,0.000547452,0.00120893,0.452841
26470,LOX,2,3,0,0,4.3761e-05,0.00107328,0.040773
26480,LOX,16,3,0,0,0.000542443,0.00127555,0.425263
26490,LOX,5,3,0,0,4.409e-05,0.00121423,0.0363112
26500,LOX,23,3,0,0,0.000553353,0.00139084,0.397856
26510,LOX,1,3,0,0,4.332e-05,0.00105174,0.041189
26520,LOX,0,3,0,0,4.404e-05,0.00104147,0.0422865
26530,LOX,11,3,0,0,4.512e-05,0.00139799,0.032275
26540,LOX,1,3,1,3,4.373e-05,0.00211254,0.0207002
26550,LOX,1,3,1,3,4.403e-05,0.00217922,0.0202045
26560,LOX,1,3,5,3,4.366e-05,0.00233715,0.0186809
26570,LOX,0,3,0,0,4.317e-05,0.00104728,0.0412213
26580,LOX,1,3,0,0,4.5e-05,0.001075,0.0418607
26590,LOX,14,3,9,3,0.000549063,0.00233243,0.235404
26600,LOX,14,3,2,3,4.352e-05,0.00242793,0.0179247
26610,LOX,1,3,0,0,4.511e-05,0.00106538,0.0423419
26620,LOX,16,3,0,0,0.000570603,0.00133911,0.426107
26630,LOX,8,3,0,0,4.4051e-05,0.00125939,0.0349782
26640,LOX,0,3,0,0,4.397e-05,0.00106389,0.0413296
26650,LOX,1,3,0,0,4.4591e-05,0.00108564,0.0410736
26660,LOX,1,3,0,0,4.9431e-05,0.00108397,0.045602
26670,LOX,23,3,3,3,0.000551363,0.00243912,0.22605
26680,LOX,2,3,0,0,4.6621e-05,0.0010777,0.0432599
26690,LOX,20,3,0,0,0.000553493,0.00141937,0.389958
26700,LOX,0,3,0,0,4.5411e-05,0.00106647,0.0425808
26710,LOX,1,3,0,0,4.514e-05,0.00109844,0.0410948
26720,LOX,16,3,0,0,0.000548133,0.00125813,0.435674
26730,LOX,1,3,0,0,4.3881e-05,0.00106178,0.0413276
26740,LOX,18,3,0,0,0.000551983,0.00132653,0.416111
26750,LOX,1,3,1,3,4.346e-05,0.00220311,0.0197266
26760,LOX,6,3,1,3,4.262e-05,0.00219101,0.0194522
26770,LOX,1,3,0,0,4.97e-05,0.00108563,0.04578
26780,LOX,8,3,0,0,4.409e-05,0.00143076,0.0308159
26790,LOX,13,3,0,0,0.000556043,0.00132343,0.420154
26800,LOX,1,3,0,0,4.45e-05,0.0010796,0.0412188
26810,LOX,0,3,0,0,4.264e-05,0.00105566,0.0403916
26820,LOX,17,3,0,0,0.000550723,0.00125624,0.438391
26830,LOX,27,3,0,0,0.000551422,0.00155304,0.35506
26840,LOX,2,3,0,0,4.8721e-05,0.00105807,0.0460468
26850,LOX,2,3,0,0,4.381e-05,0.00115002,0.0380951
26860,LOX,0,3,0,0,4.402e-05,0.00103991,0.0423308
26870,LOX,7,3,0,0,4.597e-05,0.00114128,0.0402795
26880,LOX,3,3,0,0,4.327e-05,0.00105601,0.0409751
26890,LOX,16,3,0,0,0.000541513,0.00137612,0.393508
26900,LOX,4,3,0,0,4.3681e-05,0.00113443,0.0385049
26910,LOX,7,3,2,3,4.4781e-05,0.00227717,0.0196652
26920,LOX,2,3,0,0,4.506e-05,0.00114859,0.0392308
26930,LOX,34,4,3,3,0.000545243,0.00301712,0.180716
26940,LOX,1,3,10,3,4.359e-05,0.00219809,0.0198308
26950,LOX,9,3,10,3,0.000558513,0.00244593,0.228344
26960,LOX,0,3,0,0,4.458e-05,0.00105243,0.0423593
26970,LOX,33,3,5,3,0.000542003,0.00252632,0.214542
26980,LOX,42,4,0,0,0.000559633,0.00223884,0.249965
26990,LOX,6,3,6,3,4.289e-05,0.00231665,0.0185138
27000,LOX,6,3,5,3,4.405e-05,0.00242825,0.0181406
27010,LOX,21,4,0,0,0.000543993,0.00170851,0.318402
27020,LOX,2,3,0,0,4.2731e-05,0.00110283,0.0387465
27030,LOX,9,3,0,0,4.9931e-05,0.00142086,0.0351415
27040,LOX,1,3,0,0,4.515e-05,0.00109214,0.041341
27050,LOX,3,3,0,0,4.3451e-05,0.00109642,0.03963
27060,LOX,0,3,0,0,4.234e-05,0.00106865,0.0396202
27070,LOX,1,3,0,0,4.431e-05,0.00107227,0.0413237
27080,LOX,1,3,0,0,4.318e-05,0.00108194,0.03991
27090,LOX,16,3,0,0,0.000559833,0.00134495,0.416249
27100,LOX,1,3,0,0,4.377e-05,0.00113591,0.0385331
27110,LOX,1,3,0,0,4.666e-05,0.00110884,0.0420802
27120,LOX,38,3,0,0,0.000549303,0.00176021,0.312067
27130,LOX,11,3,0,0,4.4311e-05,0.00119521,0.0370739
27140,LOX,30,4,0,0,0.000562753,0.00195519,0.287825
27150,LOX,3,3,0,0,4.431e-05,0.00119703,0.0370167
27160,LOX,21,3,6,3,0.000529863,0.0025299,0.20944
27170,LOX,1,3,0,0,4.277e-05,0.00104139,0.0410703
27180,LOX,9,3,0,0,0.000540933,0.00118848,0.455148
27190,LOX,27,3,10,3,0.000564703,0.00279069,0.202353
27200,LOX,1,3,0,0,4.22e-05,0.00109338,0.0385961
27210,LOX,1,3,0,0,4.412e-05,0.00108065,0.0408274
27220,LOX,10,3,0,0,0.000545663,0.0011275,0.48396
27230,LOX,7,3,0,0,0.000542993,0.00119708,0.453599
27240,LOX,16,3,0,0,4.402e-05,0.00139819,0.0314836
27250,LOX,0,3,0,0,4.331e-05,0.0010697,0.0404881
27260,LOX,4,3,0,0,4.4211e-05,0.00120444,0.0367068
27270,LOX,3,3,0,0,4.3841e-05,0.00108432,0.0404316
27280,LOX,1,3,8,3,4.426e-05,0.00225058,0.019666
27290,LOX,1,3,0,0,4.517e-05,0.00109514,0.041246
27300,LOX,39,3,0,0,0.000546053,0.0016085,0.33948
27310,LOX,3,3,0,0,4.533e-05,0.00122226,0.0370871
27320,LOX,23,3,5,3,0.000555253,0.00244805,0.226814
27330,LOX,18,4,4,3,0.000552163,0.00268901,0.20534
27340,LOX,15,3,0,0,0.000537392,0.00124527,0.431548
27350,LOX,14,3,0,0,0.000557473,0.00131035,0.425439
27360,LOX,4,3,6,3,4.425e-05,0.00227617,0.0194405
27370,LOX,7,3,0,0,4.468e-05,0.0012122,0.0368587
27380,LOX,1,3,7,3,4.496e-05,0.00222387,0.020217
27390,LOX,1,3,0,0,4.412e-05,0.00103993,0.0424261
27400,LOX,16,3,0,0,0.000548553,0.00137474,0.399024
27410,LOX,2,3,0,0,4.4361e-05,0.00106142,0.0417938
27420,LOX,9,3,0,0,4.444e-05,0.00112566,0.0394792
27430,LOX,43,3,0,0,0.000574683,0.00173491,0.331247
27440,LOX,1,3,0,0,4.398e-05,0.00109692,0.0400942
27450,LOX,15,3,0,0,0.000572223,0.00121455,0.471141
27460,LOX,3,3,0,0,4.981e-05,0.00111506,0.0446704
27470,LOX,18,3,0,0,4.388e-05,0.00127999,0.0342816
27480,LOX,1,3,0,0,4.382e-05,0.00109742,0.0399302
27490,LOX,22,3,0,0,0.000544653,0.00147569,0.369084
27500,LOX,3,3,0,0,4.394e-05,0.0011435,0.038426
27510,LOX,0,3,0,0,4.477e-05,0.00104458,0.0428595
27520,LOX,1,3,0,0,4.3701e-05,0.00109482,0.0399163
27530,LOX,15,3,8,3,0.000538913,0.00252386,0.213527
27540,LOX,13,3,0,0,0.000539663,0.00127641,0.422799
27550,LOX,0,3,0,0,4.34e-05,0.00107714,0.040292
27560,LOX,31,3,0,0,0.000546923,0.00167855,0.325831
27570,LOX,3,3,8,3,4.428e-05,0.00227168,0.0194922
27580,LOX,4,3,0,0,0.000565393,0.00122943,0.459884
27590,LOX,0,3,0,0,4.8341e-05,0.00105412,0.0458589
27600,LOX,15,3,4,3,0.000554633,0.00247815,0.223809
27610,LOX,5,3,0,0,4.309e-05,0.00121946,0.0353354
27620,LOX,4,3,0,0,4.415e-05,0.00120651,0.0365933
27630,LOX,17,3,0,0,0.000562193,0.00137555,0.408705
27640,LOX,0,3,0,0,4.419e-05,0.0010623,0.0415986
27650,LOX,14,3,0,0,0.000548442,0.00127907,0.428783
27660,LOX,42,3,0,0,0.000536033,0.00175261,0.305849
27670,LOX,2,3,0,0,4.601e-05,0.00108103,0.0425611
27680,LOX,16,3,0,0,0.000560023,0.00121735,0.460036
27690,LOX,1,3,0,0,4.475e-05,0.0010708,0.0417913
27700,LOX,9,3,0,0,0.000560183,0.00119437,0.469021
27710,LOX,50,3,1,3,0.000543483,0.00284361,0.191124
27720,LOX,2,3,6,3,4.409e-05,0.00223301,0.0197446
27730,LOX,8,3,0,0,4.583e-05,0.00127055,0.0360711
27740,LOX,4,3,1,3,4.487e-05,0.0021758,0.0206223
27750,LOX,1,3,0,0,4.4121e-05,0.00111354,0.0396224
27760,LOX,21,6,1,3,0.000538772,0.00350443,0.15374
27770,LOX,12,3,0,0,0.000548623,0.00137191,0.399898
27780,LOX,3,3,13,3,4.3571e-05,0.00237452,0.0183494
27790,LOX,79,4,2,3,0.000557753,0.00389335,0.143258
27800,LOX,3,3,0,0,4.403e-05,0.00109954,0.0400438
27810,LOX,29,3,0,0,0.000561763,0.00170462,0.329553
27820,LOX,4,3,0,0,4.5711e-05,0.00112381,0.0406752
27830,LOX,11,3,0,0,0.000540773,0.00127477,0.424214
27840,LOX,2,3,0,0,4.5931e-05,0.00108402,0.0423712
27850,LOX,26,5,0,0,0.000547623,0.0021894,0.250125
27860,LOX,34,3,0,0,0.000558872,0.00143536,0.389361
27870,LOX,1,3,0,0,4.3261e-05,0.0010731,0.0403142
27880,LOX,2,3,0,0,4.298e-05,0.00115849,0.0371001
27890,LOX,11,3,0,0,4.436e-05,0.00131623,0.0337024
27900,LOX,19,3,0,0,0.000546483,0.00139264,0.392409
27910,LOX,0,3,9,3,4.396e-05,0.00226891,0.0193749
27920,LOX,0,3,0,0,4.432e-05,0.00103933,0.042643
27930,LOX,1,3,0,0,4.571e-05,0.00109437,0.0417685
27940,LOX,24,3,0,0,0.000540683,0.00160377,0.337133
27950,LOX,5,3,0,0,4.541e-05,0.00112196,0.0404736
27960,LOX,44,3,0,0,0.000540493,0.00191041,0.28292
27970,LOX,45,3,0,0,0.000564852,0.00158636,0.356068
27980,LOX,0,3,0,0,4.417e-05,0.00103615,0.0426291
27990,LOX,1,3,5,3,4.611e-05,0.00218822,0.0210719
28000,LOX,2,3,2,3,4.2811e-05,0.00228974,0.0186969
28010,LOX,2,3,0,0,4.269e-05,0.00113633,0.0375684
28020,LOX,10,3,0,0,4.421e-05,0.00143158,0.030882
28030,LOX,7,3,0,0,4.3661e-05,0.00122887,0.0355295
28040,LOX,4,3,0,0,4.417e-05,0.00125011,0.035333
28050,LOX,3,3,0,0,4.307e-05,0.00115787,0.0371977
28060,LOX,2,3,0,0,4.3801e-05,0.00106904,0.0409725
28070,LOX,18,3,0,0,0.000555793,0.00148479,0.374325
28080,LOX,0,3,0,0,4.425e-05,0.00103385,0.0428013
28090,LOX,0,3,0,0,4.393e-05,0.00101772,0.0431649
28100,LOX,3,3,0,0,4.2991e-05,0.00112677,0.0381543
28110,LOX,10,3,0,0,0.000528743,0.0011957,0.442205
28120,LOX,9,3,0,0,5.272e-05,0.00112324,0.0469358
28130,LOX,18,3,11,3,0.000553393,0.00261752,0.211419
28140,LOX,1,3,0,0,4.517e-05,0.00106251,0.0425127
28150,LOX,0,3,2,3,4.409e-05,0.00219041,0.0201286
28160,LOX,0,3,0,0,4.411e-05,0.00105725,0.0417216
28170,LOX,14,3,0,0,0.000536822,0.00136748,0.392564
28180,LOX,44,5,0,0,0.000551003,0.00241696,0.227973
28190,LOX,3,3,2,3,4.4e-05,0.00215577,0.0204103
28200,LOX,11,3,10,3,4.496e-05,0.0026628,0.0168845
28210,LOX,16,3,0,0,0.000533823,0.00144422,0.369628
28220,LOX,31,5,0,0,0.000542823,0.00245253,0.221332
28230,LOX,29,4,0,0,0.000561073,0.00207428,0.27049
28240,LOX,0,3,0,0,4.293e-05,0.00106562,0.0402866
28250,LOX,10,3,0,0,5.0471e-05,0.00142847,0.0353323
28260,LOX,8,3,0,0,4.436e-05,0.00153561,0.0288876
28270,LOX,17,3,0,0,0.000558263,0.00127179,0.43896
28280,LOX,23,3,0,0,0.000547973,0.00129795,0.422185
28290,LOX,1,3,0,0,4.42e-05,0.00103891,0.0425448
28300,LOX,8,3,0,0,4.417e-05,0.00140946,0.0313383
28310,LOX,19,3,0,0,0.000553143,0.00127902,0.432475
28320,LOX,0,3,0,0,4.4541e-05,0.00106598,0.0417843
28330,LOX,0,3,0,0,4.539e-05,0.00105422,0.0430557
28340,LOX,11,3,0,0,0.000545193,0.00119982,0.454397
28350,LOX,21,3,0,0,0.000553623,0.00149014,0.371525
28360,LOX,1,3,0,0,4.421e-05,0.00107541,0.0411101
28370,LOX,0,3,0,0,5.112e-05,0.00106045,0.0482061
28380,LOX,17,3,0,0,0.000554193,0.00128752,0.430436
28390,LOX,12,3,0,0,0.000554213,0.00132987,0.416743
28400,LOX,9,3,0,0,4.624e-05,0.00117234,0.0394426
28410,LOX,0,3,1,3,4.221e-05,0.00210628,0.0200401
28420,LOX,8,3,0,0,4.4781e-05,0.00125991,0.0355431
28430,LOX,1,3,0,0,4.401e-05,0.00104439,0.0421396
28440,LOX,0,3,0,0,4.5581e-05,0.0010631,0.0428754
28450,LOX,13,3,12,3,0.000539473,0.00271461,0.19873
28460,LOX,0,3,4,3,4.4111e-05,0.00212016,0.0208055
28470,LOX,9,3,0,0,0.000543813,0.00115098,0.47248
28480,LOX,32,3,1,3,0.000568313,0.00271755,0.209127
28490,LOX,5,3,6,3,4.553e-05,0.00236836,0.0192243
28500,LOX,49,5,0,0,0.000563613,0.00245935,0.229171
28510,LOX,1,3,0,0,0.000543643,0.00108663,0.500304
28520,LOX,1,3,0,0,4.418e-05,0.00107782,0.0409903
28530,LOX,6,3,0,0,4.48e-05,0.00117205,0.0382237
28540,LOX,9,3,6,3,4.402e-05,0.00244833,0.0179796
28550,LOX,35,4,0,0,0.000547363,0.00188136,0.29094
28560,LOX,6,3,0,0,4.332e-05,0.00117879,0.0367496
28570,LOX,4,3,0,0,4.567e-05,0.0011315,0.0403625
28580,LOX,1,3,0,0,4.4001e-05,0.00108209,0.0406628
28590,LOX,2,3,0,0,4.486e-05,0.00111487,0.040238
28600,LOX,4,3,0,0,0.000544693,0.00114186,0.477024
28610,LOX,40,3,6,3,0.000566543,0.00297588,0.190379
28620,LOX,2,3,0,0,4.481e-05,0.00109814,0.0408055
28630,LOX,4,3,1,3,4.377e-05,0.0022157,0.0197545
28640,LOX,18,3,9,3,0.000537463,0.0025823,0.208133
28650,LOX,10,3,2,3,0.000551923,0.00237323,0.232562
28660,LOX,4,3,0,0,4.408e-05,0.00110382,0.0399342
28670,LOX,1,3,8,3,4.389e-05,0.00218796,0.0200598
28680,LOX,11,3,7,3,4.649e-05,0.00233016,0.0199514
28690,LOX,26,3,1,3,0.000542783,0.00268838,0.201899
28700,LOX,0,3,8,3,4.436e-05,0.00223918,0.0198108
28710,LOX,1,3,0,0,4.4161e-05,0.00109661,0.0402707
28720,LOX,19,3,0,0,0.000529053,0.0016091,0.328789
28730,LOX,3,3,0,0,4.432e-05,0.00107819,0.0411061
28740,LOX,0,3,0,0,4.3961e-05,0.00104783,0.0419541
28750,LOX,0,3,0,0,4.51e-05,0.00106282,0.0424344
28760,LOX,21,3,0,0,0.000544853,0.00148562,0.366752
28770,LOX,8,3,8,3,4.485e-05,0.00239835,0.0187003
28780,LOX,3,3,0,0,4.409e-05,0.00109801,0.0401546
28790,LOX,7,3,0,0,4.4711e-05,0.00116051,0.0385272
28800,LOX,3,3,0,0,4.3821e-05,0.00113687,0.0385454
28810,LOX,17,4,1,3,4.607e-05,0.00283475,0.0162519
28820,LOX,0,3,0,0,4.416e-05,0.00103185,0.0427967
28830,LOX,1,3,0,0,4.424e-05,0.00108328,0.0408391
28840,LOX,0,3,0,0,4.4861e-05,0.00104098,0.0430948
28850,LOX,9,3,2,3,4.389e-05,0.00244236,0.0179703
28860,LOX,31,4,2,3,0.000543573,0.00279351,0.194584
28870,LOX,0,3,0,0,4.48e-05,0.00104807,0.0427454
28880,LOX,1,3,0,0,4.4431e-05,0.00109456,0.0405928
28890,LOX,4,3,15,3,4.322e-05,0.00251392,0.0171922
28900,LOX,13,3,0,0,0.000543393,0.00125574,0.432728
28910,LOX,31,4,0,0,0.000533843,0.00166182,0.32124
28920,LOX,22,3,0,0,4.249e-05,0.0014665,0.0289738
28930,LOX,16,4,0,0,4.4841e-05,0.00168581,0.0265991
28940,LOX,26,3,0,0,0.000565303,0.00162786,0.347268
28950,LOX,17,3,0,0,0.000530933,0.00124192,0.427511
28960,LOX,18,3,0,0,0.000560693,0.0012655,0.443062
28970,LOX,0,3,0,0,4.393e-05,0.00104819,0.0419105
28980,LOX,1,3,0,0,4.472e-05,0.00108717,0.0411345
28990,LOX,24,3,0,0,0.000551653,0.00134981,0.40869
29000,LOX,12,3,0,0,4.375e-05,0.00132624,0.0329881
29010,LOX,1,3,3,3,4.4271e-05,0.00213759,0.0207107
29020,LOX,3,3,3,3,4.453e-05,0.00243044,0.0183218
29030,LOX,40,4,0,0,0.000532663,0.00199014,0.267651
29040,LOX,0,3,0,0,4.4701e-05,0.00105022,0.0425633
29050,LOX,6,3,9,3,4.267e-05,0.00236502,0.0180421
29060,LOX,4,3,6,3,4.366e-05,0.00229688,0.0190084
29070,LOX,4,3,0,0,4.358e-05,0.00109483,0.0398054
29080,LOX,24,3,1,3,0.000529793,0.00246295,0.215105
29090,LOX,20,3,0,0,0.000551873,0.0015128,0.364803
29100,LOX,0,3,0,0,4.48e-05,0.00107261,0.0417674
29110,LOX,53,4,0,0,0.000553073,0.00217583,0.254189
29120,LOX,0,3,0,0,4.5041e-05,0.00104575,0.0430707
29130,LOX,2,3,0,0,4.516e-05,0.00108422,0.0416522
29140,LOX,10,3,0,0,0.000560533,0.00119401,0.469456
29150,LOX,0,3,0,0,4.431e-05,0.00105069,0.0421724
29160,LOX,1,3,0,0,4.299e-05,0.00106095,0.0405201
29170,LOX,5,3,0,0,0.000522883,0.00119461,0.437703
29180,LOX,0,3,0,0,4.352e-05,0.00103504,0.0420468
29190,LOX,0,3,0,0,4.27e-05,0.00105139,0.0406131
29200,LOX,2,3,0,0,4.31e-05,0.00107891,0.0399479
29210,LOX,17,3,2,3,0.000529153,0.0024563,0.215427
29220,LOX,6,3,0,0,4.49e-05,0.00125658,0.035732
29230,LOX,0,3,0,0,4.3751e-05,0.00105959,0.0412907
29240,LOX,1,3,2,3,4.385e-05,0.00220601,0.0198775
29250,LOX,0,3,0,0,4.4241e-05,0.00107741,0.0410625
29260,LOX,0,3,0,0,4.5e-05,0.00106843,0.042118
29270,LOX,19,3,6,3,0.000549433,0.00279198,0.196789
29280,LOX,2,3,9,3,4.444e-05,0.00228152,0.0194782
29290,LOX,32,4,6,3,0.000552163,0.00299614,0.184291
29300,LOX,41,4,0,0,0.000561883,0.00199775,0.281258
29310,LOX,0,3,0,0,4.4951e-05,0.00102786,0.0437328
29320,LOX,1,3,0,0,4.3141e-05,0.00106368,0.0405581
29330,LOX,30,3,10,3,0.000543003,0.00278897,0.194697
29340,LOX,28,3,0,0,0.000552923,0.00139578,0.39614
29350,LOX,0,3,0,0,4.349e-05,0.00107531,0.0404443
29360,LOX,11,3,0,0,0.000543533,0.00128753,0.422153
29370,LOX,1,3,0,0,4.413e-05,0.00107203,0.0411651
29380,LOX,57,4,0,0,0.000550032,0.00212718,0.258573
29390,LOX,20,3,0,0,0.000541923,0.00142742,0.379653
29400,LOX,0,3,0,0,4.385e-05,0.00107921,0.0406317
29410,LOX,1,3,0,0,4.488e-05,0.00107877,0.0416031
29420,LOX,1,3,1,3,4.4481e-05,0.00210241,0.0211571
29430,LOX,0,3,0,0,4.349e-05,0.00104163,0.041752
29440,LOX,13,3,0,0,0.000529673,0.00119918,0.441697
29450,LOX,0,3,0,0,4.64e-05,0.001067,0.0434866
29460,LOX,0,3,1,3,4.31e-05,0.00215331,0.0200157
29470,LOX,1,3,1,3,4.362e-05,0.00210842,0.0206885
29480,LOX,0,3,0,0,4.308e-05,0.00103839,0.0414875
29490,LOX,1,3,0,0,4.2691e-05,0.00107201,0.0398235
29500,LOX,0,3,1,3,4.403e-05,0.00215045,0.0204748
29510,LOX,1,3,0,0,4.3611e-05,0.00107244,0.040665
29520,LOX,1,3,0,0,4.352e-05,0.0010844,0.0401329
29530,LOX,30,3,0,0,0.000547093,0.00184304,0.296843
29540,LOX,36,4,0,0,0.000554423,0.00181495,0.305476
29550,LOX,1,3,0,0,4.408e-05,0.00109102,0.0404027
29560,LOX,2,3,0,0,4.298e-05,0.00107834,0.0398577
29570,LOX,0,3,0,0,4.311e-05,0.00104266,0.0413463
29580,LOX,4,3,0,0,4.4271e-05,0.00119639,0.0370039
29590,LOX,6,3,0,0,4.3351e-05,0.001151,0.0376639
29600,LOX,1,3,0,0,4.497e-05,0.00110208,0.0408048
29610,LOX,4,3,2,3,5.219e-05,0.00215214,0.0242503
29620,LOX,0,3,3,3,4.35e-05,0.00210923,0.0206236
29630,LOX,62,4,4,3,0.000559693,0.00317097,0.176505
29640,LOX,26,3,0,0,0.000540463,0.00143689,0.376135
29650,LOX,0,3,0,0,4.6081e-05,0.00109841,0.0419526
29660,LOX,0,3,7,3,4.319e-05,0.00218911,0.0197295
29670,LOX,7,3,0,0,4.355e-05,0.00126837,0.0343355
29680,LOX,1,3,7,3,4.314e-05,0.0022738,0.0189726
29690,LOX,2,3,0,0,4.429e-05,0.00108502,0.0408197
29700,LOX,24,3,0,0,0.000544903,0.00150837,0.361253
29710,LOX,5,3,0,0,4.379e-05,0.00110168,0.0397485
29720,LOX,0,3,0,0,4.6131e-05,0.00107026,0.0431024
29730,LOX,2,3,0,0,4.3451e-05,0.00109932,0.0395255
29740,LOX,2,3,0,0,4.331e-05,0.00105601,0.041013
29750,LOX,23,3,0,0,0.000542003,0.00154689,0.350383
29760,LOX,4,3,0,0,4.356e-05,0.00111241,0.0391584
29770,LOX,3,3,0,0,4.559e-05,0.00113649,0.0401149
29780,LOX,25,3,0,0,0.000563823,0.00150994,0.373408
29790,LOX,19,3,0,0,4.537e-05,0.00137873,0.0329071
29800,LOX,18,3,0,0,0.000564043,0.00142091,0.39696
29810,LOX,0,3,1,3,4.337e-05,0.00211376,0.0205179
29820,LOX,28,3,0,0,0.000548622,0.00150053,0.365619
29830,LOX,5,3,2,3,4.605e-05,0.0022083,0.0208531
29840,LOX,0,3,0,0,4.406e-05,0.00105802,0.041644
29850,LOX,0,3,0,0,4.372e-05,0.001084,0.0403323
29860,LOX,15,3,0,0,0.000548233,0.00133568,0.410453
29870,LOX,5,3,2,3,4.402e-05,0.00231341,0.0190282
29880,LOX,12,3,1,3,4.402e-05,0.00265195,0.0165991
29890,LOX,2,3,2,3,4.5471e-05,0.00220461,0.0206254
29900,LOX,1,3,0,0,4.395e-05,0.00109924,0.0399823
29910,LOX,8,3,0,0,4.394e-05,0.00128605,0.0341667
29920,LOX,11,5,0,0,0.000553223,0.00176775,0.312953
29930,LOX,20,3,0,0,0.000552073,0.00118621,0.465411
29940,LOX,3,3,0,0,4.349e-05,0.00106919,0.0406758
29950,LOX,9,3,0,0,4.3641e-05,0.00133038,0.0328035
29960,LOX,38,3,0,0,0.000541022,0.00183515,0.294811
29970,LOX,5,3,0,0,4.326e-05,0.00117007,0.0369723
29980,LOX,24,3,0,0,0.000555483,0.0015319,0.362611
29990,LOX,16,3,0,0,4.456e-05,0.00148009,0.0301063
30000,LOX,20,3,0,0,0.000546622,0.00155299,0.351981
30010,LOX,1,3,0,0,4.414e-05,0.00107403,0.0410977
30020,LOX,1,3,0,0,4.487e-05,0.00110602,0.040569
30030,LOX,17,3,0,0,0.000546873,0.00144914,0.377378
30040,LOX,22,3,6,3,0.000545802,0.0028199,0.193554
30050,LOX,0,3,0,0,4.373e-05,0.00107084,0.0408373
30060,LOX,2,3,0,0,4.445e-05,0.00109448,0.040613
30070,LOX,1,3,0,0,4.386e-05,0.00107068,0.0409648
30080,LOX,10,3,0,0,5.1881e-05,0.00130398,0.0397868
30090,LOX,5,3,0,0,4.36e-05,0.00121401,0.0359141
30100,LOX,0,3,0,0,4.351e-05,0.001077,0.0403994
30110,LOX,4,3,1,3,0.000532243,0.00218164,0.243965
30120,LOX,35,3,0,0,0.000545032,0.00175072,0.311319
30130,LOX,25,3,2,3,0.000531143,0.00250883,0.211709
30140,LOX,1,3,7,3,4.44e-05,0.00216275,0.0205294
30150,LOX,1,3,3,3,4.5781e-05,0.00220317,0.0207796
30160,LOX,3,3,0,0,4.491e-05,0.00111147,0.0404061
30170,LOX,0,3,11,3,4.644e-05,0.00228391,0.0203335
30180,LOX,6,3,0,0,4.415e-05,0.00124012,0.0356015
30190,LOX,1,3,0,0,4.393e-05,0.00109726,0.0400362
30200,LOX,32,4,0,0,0.000533143,0.00184052,0.28967
30210,LOX,52,3,0,0,0.000546123,0.00201065,0.271615
30220,LOX,25,3,0,0,0.000534433,0.00134474,0.397426
30230,LOX,27,3,0,0,0.000542383,0.00143093,0.379043
30240,LOX,9,3,0,0,0.000539963,0.00123816,0.436102
30250,LOX,32,3,0,0,0.000548873,0.00177763,0.308767
30260,LOX,14,3,0,0,0.000537743,0.00134629,0.399427
30270,LOX,7,3,0,0,4.389e-05,0.00125852,0.0348744
30280,LOX,1,3,0,0,4.432e-05,0.00107351,0.0412849
30290,LOX,15,3,0,0,4.315e-05,0.00132562,0.0325509
30300,LOX,1,3,0,0,4.31e-05,0.00109758,0.0392684
30310,LOX,25,5,3,3,0.000541853,0.00294312,0.184109
30320,LOX,0,3,1,3,4.3901e-05,0.00214102,0.0205047
30330,LOX,11,3,0,0,4.359e-05,0.00145928,0.0298709
30340,LOX,0,3,0,0,4.464e-05,0.00106454,0.0419338
30350,LOX,1,3,3,3,4.34e-05,0.00218627,0.0198512
30360,LOX,3,3,0,0,4.706e-05,0.00111428,0.0422337
30370,LOX,0,3,2,3,4.514e-05,0.00210602,0.0214338
30380,LOX,1,3,10,3,4.405e-05,0.00216944,0.0203048
30390,LOX,24,3,0,0,0.000556343,0.00152867,0.363939
30400,LOX,1,3,0,0,4.46e-05,0.00113982,0.0391291
30410,LOX,1,3,0,0,4.392e-05,0.00107703,0.040779
30420,LOX,12,3,0,0,0.000549623,0.00125856,0.436709
30430,LOX,0,3,0,0,4.498e-05,0.00105842,0.0424975
30440,LOX,3,3,0,0,4.2941e-05,0.00120363,0.0356764
30450,LOX,7,3,0,0,4.475e-05,0.0011244,0.0397991
30460,LOX,15,3,0,0,4.371e-05,0.00136941,0.0319189
30470,LOX,3,3,0,0,4.469e-05,0.00113176,0.0394873
30480,LOX,13,3,0,0,4.431e-05,0.00125989,0.0351698
30490,LOX,3,3,0,0,4.407e-05,0.00110263,0.0399682
30500,LOX,77,4,0,0,0.000559113,0.00209555,0.26681
30510,LOX,1,3,6,3,4.3001e-05,0.00221056,0.0194525
30520,LOX,11,3,0,0,4.314e-05,0.00132429,0.032576
30530,LOX,64,8,0,0,0.000557253,0.00355067,0.156943
30540,LOX,6,3,6,3,4.416e-05,0.00254385,0.0173595
30550,LOX,1,3,0,0,4.2641e-05,0.0010731,0.0397364
30560,LOX,35,3,0,0,4.51e-05,0.00154507,0.0291897
30570,LOX,5,3,7,3,4.388e-05,0.00231388,0.0189638
30580,LOX,3,3,0,0,4.347e-05,0.00108866,0.03993
30590,LOX,1,3,0,0,4.34e-05,0.00108959,0.0398316
30600,LOX,1,3,9,3,4.4961e-05,0.00233317,0.0192703
30610,LOX,3,3,1,3,5.291e-05,0.00221152,0.0239247
30620,LOX,15,3,0,0,0.000548362,0.00130528,0.420112
30630,LOX,31,3,0,0,0.000555123,0.00155482,0.357034
30640,LOX,12,3,0,0,4.4931e-05,0.00134306,0.0334543
30650,LOX,19,3,0,0,0.000537773,0.00130611,0.411737
30660,LOX,1,3,0,0,4.4081e-05,0.00106792,0.0412776
30670,LOX,17,3,0,0,0.000546703,0.00152216,0.359163
30680,LOX,0,3,0,0,4.392e-05,0.00105259,0.0417258
30690,LOX,0,3,0,0,4.236e-05,0.00104971,0.0403542
30700,LOX,4,3,0,0,4.442e-05,0.00113132,0.039264
30710,LOX,8,3,13,3,4.405e-05,0.00237361,0.0185582
30720,LOX,1,3,9,3,5.198e-05,0.0022647,0.0229522
30730,LOX,19,3,0,0,4.461e-05,0.0014742,0.0302605
30740,LOX,1,3,0,0,4.356e-05,0.00108268,0.0402336
30750,LOX,0,3,0,0,4.329e-05,0.00105835,0.0409035
30760,LOX,0,3,0,0,4.34e-05,0.00105029,0.0413221
30770,LOX,0,3,4,3,4.349e-05,0.0021026,0.0206839
30780,LOX,9,3,2,3,4.4e-05,0.00227483,0.0193421
30790,LOX,4,3,0,0,4.27e-05,0.00113467,0.0376322
30800,LOX,0,3,7,3,4.468e-05,0.00227444,0.0196444
30810,LOX,0,3,0,0,4.476e-05,0.00106304,0.0421058
30820,LOX,18,3,5,3,0.000563653,0.00254153,0.221777
30830,LOX,11,3,0,0,0.000539743,0.00114392,0.471838
30840,LOX,0,3,0,0,4.418e-05,0.00105516,0.0418706
30850,LOX,0,3,0,0,5.031e-05,0.0010359,0.0485667
30860,LOX,2,3,0,0,4.247e-05,0.00112072,0.0378954
30870,LOX,12,3,0,0,4.452e-05,0.00130067,0.0342286
30880,LOX,54,4,1,3,0.000555853,0.00324676,0.171203
30890,LOX,1,3,0,0,4.3721e-05,0.00104854,0.0416968
30900,LOX,25,3,8,3,0.000551773,0.00298323,0.184958
30910,LOX,1,3,8,3,4.3901e-05,0.00221663,0.0198053
30920,LOX,7,3,0,0,4.453e-05,0.00133442,0.0333704
30930,LOX,17,4,0,0,0.000540082,0.00168491,0.320541
30940,LOX,0,3,0,0,4.298e-05,0.00105565,0.0407144
30950,LOX,14,3,0,0,0.000557253,0.00137543,0.405149
30960,LOX,1,3,1,3,4.307e-05,0.00214828,0.0200486
30970,LOX,39,3,0,0,0.000555423,0.00177786,0.312411
30980,LOX,1,3,0,0,4.287e-05,0.00106489,0.0402579
30990,LOX,9,3,0,0,0.000543243,0.00113729,0.477666
31000,LOX,1,3,2,3,4.732e-05,0.00215709,0.021937
31010,LOX,1,3,0,0,4.407e-05,0.00105844,0.0416369
31020,LOX,1,3,8,3,4.4541e-05,0.00230029,0.0193632
31030,LOX,0,3,0,0,4.388e-05,0.00105353,0.0416506
31040,LOX,1,3,0,0,4.3311e-05,0.00111776,0.0387482
31050,LOX,0,3,0,0,4.278e-05,0.00108675,0.0393652
31060,LOX,1,3,0,0,4.9781e-05,0.00112072,0.0444189
31070,LOX,5,3,0,0,4.3031e-05,0.00121656,0.0353712
31080,LOX,0,3,0,0,4.3461e-05,0.00105111,0.0413479
31090,LOX,32,3,0,0,0.000569313,0.00170085,0.334723
31100,LOX,44,3,0,0,0.000554183,0.00150369,0.368549
31110,LOX,0,3,0,0,4.988e-05,0.00105403,0.0473233
31120,LOX,1,3,10,3,4.712e-05,0.00229805,0.0205043
31130,LOX,38,3,0,0,0.000564343,0.00170144,0.331686
31140,LOX,17,3,1,3,0.000551623,0.00245048,0.225108
31150,LOX,6,3,0,0,4.4441e-05,0.00116537,0.0381348
31160,LOX,9,3,0,0,4.294e-05,0.0012402,0.0346235
31170,LOX,0,3,4,3,4.444e-05,0.00213245,0.0208399
31180,LOX,12,3,0,0,4.534e-05,0.00138237,0.0327988
31190,LOX,1,3,0,0,4.373e-05,0.00106909,0.0409041
31200,LOX,10,3,0,0,4.413e-05,0.00117501,0.0375573
31210,LOX,28,4,0,0,0.000548552,0.00158065,0.347042
31220,LOX,0,3,0,0,4.505e-05,0.00106531,0.0422883
31230,LOX,3,3,0,0,4.458e-05,0.00111078,0.0401341
31240,LOX,16,3,0,0,0.000550743,0.00131363,0.419254
31250,LOX,1,3,0,0,4.375e-05,0.00109634,0.0399056
31260,LOX,12,3,0,0,0.000533833,0.00127232,0.419575
31270,LOX,5,3,0,0,4.258e-05,0.00129764,0.0328135
31280,LOX,15,3,0,0,0.000546133,0.00126329,0.432311
31290,LOX,26,3,0,0,0.000549013,0.00154828,0.354596
31300,LOX,1,3,0,0,4.329e-05,0.0011288,0.0383506
31310,LOX,5,3,8,3,4.4041e-05,0.00225815,0.0195031
31320,LOX,1,3,0,0,4.399e-05,0.00108417,0.040575
31330,LOX,0,3,0,0,4.395e-05,0.0010646,0.0412833
31340,LOX,18,3,0,0,0.000548293,0.00141101,0.388582
31350,LOX,43,3,11,3,0.000540793,0.00287642,0.188009
31360,LOX,9,3,0,0,0.000547673,0.00121154,0.452048
31370,LOX,54,3,4,3,0.000534213,0.00286823,0.186252
31380,LOX,4,3,0,0,4.435e-05,0.00112534,0.0394105
31390,LOX,9,3,2,3,4.369e-05,0.00231127,0.018903
31400,LOX,4,3,0,0,4.38e-05,0.00113547,0.0385745
31410,LOX,35,3,0,0,0.000548483,0.0015508,0.353678
31420,LOX,12,3,0,0,4.341e-05,0.00150678,0.0288098
31430,LOX,1,3,0,0,4.477e-05,0.00106472,0.0420488
31440,LOX,0,3,0,0,4.3861e-05,0.00105813,0.0414516
31450,LOX,16,3,0,0,0.000560343,0.00160226,0.349721
31460,LOX,6,3,0,0,0.000530973,0.00115485,0.459778
31470,LOX,1,3,0,0,4.3311e-05,0.00105449,0.0410727
31480,LOX,1,3,0,0,4.422e-05,0.00111277,0.0397388
31490,LOX,21,3,0,0,0.000544183,0.00141183,0.385446
31500,LOX,40,5,3,3,0.000561893,0.00321306,0.174878
31510,LOX,18,3,0,0,0.000561613,0.00141095,0.398039
31520,LOX,58,4,0,0,0.000556023,0.00243623,0.228231
31530,LOX,31,3,0,0,0.000552033,0.00145516,0.379363
31540,LOX,9,3,2,3,0.000539793,0.00242848,0.222276
31550,LOX,0,3,9,3,4.34e-05,0.00228581,0.0189867
31560,LOX,1,3,0,0,4.433e-05,0.00112807,0.0392973
31570,LOX,5,3,1,3,4.385e-05,0.00228667,0.0191763
31580,LOX,0,3,8,3,4.937e-05,0.00220948,0.0223446
31590,LOX,0,3,0,0,4.345e-05,0.00105264,0.0412773
31600,LOX,7,3,3,3,4.4821e-05,0.0023857,0.0187873
31610,LOX,17,3,0,0,0.000551503,0.00143962,0.38309
31620,LOX,0,3,0,0,4.4941e-05,0.00105911,0.042433
31630,LOX,10,3,0,0,4.622e-05,0.00122895,0.0376095
31640,LOX,3,3,0,0,4.36e-05,0.00109775,0.0397177
31650,LOX,1,3,0,0,4.3881e-05,0.00108801,0.0403316
31660,LOX,1,3,0,0,4.275e-05,0.00108881,0.0392632
31670,LOX,32,5,0,0,0.000559713,0.00256571,0.218151
31680,LOX,53,4,0,0,0.000565933,0.00211712,0.267313
31690,LOX,0,3,0,0,4.331e-05,0.0010597,0.0408702
31700,LOX,0,3,0,0,4.2241e-05,0.00105217,0.0401467
31710,LOX,12,3,0,0,0.000549223,0.00151937,0.361481
31720,LOX,0,3,0,0,4.454e-05,0.00104211,0.0427404
31730,LOX,14,3,0,0,0.000550333,0.00126083,0.436486
31740,LOX,1,3,0,0,4.257e-05,0.0010771,0.0395229
31750,LOX,0,3,0,0,4.292e-05,0.00106828,0.0401769
31760,LOX,8,3,0,0,0.000539793,0.00153584,0.351465
31770,LOX,0,3,0,0,4.494e-05,0.00103649,0.0433577
31780,LOX,4,3,0,0,4.3861e-05,0.00111795,0.0392336
31790,LOX,4,3,0,0,4.4211e-05,0.00116638,0.0379046
31800,LOX,28,3,0,0,0.000559413,0.00154569,0.361918
31810,LOX,11,3,9,3,4.393e-05,0.00263581,0.0166666
31820,LOX,38,4,5,3,0.000547743,0.00311305,0.175951
31830,LOX,2,3,0,0,4.312e-05,0.00109843,0.0392562
31840,LOX,1,3,1,3,4.4311e-05,0.00216711,0.020447
31850,LOX,1,3,0,0,4.5e-05,0.00109282,0.041178
31860,LOX,0,3,0,0,4.37e-05,0.00105781,0.0413119
31870,LOX,0,3,2,3,4.34e-05,0.00210984,0.0205703
31880,LOX,1,3,0,0,4.373e-05,0.0010544,0.041474
31890,LOX,2,3,5,3,4.4201e-05,0.00228971,0.0193042
31900,LOX,0,3,8,3,4.379e-05,0.0023585,0.0185669
31910,LOX,10,3,0,0,4.397e-05,0.0012043,0.036511
31920,LOX,25,3,0,0,0.000552393,0.00162401,0.340142
31930,LOX,1,3,0,0,4.265e-05,0.00106211,0.0401561
31940,LOX,12,3,0,0,0.000546703,0.00138194,0.395606
31950,LOX,0,3,0,0,4.3061e-05,0.00105641,0.0407618
31960,LOX,1,3,0,0,4.314e-05,0.00105788,0.0407799
31970,LOX,8,3,0,0,0.000548413,0.0011101,0.494023
31980,LOX,9,3,0,0,4.551e-05,0.0012084,0.0376615
31990,LOX,1,3,0,0,4.303e-05,0.0010792,0.0398723
32000,LOX,0,3,0,0,4.56e-05,0.00107423,0.0424492
32010,LOX,0,3,3,3,4.486e-05,0.00212028,0.0211576
32020,LOX,4,3,9,3,4.4541e-05,0.00231506,0.0192397
32030,LOX,0,3,5,3,4.3801e-05,0.00212167,0.0206446
32040,LOX,2,3,4,3,4.377e-05,0.00222009,0.0197154
32050,LOX,31,3,7,3,0.000551123,0.00263026,0.209531
32060,LOX,0,3,5,3,4.3591e-05,0.00214337,0.0203376
32070,LOX,1,3,5,3,4.5031e-05,0.00222662,0.0202239
32080,LOX,1,3,0,0,4.279e-05,0.00105606,0.0405183
32090,LOX,1,3,0,0,4.451e-05,0.00109499,0.0406489
32100,LOX,6,3,4,3,4.381e-05,0.00248771,0.0176106
32110,LOX,0,3,0,0,4.425e-05,0.00105021,0.0421342
32120,LOX,16,3,0,0,0.000558743,0.0013765,0.405917
32130,LOX,29,3,0,0,0.000547303,0.0018303,0.299024
32140,LOX,7,3,0,0,0.000541933,0.00112252,0.482784
32150,LOX,0,3,0,0,4.593e-05,0.00108202,0.0424485
32160,LOX,0,3,0,0,4.321e-05,0.00104893,0.0411945
32170,LOX,27,3,0,0,0.000553853,0.00140362,0.39459
32180,LOX,1,3,0,0,4.416e-05,0.00107602,0.0410403
32190,LOX,21,4,0,0,0.000545523,0.00171061,0.318906
32200,LOX,1,3,0,0,4.567e-05,0.00108729,0.0420037
32210,LOX,1,3,7,3,4.255e-05,0.00224345,0.0189663
32220,LOX,0,3,0,0,4.673e-05,0.00105631,0.0442391
32230,LOX,4,3,0,0,4.85e-05,0.00120952,0.0400987
32240,LOX,6,3,0,0,4.3531e-05,0.00114965,0.0378647
32250,LOX,21,3,1,3,0.000562473,0.00262596,0.214197
32260,LOX,34,3,12,3,0.000583083,0.00314719,0.185271
32270,LOX,1,3,1,3,4.3401e-05,0.0021259,0.0204154
32280,LOX,0,3,9,3,4.331e-05,0.00218207,0.0198481
32290,LOX,1,3,0,0,4.3291e-05,0.00106933,0.0404844
32300,LOX,1,3,9,3,4.585e-05,0.00226653,0.0202291
32310,LOX,30,3,0,0,0.000566753,0.00154076,0.36784
32320,LOX,39,3,0,0,0.000550583,0.00168963,0.32586
32330,LOX,29,3,0,0,0.000561263,0.00143546,0.391
32340,LOX,0,3,0,0,4.296e-05,0.00104895,0.0409554
32350,LOX,1,3,0,0,4.2831e-05,0.00107944,0.0396791
32360,LOX,20,3,0,0,0.000565483,0.00137242,0.412034
32370,LOX,22,3,0,0,4.55e-05,0.00139106,0.0327089
32380,LOX,14,3,0,0,0.000547493,0.00144445,0.379033
32390,LOX,3,3,0,0,4.387e-05,0.00109365,0.0401135
32400,LOX,0,3,0,0,4.423e-05,0.00106862,0.04139
32410,LOX,2,3,0,0,5.0421e-05,0.00107689,0.0468212
32420,LOX,12,3,0,0,0.000541233,0.00126047,0.429391
32430,LOX,0,3,11,3,4.361e-05,0.00242586,0.0179771
32440,LOX,1,3,0,0,4.4251e-05,0.00105915,0.0417795
32450,LOX,19,3,0,0,0.000539043,0.00135438,0.398001
32460,LOX,35,6,5,3,0.000565963,0.00411126,0.137662
32470,LOX,3,3,10,3,4.352e-05,0.00233462,0.0186411
32480,LOX,1,3,0,0,4.2551e-05,0.00105593,0.0402974
32490,LOX,14,3,1,3,0.000543913,0.00223668,0.243179
32500,LOX,1,3,10,3,4.373e-05,0.00229217,0.019078
32510,LOX,3,3,0,0,5.0441e-05,0.00107426,0.0469544
32520,LOX,6,3,0,0,4.815e-05,0.00109988,0.0437777
32530,LOX,0,3,0,0,4.337e-05,0.00105577,0.0410788
32540,LOX,1,3,1,3,4.331e-05,0.00212035,0.0204259
32550,LOX,4,3,6,3,0.000548093,0.00231794,0.236457
32560,LOX,0,3,0,0,4.448e-05,0.00105959,0.0419783
32570,LOX,3,3,0,0,4.4491e-05,0.00113622,0.0391572
32580,LOX,17,3,1,3,0.000550532,0.00228612,0.240815
32590,LOX,0,3,1,3,4.38e-05,0.00212479,0.0206138
32600,LOX,30,3,0,0,0.000548343,0.00171066,0.320545
32610,LOX,19,3,0,0,0.000556333,0.00137545,0.404474
32620,LOX,19,3,0,0,0.000563943,0.00149792,0.376485
32630,LOX,6,3,0,0,4.797e-05,0.00121123,0.0396045
32640,LOX,23,3,0,0,0.000546593,0.00170137,0.321267
32650,LOX,1,3,0,0,4.4291e-05,0.00108149,0.0409538
32660,LOX,11,3,0,0,0.000533783,0.00125607,0.424964
32670,LOX,29,4,0,0,0.000552193,0.00201252,0.274379
32680,LOX,0,3,0,0,4.492e-05,0.00105237,0.0426844
32690,LOX,1,3,0,0,4.4441e-05,0.00106343,0.0417904
32700,LOX,1,3,0,0,4.319e-05,0.00108942,0.0396451
32710,LOX,0,3,0,0,4.345e-05,0.00105832,0.0410558
32720,LOX,17,3,0,0,0.000540362,0.00132908,0.406569
32730,LOX,24,3,0,0,4.47e-05,0.00160211,0.0279007
32740,LOX,1,3,2,3,4.4601e-05,0.00215867,0.0206613
32750,LOX,1,3,6,3,4.277e-05,0.00218872,0.0195411
32760,LOX,7,3,0,0,4.3771e-05,0.00122581,0.0357079
32770,LOX,17,3,0,0,0.000537442,0.00124437,0.4319
32780,LOX,1,3,2,3,4.4241e-05,0.00212377,0.0208314
32790,LOX,35,3,1,3,0.000545143,0.00278605,0.195668
32800,LOX,15,3,3,3,0.000538303,0.0024032,0.223994
32810,LOX,5,3,0,0,4.373e-05,0.00115333,0.0379164
32820,LOX,17,3,0,0,0.000535853,0.00124247,0.431281
32830,LOX,43,4,0,0,0.000554883,0.00229976,0.241278
32840,LOX,23,3,0,0,0.000538603,0.00171543,0.313976
32850,LOX,0,3,0,0,4.747e-05,0.00104811,0.0452912
32860,LOX,0,3,0,0,4.86e-05,0.00103423,0.0469917
32870,LOX,4,3,0,0,4.465e-05,0.00127243,0.0350904
32880,LOX,22,3,0,0,0.000544043,0.00159467,0.341164
32890,LOX,0,3,0,0,4.464e-05,0.00105154,0.0424522
32900,LOX,43,3,0,0,0.000548813,0.00171604,0.319814
32910,LOX,19,3,0,0,0.000562813,0.00129203,0.435605
32920,LOX,0,3,0,0,4.459e-05,0.00104169,0.0428056
32930,LOX,4,3,0,0,4.427e-05,0.0011914,0.0371581
32940,LOX,19,3,6,3,4.4711e-05,0.00274055,0.0163146
32950,LOX,0,3,0,0,5.001e-05,0.00105197,0.0475392
32960,LOX,1,3,1,3,4.3521e-05,0.00208735,0.0208499
32970,LOX,18,4,0,0,0.000549413,0.00171928,0.31956
32980,LOX,1,3,0,0,4.3831e-05,0.00105431,0.041573
32990,LOX,47,3,0,0,0.000551683,0.00179444,0.30744
33000,LOX,0,3,0,0,4.431e-05,0.00107076,0.041382
33010,LOX,20,3,0,0,0.000564573,0.00132301,0.426735
33020,LOX,0,3,0,0,4.328e-05,0.00106609,0.0405971
33030,LOX,6,3,0,0,4.382e-05,0.00122122,0.0358823
33040,LOX,1,3,0,0,4.512e-05,0.00107813,0.0418504
33050,LOX,1,3,0,0,4.5471e-05,0.00108629,0.0418588
33060,LOX,1,3,0,0,4.554e-05,0.00108839,0.0418418
33070,LOX,11,3,0,0,0.000551583,0.00129689,0.425313
33080,LOX,18,3,0,0,0.000552713,0.00130511,0.4235
33090,LOX,15,3,3,3,4.423e-05,0.00231242,0.0191271
33100,LOX,19,3,3,3,0.000562543,0.00258009,0.218032
33110,LOX,0,3,1,3,4.36e-05,0.00208143,0.0209471
33120,LOX,16,3,0,0,4.701e-05,0.00141047,0.0333294
33130,LOX,0,3,0,0,4.834e-05,0.00104778,0.0461358
33140,LOX,0,3,0,0,4.3961e-05,0.00106833,0.0411491
33150,LOX,10,3,0,0,4.4e-05,0.00130357,0.0337536
33160,LOX,2,3,2,3,4.484e-05,0.00222012,0.0201971
33170,LOX,1,3,0,0,4.53e-05,0.00106528,0.0425242
33180,LOX,3,3,1,3,5.11e-05,0.00217176,0.0235293
33190,LOX,1,3,0,0,4.3251e-05,0.00106894,0.0404618
33200,LOX,0,3,0,0,4.4131e-05,0.00106765,0.0413349
33210,LOX,14,3,0,0,0.000546913,0.00121037,0.451858
33220,LOX,16,3,0,0,0.000552793,0.00124641,0.443509
33230,LOX,24,4,0,0,0.000549293,0.00180693,0.303993
33240,LOX,5,3,0,0,4.318e-05,0.00114053,0.0378597
33250,LOX,1,3,0,0,4.463e-05,0.00107765,0.0414143
33260,LOX,0,3,0,0,4.3811e-05,0.00104722,0.0418353
33270,LOX,25,4,0,0,0.000565403,0.00172067,0.328595
33280,LOX,0,3,0,0,4.449e-05,0.0010698,0.0415874
33290,LOX,10,3,0,0,4.387e-05,0.00132848,0.0330228
33300,LOX,21,3,0,0,0.000564143,0.00144882,0.389382
33310,LOX,9,3,0,0,4.535e-05,0.00129384,0.0350508
33320,LOX,19,4,5,3,4.535e-05,0.00306486,0.0147968
33330,LOX,0,3,1,3,4.391e-05,0.00207645,0.0211467
33340,LOX,14,3,2,3,0.000553433,0.0023462,0.235885
33350,LOX,28,3,5,3,0.000541523,0.00261766,0.206873
33360,LOX,18,3,0,0,0.000559553,0.00141293,0.396024
33370,LOX,1,3,0,0,4.51e-05,0.00109991,0.0410035
33380,LOX,0,3,0,0,4.294e-05,0.00105593,0.0406657
33390,LOX,1,3,9,3,5.0151e-05,0.00222515,0.0225382
33400,LOX,7,3,0,0,4.323e-05,0.00135394,0.0319291
33410,LOX,0,3,0,0,4.3101e-05,0.00105879,0.040708
33420,LOX,3,3,0,0,4.28e-05,0.00108647,0.0393938
33430,LOX,0,3,0,0,4.288e-05,0.00104902,0.0408764
33440,LOX,4,3,0,0,4.552e-05,0.00118444,0.0384318
33450,LOX,16,3,0,0,0.000544313,0.00144544,0.376573
33460,LOX,7,3,0,0,4.2781e-05,0.00118909,0.0359781
33470,LOX,0,3,0,0,4.323e-05,0.00106764,0.0404913
33480,LOX,2,3,0,0,4.406e-05,0.00109119,0.0403781
33490,LOX,41,4,0,0,0.000555093,0.00198857,0.279142
33500,LOX,0,3,0,0,4.235e-05,0.00106253,0.0398578
33510,LOX,21,3,0,0,0.000540593,0.00151703,0.35635
33520,LOX,20,3,0,0,0.000550363,0.00131272,0.419255
33530,LOX,2,3,0,0,4.3301e-05,0.00109279,0.0396241
33540,LOX,1,3,0,0,4.4401e-05,0.00107153,0.0414372
33550,LOX,36,4,0,0,0.000567203,0.00205868,0.275518
33560,LOX,31,3,0,0,0.000539763,0.00141552,0.381318
33570,LOX,3,3,0,0,4.4021e-05,0.00116302,0.0378507
33580,LOX,0,3,0,0,4.356e-05,0.00105173,0.0414176
33590,LOX,7,3,0,0,4.368e-05,0.00120979,0.0361056
33600,LOX,0,3,0,0,4.401e-05,0.00108121,0.0407042
33610,LOX,13,3,1,3,4.234e-05,0.00242432,0.0174647
33620,LOX,3,3,0,0,4.25e-05,0.00113025,0.0376024
33630,LOX,29,3,0,0,0.000567143,0.00164661,0.344431
33640,LOX,2,3,0,0,4.371e-05,0.00109196,0.0400291
33650,LOX,7,3,0,0,4.414e-05,0.00128565,0.0343329
33660,LOX,28,3,0,0,0.000539183,0.00151892,0.354978
33670,LOX,1,3,0,0,5.1731e-05,0.00108974,0.0474711
33680,LOX,35,3,1,3,0.000540412,0.00256271,0.210875
33690,LOX,2,3,2,3,4.2931e-05,0.00220451,0.0194742
33700,LOX,1,3,8,3,4.388e-05,0.00224609,0.0195362
33710,LOX,1,3,0,0,4.3131e-05,0.00108178,0.0398706
33720,LOX,4,3,0,0,4.306e-05,0.00109026,0.0394953
33730,LOX,2,3,0,0,4.326e-05,0.00111215,0.0388978
33740,LOX,0,3,0,0,4.468e-05,0.00106206,0.0420693
33750,LOX,0,3,0,0,4.306e-05,0.00106457,0.0404484
33760,LOX,1,3,0,0,4.441e-05,0.00106387,0.041744
33770,LOX,1,3,0,0,4.337e-05,0.00107507,0.0403417
33780,LOX,20,3,0,0,4.3901e-05,0.00127064,0.0345504
33790,LOX,18,3,0,0,0.000532773,0.00127226,0.418762
33800,LOX,36,4,0,0,4.368e-05,0.00216503,0.0201752
33810,LOX,0,3,6,3,4.478e-05,0.00217977,0.0205434
33820,LOX,2,3,0,0,4.4971e-05,0.00107412,0.041868
33830,LOX,1,3,0,0,4.502e-05,0.00106836,0.0421395
33840,LOX,0,3,2,3,4.449e-05,0.00207609,0.0214297
33850,LOX,4,3,2,3,4.466e-05,0.00224452,0.0198973
33860,LOX,4,3,2,3,4.378e-05,0.00228807,0.019134
33870,LOX,22,3,16,3,0.000542503,0.00296614,0.182899
33880,LOX,18,3,11,3,0.000530893,0.00269988,0.196635
33890,LOX,7,3,0,0,0.000540393,0.00114441,0.472204
33900,LOX,1,3,0,0,4.366e-05,0.0011042,0.0395401
33910,LOX,10,3,0,0,0.000528372,0.001196,0.441784
33920,LOX,0,3,0,0,4.265e-05,0.00106404,0.0400832
33930,LOX,1,3,0,0,4.299e-05,0.00104009,0.0413332
33940,LOX,1,3,0,0,4.477e-05,0.0010861,0.041221
33950,LOX,24,4,0,0,0.000532463,0.00156174,0.340943
33960,LOX,0,3,0,0,4.426e-05,0.00105887,0.0417994
33970,LOX,8,3,0,0,4.441e-05,0.00114353,0.038836
33980,LOX,9,3,0,0,4.406e-05,0.00139582,0.0315657
33990,LOX,35,3,0,0,0.000549193,0.00165848,0.331143
34000,LOX,0,3,0,0,4.4191e-05,0.00108286,0.0408097
34010,LOX,20,3,1,3,4.469e-05,0.00250631,0.017831
34020,LOX,19,3,6,3,0.000554133,0.00251959,0.219929
34030,LOX,18,3,0,0,0.000558333,0.00126432,0.441608
34040,LOX,3,3,0,0,4.236e-05,0.0010842,0.0390705
34050,LOX,0,3,2,3,4.321e-05,0.00217366,0.0198789
34060,LOX,48,4,0,0,0.000538572,0.00216042,0.24929
34070,LOX,22,3,3,3,0.000534203,0.0024741,0.215918
34080,LOX,8,3,0,0,4.2831e-05,0.00135058,0.0317131
34090,LOX,25,5,1,3,4.3331e-05,0.00304963,0.0142086
34100,LOX,34,4,0,0,0.000544923,0.0019537,0.278918
34110,LOX,0,3,0,0,4.398e-05,0.00105141,0.0418293
34120,LOX,0,3,0,0,4.293e-05,0.00104978,0.0408944
34130,LOX,61,3,0,0,0.000550863,0.00179841,0.306306
34140,LOX,17,3,0,0,4.4371e-05,0.00130713,0.0339454
34150,LOX,0,3,0,0,4.271e-05,0.00105505,0.0404816
34160,LOX,12,3,0,0,0.000549593,0.00124221,0.442433
34170,LOX,1,3,0,0,4.411e-05,0.0010918,0.0404013
34180,LOX,28,4,0,0,0.000572143,0.00179281,0.319132
34190,LOX,7,3,0,0,0.000540623,0.00121479,0.445035
34200,LOX,1,3,0,0,4.36e-05,0.00108062,0.0403474
34210,LOX,30,3,0,0,0.000550482,0.00146673,0.375313
34220,LOX,9,3,2,3,4.492e-05,0.00232491,0.0193212
34230,LOX,0,3,0,0,4.219e-05,0.0010612,0.039757
34240,LOX,7,3,2,3,4.208e-05,0.00231296,0.0181931
34250,LOX,2,3,1,3,4.283e-05,0.00213274,0.0200821
34260,LOX,0,3,1,3,4.285e-05,0.00213198,0.0200987
34270,LOX,25,3,2,3,0.000547413,0.00258479,0.211782
34280,LOX,1,3,0,0,4.455e-05,0.00110136,0.0404501
34290,LOX,8,3,0,0,0.000546293,0.00130151,0.419739
34300,LOX,0,3,8,3,4.434e-05,0.0022334,0.0198531
34310,LOX,16,4,0,0,4.432e-05,0.00157855,0.0280764
34320,LOX,18,3,0,0,0.000545023,0.00123652,0.440773
34330,LOX,0,3,0,0,4.366e-05,0.00106598,0.0409578
34340,LOX,37,3,0,0,0.000559403,0.00185987,0.300775
34350,LOX,0,3,0,0,4.405e-05,0.00106354,0.0414184
34360,LOX,4,3,0,0,4.516e-05,0.0011104,0.0406702
34370,LOX,2,3,0,0,4.314e-05,0.00111347,0.0387439
34380,LOX,24,3,0,0,0.000548033,0.00134504,0.407448
34390,LOX,6,3,0,0,0.000546393,0.00109425,0.499333
34400,LOX,4,3,0,0,4.3041e-05,0.00125153,0.0343908
34410,LOX,7,3,5,3,5.101e-05,0.0025948,0.0196585
34420,LOX,12,3,0,0,4.442e-05,0.00124129,0.0357854
34430,LOX,2,3,2,3,4.6001e-05,0.00213729,0.0215231
34440,LOX,32,3,0,0,0.000566273,0.00180782,0.313235
34450,LOX,10,3,0,0,4.36e-05,0.00157588,0.0276671
34460,LOX,1,3,0,0,4.284e-05,0.00108977,0.0393112
34470,LOX,1,3,1,3,4.345e-05,0.00211026,0.0205899
34480,LOX,1,3,1,3,4.362e-05,0.00210079,0.0207636
34490,LOX,1,3,2,3,5.023e-05,0.00215604,0.0232973
34500,LOX,5,3,0,0,4.313e-05,0.0011992,0.0359658
34510,LOX,3,3,0,0,4.336e-05,0.0011677,0.0371329
34520,LOX,14,3,0,0,0.000541363,0.00130377,0.41523
34530,LOX,0,3,0,0,4.387e-05,0.00103407,0.0424248
34540,LOX,0,3,0,0,4.383e-05,0.00104499,0.0419431
34550,LOX,15,3,0,0,4.2871e-05,0.00124221,0.034512
34560,LOX,0,3,0,0,4.255e-05,0.0010431,0.040792
34570,LOX,9,3,0,0,0.000545862,0.00132104,0.413207
34580,LOX,3,3,0,0,4.403e-05,0.0010896,0.0404095
34590,LOX,0,3,0,0,4.322e-05,0.00104621,0.0413112
34600,LOX,47,3,0,0,0.000547182,0.00191279,0.286065
34610,LOX,1,3,1,3,4.678e-05,0.00215137,0.0217443
34620,LOX,13,3,0,0,4.365e-05,0.00127036,0.0343604
34630,LOX,1,3,0,0,4.479e-05,0.00105312,0.0425309
34640,LOX,8,3,0,0,0.000554883,0.00113251,0.48996
34650,LOX,0,3,0,0,4.3461e-05,0.00108332,0.0401185
34660,LOX,25,3,7,3,0.000538232,0.00273659,0.19668
34670,LOX,13,3,0,0,0.000544312,0.00126645,0.429795
34680,LOX,0,3,0,0,4.376e-05,0.00102166,0.0428325
34690,LOX,0,3,1,3,4.375e-05,0.00208343,0.020999
34700,LOX,5,3,2,3,4.324e-05,0.00221116,0.0195553
34710,LOX,1,3,0,0,4.365e-05,0.00107347,0.0406627
34720,LOX,26,5,0,0,0.000560833,0.0022841,0.245538
34730,LOX,1,3,0,0,4.401e-05,0.00111766,0.0393771
34740,LOX,0,3,0,0,4.304e-05,0.00105338,0.0408591
34750,LOX,0,3,0,0,4.277e-05,0.00105869,0.0403988
34760,LOX,3,3,0,0,4.512e-05,0.00111196,0.0405771
34770,LOX,0,3,0,0,4.38e-05,0.00106302,0.0412032
34780,LOX,0,3,0,0,4.3311e-05,0.00105926,0.0408882
34790,LOX,6,3,0,0,4.473e-05,0.0012222,0.036598
34800,LOX,0,3,0,0,4.4201e-05,0.00106397,0.0415437
34810,LOX,1,3,11,3,4.4571e-05,0.00225058,0.0198042
34820,LOX,45,4,2,3,0.000541053,0.00304934,0.177433
34830,LOX,19,3,8,3,0.000547553,0.00247204,0.221498
34840,LOX,37,3,0,0,0.000555203,0.00179542,0.309233
34850,LOX,28,3,0,0,0.000546583,0.00147134,0.371487
34860,LOX,8,3,0,0,0.000545303,0.00122413,0.445463
34870,LOX,17,3,0,0,0.000544633,0.00123418,0.441293
34880,LOX,0,3,2,3,4.488e-05,0.00211864,0.0211834
34890,LOX,4,3,0,0,4.33e-05,0.00114592,0.0377864
34900,LOX,3,3,0,0,4.437e-05,0.00109911,0.0403688
34910,LOX,27,3,0,0,4.441e-05,0.00166285,0.0267072
34920,LOX,1,3,0,0,4.44e-05,0.00103588,0.0428623
34930,LOX,0,3,0,0,4.254e-05,0.00104594,0.0406714
34940,LOX,29,4,0,0,0.000540123,0.00184656,0.292502
34950,LOX,1,3,0,0,4.254e-05,0.00110715,0.0384231
34960,LOX,0,3,0,0,4.4671e-05,0.00102729,0.0434841
34970,LOX,0,3,0,0,4.558e-05,0.00105986,0.0430058
34980,LOX,0,3,0,0,4.373e-05,0.001057,0.041372
34990,LOX,10,3,0,0,4.337e-05,0.00122647,0.0353617
35000,LOX,1,3,0,0,4.384e-05,0.00107537,0.0407676
35010,LOX,4,3,2,3,4.438e-05,0.00223633,0.019845
35020,LOX,9,3,0,0,4.4e-05,0.00113989,0.0386003
35030,LOX,0,3,2,3,4.2801e-05,0.00213269,0.020069
35040,LOX,31,3,10,3,0.000551693,0.00305902,0.18035
35050,LOX,9,3,12,3,0.000545443,0.00235975,0.231144
35060,LOX,1,3,0,0,4.494e-05,0.00107553,0.0417842
35070,LOX,1,3,2,3,4.4571e-05,0.00210716,0.0211522
35080,LOX,9,3,11,3,4.377e-05,0.00231542,0.0189037
35090,LOX,17,3,11,3,0.000542983,0.00259311,0.209394
35100,LOX,2,3,5,3,4.438e-05,0.00230803,0.0192285
35110,LOX,29,4,0,0,0.000562663,0.00164217,0.342634
35120,LOX,35,3,0,0,0.000550103,0.00165461,0.332467
35130,LOX,6,3,0,0,4.3511e-05,0.00114703,0.0379338
35140,LOX,14,3,0,0,0.000553433,0.00118264,0.467966
35150,LOX,57,5,0,0,0.000558643,0.00225358,0.247891
35160,LOX,0,3,0,0,4.296e-05,0.00105649,0.0406631
35170,LOX,21,3,0,0,0.000546623,0.00136295,0.40106
35180,LOX,0,3,0,0,4.417e-05,0.00106197,0.0415927
35190,LOX,4,3,0,0,4.423e-05,0.00112591,0.0392839
35200,LOX,2,3,0,0,4.404e-05,0.00111433,0.0395216
35210,LOX,25,3,0,0,0.000555293,0.0014689,0.378034
35220,LOX,15,3,2,3,0.000542533,0.00237565,0.228372
35230,LOX,0,3,1,3,4.4081e-05,0.0021169,0.0208234
35240,LOX,4,3,0,0,4.5111e-05,0.00119339,0.0378008
35250,LOX,0,3,0,0,4.41e-05,0.00105927,0.0416326
35260,LOX,25,3,0,0,0.000552493,0.00153768,0.359303
35270,LOX,7,3,2,3,4.4611e-05,0.00220991,0.0201868
35280,LOX,0,3,0,0,4.4231e-05,0.00106919,0.0413689
35290,LOX,1,3,0,0,4.373e-05,0.00105003,0.0416462
35300,LOX,62,4,5,3,0.000551723,0.00376812,0.146419
35310,LOX,24,3,0,0,0.000559163,0.00170107,0.328713
35320,LOX,0,3,0,0,4.2161e-05,0.00104123,0.0404913
35330,LOX,0,3,0,0,4.297e-05,0.00103725,0.0414267
35340,LOX,4,3,0,0,0.000545993,0.00110494,0.494136
35350,LOX,24,3,0,0,0.000537803,0.00145008,0.370879
35360,LOX,10,3,0,0,0.000557823,0.0014097,0.395704
35370,LOX,0,3,0,0,4.361e-05,0.0010639,0.0409905
35380,LOX,5,3,0,0,4.304e-05,0.00111163,0.0387181
35390,LOX,6,3,0,0,4.397e-05,0.00109083,0.0403089
35400,LOX,1,3,0,0,4.245e-05,0.00108423,0.0391524
35410,LOX,15,3,0,0,0.000555813,0.00135921,0.408924
35420,LOX,0,3,0,0,4.538e-05,0.0010781,0.0420927
35430,LOX,8,3,0,0,0.000566613,0.0011653,0.48624
35440,LOX,2,3,0,0,4.309e-05,0.00105999,0.0406515
35450,LOX,1,3,0,0,4.25e-05,0.00108929,0.0390164
35460,LOX,51,5,0,0,0.000540373,0.00238277,0.226783
35470,LOX,0,3,0,0,4.216e-05,0.00105103,0.0401132
35480,LOX,1,3,0,0,5.089e-05,0.00107488,0.047345
35490,LOX,0,3,0,0,4.4491e-05,0.00105909,0.0420085
35500,LOX,15,3,0,0,0.000541223,0.00121795,0.444374
35510,LOX,1,3,0,0,4.385e-05,0.00106802,0.0410574
35520,LOX,28,3,4,3,0.000549642,0.00259069,0.21216
35530,LOX,0,3,0,0,4.631e-05,0.00105398,0.0439384
35540,LOX,2,3,8,3,4.414e-05,0.00225753,0.0195523
35550,LOX,7,3,2,3,4.519e-05,0.00232366,0.0194478
35560,LOX,0,3,0,0,4.867e-05,0.00105443,0.0461578
35570,LOX,12,3,6,3,4.39e-05,0.00231304,0.0189793
35580,LOX,1,3,13,3,4.452e-05,0.00223768,0.0198956
35590,LOX,0,3,0,0,4.358e-05,0.00103909,0.0419407
35600,LOX,1,3,0,0,4.3631e-05,0.00107781,0.0404813
35610,LOX,32,4,0,0,0.000547483,0.00159703,0.342814
35620,LOX,2,3,0,0,4.884e-05,0.00104806,0.0466002
35630,LOX,3,3,0,0,4.345e-05,0.00110054,0.0394808
35640,LOX,1,3,0,0,4.2811e-05,0.00105425,0.0406082
35650,LOX,2,3,0,0,4.2351e-05,0.00109434,0.0387002
35660,LOX,23,4,0,0,0.000553822,0.00172068,0.321862
35670,LOX,47,4,0,0,0.000542223,0.00169681,0.319555
35680,LOX,2,3,0,0,4.403e-05,0.0011053,0.0398355
35690,LOX,5,3,0,0,4.4971e-05,0.00117568,0.0382512
35700,LOX,1,3,0,0,4.5641e-05,0.00109937,0.0415157
35710,LOX,0,3,0,0,4.3241e-05,0.00103425,0.0418088
35720,LOX,0,3,0,0,4.432e-05,0.00105573,0.0419806
35730,LOX,0,3,1,3,4.358e-05,0.00210878,0.020666
35740,LOX,8,3,0,0,4.372e-05,0.00113152,0.0386384
35750,LOX,10,3,2,3,0.000559413,0.00231284,0.241873
35760,LOX,5,3,0,0,0.000530273,0.00115754,0.458105
35770,LOX,0,3,10,3,4.404e-05,0.00231005,0.0190645
35780,LOX,16,3,11,3,0.000549493,0.00248966,0.22071
35790,LOX,6,3,13,3,4.377e-05,0.00234744,0.0186458
35800,LOX,0,3,1,3,4.3241e-05,0.00214709,0.0201393
35810,LOX,0,3,0,0,4.4191e-05,0.00106079,0.0416588
35820,LOX,2,3,0,0,4.235e-05,0.00106988,0.039584
35830,LOX,6,3,0,0,4.4151e-05,0.00133918,0.0329688
35840,LOX,0,3,0,0,4.37e-05,0.0010423,0.0419267
35850,LOX,7,3,0,0,4.4931e-05,0.0013273,0.0338515
35860,LOX,12,3,0,0,4.502e-05,0.00132877,0.033881
35870,LOX,23,3,9,3,4.351e-05,0.00262696,0.0165628
35880,LOX,1,3,0,0,5.004e-05,0.00105252,0.0475432
35890,LOX,4,3,0,0,4.371e-05,0.00113348,0.0385628
35900,LOX,12,3,0,0,4.545e-05,0.00148245,0.0306587
35910,LOX,11,3,2,3,4.461e-05,0.00237572,0.0187774
35920,LOX,21,3,0,0,0.000552663,0.00156413,0.353336
35930,LOX,8,3,8,3,0.000527692,0.00246187,0.214346
35940,LOX,0,3,0,0,4.4241e-05,0.0010535,0.0419941
35950,LOX,1,3,7,3,4.509e-05,0.0022412,0.0201187
35960,LOX,12,3,1,3,4.329e-05,0.00231213,0.018723
35970,LOX,5,3,1,3,4.431e-05,0.00230679,0.0192085
35980,LOX,18,3,10,3,0.000556343,0.00262636,0.21183
35990,LOX,18,3,9,3,0.000551303,0.00238804,0.23086
36000,LOX,20,3,2,3,0.000568363,0.00239729,0.237085
36010,LOX,2,3,0,0,4.3201e-05,0.00114143,0.0378483
36020,LOX,0,3,0,0,4.279e-05,0.00104249,0.0410461
36030,LOX,30,3,0,0,0.000558393,0.00198814,0.280862
36040,LOX,29,3,0,0,0.000544513,0.00144089,0.377901
36050,LOX,0,3,0,0,4.3101e-05,0.0010571,0.0407731
36060,LOX,0,3,0,0,4.3261e-05,0.00105312,0.0410791
36070,LOX,19,3,0,0,0.000561643,0.0013067,0.429819
36080,LOX,21,3,0,0,0.000553923,0.0013265,0.417583
36090,LOX,6,3,3,3,4.379e-05,0.0022943,0.0190864
36100,LOX,15,3,0,0,4.427e-05,0.00123697,0.0357892
36110,LOX,10,3,0,0,4.385e-05,0.00116372,0.037681
36120,LOX,9,3,0,0,4.356e-05,0.00124417,0.0350114
36130,LOX,3,3,2,3,4.422e-05,0.00210739,0.0209833
36140,LOX,2,3,0,0,4.415e-05,0.0010734,0.0411311
36150,LOX,13,3,5,3,4.4081e-05,0.00270693,0.0162845
36160,LOX,2,3,3,3,4.391e-05,0.0021861,0.020086
36170,LOX,2,3,0,0,4.396e-05,0.00112425,0.0391018
36180,LOX,10,3,2,3,0.000545923,0.0022313,0.244666
36190,LOX,29,4,2,3,0.000532863,0.00274131,0.194383
36200,LOX,42,3,6,3,0.000562063,0.00310573,0.180976
36210,LOX,3,3,0,0,4.36e-05,0.00107919,0.0404008
36220,LOX,51,3,0,0,0.000558773,0.00179964,0.310492
36230,LOX,20,3,0,0,0.000541593,0.00141158,0.383679
36240,LOX,1,3,0,0,4.39e-05,0.00105765,0.0415073
36250,LOX,1,3,0,0,4.486e-05,0.00110741,0.0405091
36260,LOX,32,3,0,0,0.000557172,0.00172426,0.323137
36270,LOX,1,3,0,0,4.3981e-05,0.00110624,0.0397573
36280,LOX,0,3,0,0,4.426e-05,0.00105382,0.0419998
36290,LOX,0,3,0,0,4.534e-05,0.00107013,0.0423688
36300,LOX,0,3,0,0,4.32e-05,0.00107039,0.0403593
36310,LOX,2,3,2,3,4.498e-05,0.00211982,0.0212188
36320,LOX,16,3,8,3,4.322e-05,0.00256426,0.0168547
36330,LOX,28,3,1,3,0.000542662,0.00265611,0.204307
36340,LOX,2,3,8,3,4.396e-05,0.00222071,0.0197955
36350,LOX,7,3,2,3,4.4461e-05,0.00237752,0.0187006
36360,LOX,31,3,0,0,0.000561243,0.00170444,0.329283
36370,LOX,3,3,0,0,0.000550163,0.00111496,0.493439
36380,LOX,6,3,2,3,4.368e-05,0.0022125,0.0197424
36390,LOX,20,3,0,0,4.4601e-05,0.00129139,0.0345373
36400,LOX,13,3,0,0,0.000553223,0.00153004,0.361575
36410,LOX,14,3,0,0,4.346e-05,0.00138142,0.0314604
36420,LOX,6,3,0,0,0.000559293,0.0011714,0.477459
36430,LOX,0,3,0,0,4.42e-05,0.00106682,0.0414317
36440,LOX,6,3,0,0,0.000556193,0.00114093,0.487493
36450,LOX,21,3,0,0,4.5801e-05,0.00160451,0.0285452
36460,LOX,4,3,0,0,4.327e-05,0.00117549,0.0368103
36470,LOX,10,3,0,0,0.000552253,0.00121531,0.454414
36480,LOX,0,3,0,0,4.3601e-05,0.00106309,0.0410137
36490,LOX,22,3,0,0,0.000555303,0.00126087,0.440414
36500,LOX,5,3,0,0,4.4081e-05,0.00124748,0.0353362
36510,LOX,0,3,0,0,4.5251e-05,0.00106134,0.0426359
36520,LOX,1,3,8,3,4.3421e-05,0.00220581,0.0196848
36530,LOX,1,3,5,3,4.45e-05,0.0021364,0.0208294
36540,LOX,0,3,5,3,4.237e-05,0.00215491,0.0196621
36550,LOX,8,3,0,0,4.4161e-05,0.00126095,0.0350221
36560,LOX,38,3,10,3,0.000556263,0.00294903,0.188626
36570,LOX,6,3,2,3,4.4391e-05,0.00238593,0.0186053
36580,LOX,1,3,1,3,4.3411e-05,0.00212432,0.0204352
36590,LOX,1,3,0,0,4.278e-05,0.0010758,0.0397659
36600,LOX,0,3,3,3,4.468e-05,0.00218183,0.0204782
36610,LOX,2,3,0,0,4.734e-05,0.00107442,0.0440612
36620,LOX,24,4,0,0,0.000553163,0.00178539,0.309828
36630,LOX,1,3,0,0,4.292e-05,0.00105696,0.0406068
36640,LOX,2,3,0,0,4.897e-05,0.00110522,0.0443081
36650,LOX,35,3,0,0,0.000557203,0.00151142,0.368662
36660,LOX,22,3,0,0,0.000548822,0.00155606,0.3527
36670,LOX,1,3,0,0,4.8591e-05,0.00111165,0.0437109
36680,LOX,1,3,0,0,4.426e-05,0.00106449,0.0415784
36690,LOX,0,3,0,0,4.439e-05,0.00105187,0.0422012
36700,LOX,34,3,0,0,0.000545633,0.0015167,0.359751
36710,LOX,3,3,0,0,4.931e-05,0.00112358,0.0438867
36720,LOX,2,3,6,3,4.632e-05,0.00222203,0.0208458
36730,LOX,39,3,4,3,0.000535713,0.0028644,0.187024
36740,LOX,3,3,0,0,4.376e-05,0.00107419,0.0407378
36750,LOX,11,3,7,3,0.000539893,0.00247932,0.217758
36760,LOX,8,3,2,3,0.000543553,0.00225843,0.240677
36770,LOX,8,3,0,0,0.000557073,0.00136226,0.408934
36780,LOX,20,3,0,0,4.3971e-05,0.00161452,0.0272348
36790,LOX,14,3,1,3,4.4291e-05,0.00244641,0.0181045
36800,LOX,2,3,0,0,4.421e-05,0.00110712,0.0399326
36810,LOX,1,3,0,0,4.357e-05,0.00109454,0.0398068
36820,LOX,12,3,0,0,0.000561233,0.001393,0.402896
36830,LOX,0,3,0,0,4.315e-05,0.00103834,0.0415569
36840,LOX,13,3,0,0,4.44e-05,0.0014176,0.0313206
36850,LOX,0,3,0,0,4.303e-05,0.00106961,0.0402298
36860,LOX,0,3,0,0,5.014e-05,0.00106039,0.0472847
36870,LOX,33,3,0,0,0.000545853,0.0016243,0.336055
36880,LOX,1,3,0,0,4.45e-05,0.00105505,0.0421783
36890,LOX,6,3,0,0,4.351e-05,0.00128342,0.0339017
36900,LOX,18,3,0,0,0.000555143,0.00131261,0.422932
36910,LOX,1,3,2,3,4.444e-05,0.0021814,0.0203722
36920,LOX,5,3,0,0,4.347e-05,0.00108847,0.0399369
36930,LOX,21,3,8,3,0.000544373,0.00258147,0.210877
36940,LOX,32,3,0,0,0.000566463,0.00164624,0.344095
36950,LOX,2,3,0,0,4.523e-05,0.00112425,0.0402314
36960,LOX,1,3,2,3,4.4e-05,0.00220728,0.019934
36970,LOX,1,3,0,0,5.0941e-05,0.00105869,0.0481168
36980,LOX,0,3,1,3,4.566e-05,0.00215005,0.0212367
36990,LOX,5,3,7,3,0.000538443,0.00241192,0.223242
37000,LOX,13,3,0,0,0.000553023,0.00130609,0.42342
37010,LOX,42,3,0,0,0.000555123,0.00173795,0.319413
37020,LOX,2,3,0,0,4.401e-05,0.00106964,0.0411448
37030,LOX,8,3,0,0,4.51e-05,0.00112218,0.0401898
37040,LOX,7,3,0,0,0.000538923,0.00120697,0.446511
37050,LOX,4,3,0,0,4.345e-05,0.00110519,0.0393147
37060,LOX,5,3,0,0,4.244e-05,0.00110561,0.0383862
37070,LOX,11,3,0,0,0.000558943,0.00113339,0.493162
37080,LOX,2,3,0,0,4.354e-05,0.00106857,0.0407462
37090,LOX,1,3,0,0,4.9e-05,0.0010708,0.04576
37100,LOX,25,4,0,0,0.000534932,0.00153833,0.347736
37110,LOX,18,3,0,0,4.441e-05,0.00130831,0.0339446
37120,LOX,0,3,0,0,4.648e-05,0.00106272,0.043737
37130,LOX,16,3,0,0,4.392e-05,0.00151813,0.0289304
37140,LOX,22,3,22,4,0.000547863,0.00365006,0.150097
37150,LOX,16,3,0,0,4.443e-05,0.00130432,0.0340638
37160,LOX,24,3,0,0,0.000556783,0.00163149,0.341273
37170,LOX,1,3,0,0,4.369e-05,0.00107784,0.0405349
37180,LOX,5,3,0,0,0.000540902,0.00120597,0.448521
37190,LOX,32,3,0,0,4.3721e-05,0.00160719,0.0272034
37200,LOX,14,3,11,3,4.3181e-05,0.00282045,0.0153099
37210,LOX,6,3,0,0,4.409e-05,0.00124963,0.0352825
37220,LOX,8,3,10,3,0.000553483,0.00228485,0.24224
37230,LOX,0,3,2,3,4.462e-05,0.00209882,0.0212595
37240,LOX,23,3,0,0,0.000563962,0.00136328,0.413681
37250,LOX,1,3,0,0,4.379e-05,0.00113899,0.0384465
37260,LOX,30,4,11,3,0.000553773,0.00308283,0.179632
37270,LOX,0,3,0,0,4.269e-05,0.0010525,0.0405607
37280,LOX,0,3,2,3,4.397e-05,0.00213805,0.0205655
37290,LOX,4,3,5,3,4.519e-05,0.00224057,0.020169
37300,LOX,8,3,0,0,4.5631e-05,0.00116497,0.0391694
37310,LOX,1,3,0,0,4.34e-05,0.00107962,0.0401995
37320,LOX,28,3,0,0,0.000546762,0.00133621,0.409189
37330,LOX,1,3,0,0,4.324e-05,0.00104797,0.0412609
37340,LOX,0,3,0,0,4.423e-05,0.0010606,0.041703
37350,LOX,39,3,0,0,0.000549603,0.00181785,0.302337
37360,LOX,1,3,0,0,4.468e-05,0.00108144,0.0413154
37370,LOX,38,3,0,0,0.000538772,0.00163467,0.329591
37380,LOX,16,3,0,0,4.4681e-05,0.00141981,0.0314698
37390,LOX,1,3,4,3,4.327e-05,0.00218158,0.0198342
37400,LOX,30,3,0,0,0.000561613,0.00143601,0.391093
37410,LOX,1,3,0,0,4.361e-05,0.00106126,0.0410928
37420,LOX,2,3,0,0,4.3e-05,0.0011057,0.0388895
37430,LOX,5,3,9,3,4.465e-05,0.00223549,0.0199732
37440,LOX,1,3,0,0,4.559e-05,0.00106472,0.0428189
37450,LOX,1,3,0,0,4.4301e-05,0.00110855,0.0399632
37460,LOX,1,3,0,0,4.313e-05,0.00110972,0.0388658
37470,LOX,19,3,0,0,0.000550343,0.00130061,0.423144
37480,LOX,1,3,2,3,4.397e-05,0.00216797,0.0202816
37490,LOX,0,3,1,3,4.319e-05,0.00210756,0.0204929
37500,LOX,60,6,4,3,0.000552563,0.00416449,0.132684
37510,LOX,6,3,0,0,4.433e-05,0.00115468,0.0383917
37520,LOX,13,3,0,0,4.365e-05,0.00133921,0.0325939
37530,LOX,12,3,0,0,4.453e-05,0.00140305,0.031738
37540,LOX,0,3,0,0,4.373e-05,0.00106781,0.0409531
37550,LOX,34,3,0,0,0.000553573,0.00156007,0.354839
37560,LOX,0,3,0,0,4.43e-05,0.00106755,0.0414967
37570,LOX,0,3,0,0,4.3831e-05,0.00105562,0.0415214
37580,LOX,0,3,0,0,4.4011e-05,0.00104783,0.0420022
37590,LOX,16,4,0,0,4.43e-05,0.0015097,0.0293436
37600,LOX,21,3,0,0,0.000549833,0.0014048,0.391396
37610,LOX,22,3,4,3,0.000555743,0.00264743,0.209918
37620,LOX,1,3,1,3,4.365e-05,0.00212026,0.0205871
37630,LOX,5,3,3,3,4.391e-05,0.00227858,0.0192708
37640,LOX,16,4,5,3,5.387e-05,0.00302918,0.0177837
37650,LOX,1,3,0,0,4.3381e-05,0.00112078,0.0387062
37660,LOX,26,3,0,0,0.000567123,0.00156716,0.36188
37670,LOX,30,3,0,0,0.000548453,0.00188632,0.290753
37680,LOX,0,3,0,0,4.364e-05,0.00106963,0.0407993
37690,LOX,1,3,0,0,4.579e-05,0.00107459,0.0426118
37700,LOX,0,3,0,0,4.371e-05,0.00107511,0.0406561
37710,LOX,9,3,0,0,4.4631e-05,0.00124029,0.0359844
37720,LOX,16,3,0,0,0.000547923,0.0013047,0.419962
37730,LOX,9,3,0,0,0.000552203,0.00135092,0.408762
37740,LOX,1,3,0,0,4.383e-05,0.00110444,0.0396854
37750,LOX,14,3,0,0,4.3111e-05,0.00151523,0.0284518
37760,LOX,9,3,0,0,4.4511e-05,0.00120975,0.0367937
37770,LOX,1,3,0,0,4.4281e-05,0.00107515,0.0411857
37780,LOX,14,3,0,0,0.000542183,0.00118728,0.456661
37790,LOX,9,3,0,0,4.243e-05,0.0011139,0.0380915
37800,LOX,2,3,0,0,4.455e-05,0.0011046,0.0403315
37810,LOX,9,3,0,0,4.518e-05,0.00129381,0.0349202
37820,LOX,6,3,0,0,4.475e-05,0.00125285,0.0357186
37830,LOX,33,3,0,0,0.000554493,0.00150876,0.367516
37840,LOX,38,3,2,3,0.000548043,0.00314317,0.17436
37850,LOX,3,3,0,0,4.439e-05,0.00117252,0.0378588
37860,LOX,10,3,0,0,0.000545783,0.00117437,0.464747
37870,LOX,29,3,0,0,0.000545153,0.00142325,0.383034
37880,LOX,3,3,0,0,4.48e-05,0.00115786,0.0386922
37890,LOX,8,3,0,0,4.3401e-05,0.00126153,0.0344036
37900,LOX,50,4,0,0,0.000548033,0.00199384,0.274863
37910,LOX,4,3,0,0,5.016e-05,0.00118523,0.042321
37920,LOX,1,3,0,0,4.549e-05,0.00109218,0.0416508
37930,LOX,43,3,0,0,0.000538823,0.00154663,0.348386
37940,LOX,10,3,12,3,4.5761e-05,0.0025121,0.0182162
37950,LOX,0,3,0,0,5.088e-05,0.00108412,0.0469322
37960,LOX,31,3,0,0,0.000555933,0.00153229,0.362812
37970,LOX,0,3,0,0,4.292e-05,0.00103299,0.0415494
37980,LOX,0,3,0,0,5.0201e-05,0.00102291,0.0490764
37990,LOX,2,3,0,0,4.4641e-05,0.00112573,0.0396553
38000,LOX,46,4,0,0,0.000560823,0.00207579,0.270173
38010,LOX,4,3,1,3,4.5411e-05,0.0022316,0.0203491
38020,LOX,0,3,11,3,4.389e-05,0.00220279,0.0199247
38030,LOX,20,3,0,0,0.000553463,0.0012624,0.438422
38040,LOX,0,3,0,0,4.433e-05,0.00103968,0.0426383
38050,LOX,0,3,0,0,4.3951e-05,0.00108216,0.0406143
38060,LOX,1,3,9,3,4.99e-05,0.00217352,0.0229581
38070,LOX,0,3,7,3,4.34e-05,0.00229934,0.018875
38080,LOX,19,3,0,0,0.000557763,0.00133005,0.419356
38090,LOX,18,3,0,0,0.000544313,0.00129705,0.419656
38100,LOX,36,4,0,0,0.000566413,0.00190394,0.297495
38110,LOX,14,3,0,0,0.000548833,0.00118054,0.464902
38120,LOX,31,3,0,0,0.000559823,0.00143549,0.389988
38130,LOX,0,3,0,0,4.343e-05,0.00104355,0.0416178
38140,LOX,27,3,0,0,0.000546553,0.00148014,0.369258
38150,LOX,2,3,0,0,4.289e-05,0.00125775,0.0341007
38160,LOX,1,3,0,0,4.39e-05,0.00108735,0.0403735
38170,LOX,23,3,0,0,0.000565633,0.00155907,0.362802
38180,LOX,14,3,0,0,0.000538813,0.00120977,0.445386
38190,LOX,18,3,0,0,0.000549693,0.00152601,0.360216
38200,LOX,2,3,0,0,4.997e-05,0.00116399,0.0429301
38210,LOX,30,3,0,0,0.000544703,0.00163223,0.333717
38220,LOX,0,3,0,0,4.39e-05,0.00104692,0.0419327
38230,LOX,15,3,10,3,0.000548932,0.00243042,0.225859
38240,LOX,41,3,1,3,0.000553013,0.00282779,0.195564
38250,LOX,0,3,8,3,4.3631e-05,0.00235026,0.0185643
38260,LOX,3,3,1,3,4.349e-05,0.0022135,0.0196476
38270,LOX,25,3,4,3,0.000550413,0.00253183,0.217397
38280,LOX,14,3,0,0,0.000537402,0.00122562,0.438475
38290,LOX,8,3,0,0,0.000563903,0.0012753,0.442174
38300,LOX,9,3,0,0,0.000546913,0.00137117,0.398867
38310,LOX,24,4,0,0,0.000577963,0.00174772,0.330696
38320,LOX,11,3,0,0,0.000545323,0.00128033,0.425925
38330,LOX,16,4,0,0,0.000548633,0.00168753,0.32511
38340,LOX,19,3,0,0,0.000530563,0.00150502,0.352529
38350,LOX,1,3,0,0,5.216e-05,0.001084,0.0481183
38360,LOX,4,3,0,0,4.3541e-05,0.00107014,0.0406874
38370,LOX,0,3,8,3,4.2751e-05,0.00235491,0.018154
38380,LOX,0,3,0,0,4.388e-05,0.0010363,0.0423427
38390,LOX,0,3,0,0,4.429e-05,0.00104178,0.0425136
38400,LOX,1,3,0,0,4.408e-05,0.0010935,0.0403111
38410,LOX,0,3,10,3,4.226e-05,0.00227749,0.0185555
38420,LOX,16,3,7,3,0.000529703,0.00255577,0.207257
38430,LOX,26,4,0,0,0.000563283,0.00179654,0.313538
38440,LOX,0,3,3,3,4.2391e-05,0.00211568,0.0200366
38450,LOX,14,3,0,0,0.000562093,0.00127956,0.439287
38460,LOX,9,3,0,0,4.5721e-05,0.00116834,0.0391334
38470,LOX,0,3,2,3,4.316e-05,0.00213525,0.0202131
38480,LOX,0,3,0,0,4.514e-05,0.00105223,0.0428995
38490,LOX,0,3,3,3,4.521e-05,0.00214774,0.02105
38500,LOX,3,3,3,3,4.539e-05,0.00222488,0.0204011
38510,LOX,2,3,0,0,4.407e-05,0.00106637,0.0413273
38520,LOX,1,3,0,0,4.3821e-05,0.00110393,0.0396953
38530,LOX,0,3,0,0,4.548e-05,0.00105145,0.0432548
38540,LOX,2,3,0,0,4.4101e-05,0.00109066,0.0404353
38550,LOX,1,3,0,0,4.267e-05,0.00108395,0.0393654
38560,LOX,3,3,0,0,5.138e-05,0.00114109,0.0450273
38570,LOX,1,3,0,0,4.3621e-05,0.00105883,0.0411976
38580,LOX,3,3,0,0,4.9201e-05,0.0010961,0.0448875
38590,LOX,0,3,0,0,4.379e-05,0.00105032,0.0416922
38600,LOX,4,3,0,0,4.47e-05,0.00114809,0.0389344
38610,LOX,24,3,0,0,0.000548203,0.00130393,0.420425
38620,LOX,2,3,2,3,4.303e-05,0.00214924,0.020021
38630,LOX,0,3,9,3,4.3e-05,0.00220324,0.0195167
38640,LOX,19,3,6,3,0.000533743,0.00239068,0.22326
38650,LOX,1,3,1,3,4.4331e-05,0.00224853,0.0197155
38660,LOX,1,3,8,3,4.4e-05,0.00221348,0.0198782
38670,LOX,1,3,0,0,4.552e-05,0.00111152,0.0409531
38680,LOX,0,3,6,3,4.413e-05,0.00215204,0.0205061
38690,LOX,3,3,0,0,4.372e-05,0.00116409,0.0375574
38700,LOX,9,3,0,0,0.000544783,0.00122401,0.445082
38710,LOX,1,3,0,0,5.084e-05,0.00106753,0.0476241
38720,LOX,1,3,0,0,4.501e-05,0.00107017,0.0420589
38730,LOX,5,3,0,0,4.4111e-05,0.00112891,0.0390741
38740,LOX,20,3,0,0,0.000561643,0.00147537,0.38068
38750,LOX,2,3,0,0,4.394e-05,0.00112687,0.0389931
38760,LOX,1,3,0,0,4.318e-05,0.00105986,0.040741
38770,LOX,0,3,0,0,4.289e-05,0.00121534,0.0352907
38780,LOX,33,3,0,0,0.000555373,0.0015953,0.348131
38790,LOX,9,3,0,0,4.517e-05,0.00114364,0.0394968
38800,LOX,86,4,0,0,0.000546273,0.00261724,0.208721
38810,LOX,0,3,0,0,4.4791e-05,0.00103553,0.043254
38820,LOX,14,3,0,0,0.000556583,0.0014266,0.390147
38830,LOX,1,3,0,0,4.456e-05,0.00108842,0.0409402
38840,LOX,5,3,0,0,4.4521e-05,0.00122951,0.0362105
38850,LOX,17,4,0,0,0.000540023,0.00162001,0.333346
38860,LOX,26,4,0,0,0.000555852,0.0016537,0.336126
38870,LOX,3,3,0,0,4.407e-05,0.00111005,0.0397011
38880,LOX,11,3,0,0,0.000539623,0.00126095,0.427951
38890,LOX,15,3,0,0,0.000542562,0.00143765,0.377396
38900,LOX,13,3,0,0,0.000521782,0.00122242,0.426845
38910,LOX,6,3,0,0,4.45e-05,0.0011524,0.0386152
38920,LOX,18,3,6,3,0.000551533,0.00280105,0.196903
38930,LOX,1,3,0,0,4.355e-05,0.00104824,0.041546
38940,LOX,8,3,1,3,0.000550313,0.00221373,0.248591
38950,LOX,21,3,0,0,0.000545943,0.00145072,0.376326
38960,LOX,3,3,2,3,4.282e-05,0.00220175,0.0194482
38970,LOX,34,3,0,0,0.000557873,0.00163632,0.340932
38980,LOX,15,3,4,3,0.000549523,0.00245301,0.22402
38990,LOX,7,3,0,0,4.427e-05,0.00118019,0.037511
39000,LOX,0,3,0,0,4.398e-05,0.00105417,0.0417202
39010,LOX,8,3,0,0,0.000548233,0.00118789,0.46152
39020,LOX,1,3,0,0,4.383e-05,0.00107037,0.0409486
39030,LOX,12,3,0,0,0.000553013,0.00128183,0.431426
39040,LOX,4,3,0,0,4.3141e-05,0.00115465,0.037363
39050,LOX,1,3,0,0,4.474e-05,0.00110141,0.0406205
39060,LOX,35,3,0,0,0.000561503,0.00188931,0.2972
39070,LOX,1,3,0,0,4.28e-05,0.0010816,0.0395712
39080,LOX,1,3,0,0,4.2571e-05,0.00107602,0.0395636
39090,LOX,0,3,0,0,4.42e-05,0.0010647,0.0415142
39100,LOX,28,3,0,0,0.000538853,0.00150022,0.359183
39110,LOX,7,3,0,0,0.000543923,0.00117574,0.462623
39120,LOX,11,3,8,3,4.533e-05,0.00237921,0.0190525
39130,LOX,1,3,1,3,4.342e-05,0.00215178,0.0201786
39140,LOX,7,3,0,0,0.000549542,0.00142884,0.384608
39150,LOX,2,3,1,3,4.44e-05,0.00216209,0.0205357
39160,LOX,2,3,1,3,4.37e-05,0.00211272,0.0206842
39170,LOX,20,3,0,0,0.000549723,0.00130612,0.420883
39180,LOX,7,3,21,4,0.000546643,0.0029771,0.183616
39190,LOX,22,3,8,3,0.000551573,0.00257611,0.214111
39200,LOX,13,3,0,0,0.000546023,0.0013992,0.39024
39210,LOX,39,3,0,0,0.000548742,0.00195745,0.280335
39220,LOX,6,3,0,0,0.000542713,0.00120952,0.448703
39230,LOX,0,3,0,0,4.432e-05,0.00105185,0.0421354
39240,LOX,1,3,0,0,4.369e-05,0.00110573,0.0395125
39250,LOX,0,3,0,0,4.475e-05,0.00106221,0.0421293
39260,LOX,8,3,0,0,0.000551833,0.00120037,0.459721
39270,LOX,1,3,0,0,4.431e-05,0.00104944,0.0422223
39280,LOX,6,3,0,0,4.684e-05,0.00126741,0.0369573
39290,LOX,17,3,0,0,0.000565363,0.00126337,0.447505
39300,LOX,0,3,0,0,4.3261e-05,0.00104633,0.0413457
39310,LOX,0,3,2,3,4.42e-05,0.00211535,0.0208949
39320,LOX,1,3,0,0,4.417e-05,0.00109601,0.0403009
39330,LOX,19,3,2,3,0.000554443,0.0023851,0.232461
39340,LOX,14,3,9,3,0.000539593,0.00239288,0.225499
39350,LOX,0,3,8,3,4.44e-05,0.00226435,0.0196083
39360,LOX,12,3,0,0,0.000552383,0.00132361,0.417332
39370,LOX,28,5,2,3,4.455e-05,0.00324624,0.0137236
39380,LOX,4,3,0,0,4.291e-05,0.00119686,0.0358523
39390,LOX,1,3,3,3,4.44e-05,0.00215378,0.0206149
39400,LOX,1,3,0,0,4.3211e-05,0.00107634,0.0401464
39410,LOX,2,3,0,0,4.4521e-05,0.00111352,0.039982
39420,LOX,1,3,0,0,4.5621e-05,0.00108372,0.0420969
39430,LOX,3,3,0,0,4.4441e-05,0.00113408,0.039187
39440,LOX,27,4,0,0,0.000532153,0.00164243,0.324004
39450,LOX,4,3,0,0,4.342e-05,0.00121218,0.0358199
39460,LOX,15,3,0,0,0.000553153,0.00146747,0.376944
39470,LOX,1,3,0,0,4.412e-05,0.00107907,0.0408872
39480,LOX,29,3,0,0,0.000565903,0.0016914,0.334577
39490,LOX,1,3,0,0,4.636e-05,0.00107355,0.043184
39500,LOX,0,3,0,0,4.395e-05,0.00105293,0.0417408
39510,LOX,2,3,0,0,4.389e-05,0.00113977,0.0385079
39520,LOX,0,3,0,0,4.3541e-05,0.00105806,0.0411515
39530,LOX,4,3,10,3,4.421e-05,0.00262036,0.0168717
39540,LOX,1,3,7,3,4.395e-05,0.00223081,0.0197013
39550,LOX,14,3,0,0,4.471e-05,0.00126831,0.0352517
39560,LOX,0,3,0,0,4.368e-05,0.00106781,0.0409063
39570,LOX,0,3,0,0,4.415e-05,0.00104612,0.0422038
39580,LOX,52,5,0,0,0.000541453,0.00259587,0.208582
39590,LOX,1,3,1,3,4.551e-05,0.0021204,0.0214629
39600,LOX,30,3,1,3,0.000551853,0.0026752,0.206285
39610,LOX,76,5,0,0,0.000575863,0.00301662,0.190897
39620,LOX,17,3,0,0,4.409e-05,0.00158616,0.0277967
39630,LOX,3,3,0,0,4.442e-05,0.0011115,0.0399642
39640,LOX,25,3,0,0,0.000566263,0.00149909,0.377738
39650,LOX,1,3,0,0,4.465e-05,0.00109982,0.0405977
39660,LOX,0,3,0,0,4.447e-05,0.0010572,0.0420641
39670,LOX,0,3,0,0,4.254e-05,0.00106457,0.0399599
39680,LOX,2,3,0,0,4.5361e-05,0.00111695,0.0406117
39690,LOX,1,3,0,0,4.449e-05,0.00107023,0.0415707
39700,LOX,0,3,0,0,4.545e-05,0.00107802,0.0421608
39710,LOX,2,3,0,0,4.327e-05,0.00107939,0.0400876
39720,LOX,34,3,0,0,0.000547122,0.0017323,0.315836
39730,LOX,0,3,0,0,4.3891e-05,0.0010524,0.0417054
39740,LOX,1,3,0,0,4.5171e-05,0.0010647,0.0424258
39750,LOX,1,3,2,3,5.088e-05,0.00218262,0.0233114
39760,LOX,1,3,7,3,4.45e-05,0.00226429,0.0196529
39770,LOX,8,3,0,0,0.000547433,0.00120628,0.45382
39780,LOX,5,3,2,3,0.000544903,0.00218395,0.249503
39790,LOX,1,3,0,0,4.375e-05,0.00104689,0.0417906
39800,LOX,32,3,7,3,0.000560603,0.00275293,0.203639
39810,LOX,13,3,0,0,0.000543473,0.00119811,0.45361
39820,LOX,20,3,0,0,4.612e-05,0.00163178,0.0282636
39830,LOX,34,4,0,0,0.000550783,0.00201644,0.273146
39840,LOX,0,3,0,0,4.551e-05,0.00106526,0.0427221
39850,LOX,38,4,0,0,0.000560463,0.00205615,0.272579
39860,LOX,40,3,0,0,0.000562503,0.00164196,0.34258
39870,LOX,9,3,0,0,4.283e-05,0.00126557,0.0338425
39880,LOX,37,3,0,0,0.000557193,0.00177796,0.313389
39890,LOX,7,4,0,0,4.4181e-05,0.00149258,0.0296005
39900,LOX,12,3,0,0,0.000557003,0.00111897,0.49778
39910,LOX,36,4,0,0,0.000553023,0.00206617,0.267656
39920,LOX,10,3,0,0,0.000545543,0.0012214,0.446655
39930,LOX,1,3,1,3,4.392e-05,0.00212084,0.0207088
39940,LOX,0,3,0,0,4.29e-05,0.0010321,0.0415659
39950,LOX,11,3,0,0,4.409e-05,0.00149824,0.0294279
39960,LOX,2,3,11,3,4.4991e-05,0.00246438,0.0182565
39970,LOX,0,3,7,3,4.3751e-05,0.00220334,0.0198567
39980,LOX,3,3,4,3,4.504e-05,0.00223738,0.0201307
39990,LOX,13,3,9,3,0.000566543,0.00283773,0.199647
40000,LOX,1,3,1,3,4.365e-05,0.00217913,0.0200309
40010,LOX,17,3,0,0,4.41e-05,0.00161557,0.0272969
40020,LOX,9,3,0,0,0.000551803,0.00122308,0.45116
40030,LOX,1,3,0,0,4.4651e-05,0.00109146,0.0409096
40040,LOX,0,3,0,0,4.262e-05,0.0010565,0.0403409
40050,LOX,16,3,0,0,0.000543433,0.0014746,0.36853
40060,LOX,26,3,0,0,0.000543533,0.00134249,0.40487
40070,LOX,3,3,0,0,4.474e-05,0.00112184,0.0398811
40080,LOX,4,3,0,0,4.5401e-05,0.00111867,0.040585
40090,LOX,36,3,0,0,0.000565213,0.00181123,0.31206
40100,LOX,9,3,0,0,4.433e-05,0.00119805,0.0370019
40110,LOX,2,3,0,0,4.433e-05,0.00114881,0.0385879
40120,LOX,0,3,0,0,4.569e-05,0.00106059,0.04308
40130,LOX,2,3,0,0,4.4851e-05,0.00121325,0.0369678
40140,LOX,1,3,0,0,4.489e-05,0.00107432,0.0417847
40150,LOX,24,3,0,0,0.000567383,0.00138164,0.41066
40160,LOX,1,3,8,3,4.355e-05,0.00225829,0.0192845
40170,LOX,22,3,5,3,5.063e-05,0.00272677,0.0185677
40180,LOX,24,3,0,0,0.000529363,0.00134722,0.392931
40190,LOX,47,3,0,0,0.000551293,0.0019999,0.27566
40200,LOX,10,3,0,0,0.000536823,0.00131664,0.407723
40210,LOX,1,3,0,0,4.4621e-05,0.0010708,0.0416705
40220,LOX,3,3,0,0,4.497e-05,0.00106294,0.0423073
40230,LOX,1,3,0,0,4.332e-05,0.00109683,0.0394958
40240,LOX,5,3,5,3,0.000553052,0.0022315,0.247838
40250,LOX,34,3,0,0,0.000554013,0.00150557,0.367976
40260,LOX,8,3,0,0,4.312e-05,0.00130749,0.0329793
40270,LOX,1,3,0,0,4.3841e-05,0.00107478,0.0407909
40280,LOX,0,3,0,0,4.209e-05,0.00105339,0.0399569
40290,LOX,7,3,0,0,4.354e-05,0.00122785,0.0354604
40300,LOX,1,3,0,0,4.3921e-05,0.00112172,0.0391552
40310,LOX,17,3,11,3,0.000542083,0.00249752,0.217048
40320,LOX,1,3,5,3,4.446e-05,0.00233,0.0190815
40330,LOX,11,3,2,3,0.000551953,0.00247771,0.222767
40340,LOX,34,3,2,3,0.000553793,0.00250475,0.221097
40350,LOX,32,3,0,0,0.000561603,0.00177914,0.31566
40360,LOX,16,3,0,0,0.000539303,0.00144432,0.373396
40370,LOX,0,3,0,0,4.455e-05,0.00105387,0.0422729
40380,LOX,3,3,9,3,4.655e-05,0.002333,0.0199528
40390,LOX,1,3,0,0,4.34e-05,0.00109501,0.0396342
40400,LOX,13,3,0,0,0.000552913,0.00120759,0.457866
40410,LOX,1,3,0,0,4.335e-05,0.00106011,0.0408918
40420,LOX,40,5,0,0,0.000540272,0.0023719,0.22778
40430,LOX,35,3,0,0,0.000561243,0.00165243,0.339647
40440,LOX,1,3,0,0,4.379e-05,0.00106608,0.0410759
40450,LOX,4,3,0,0,4.366e-05,0.00112707,0.0387377
40460,LOX,29,3,0,0,0.000556213,0.00134461,0.413662
40470,LOX,12,3,0,0,0.000576763,0.00115624,0.498828
40480,LOX,11,3,0,0,0.000532953,0.00115122,0.462948
40490,LOX,13,3,0,0,0.000553393,0.00128758,0.429794
40500,LOX,0,3,0,0,4.2901e-05,0.00107556,0.0398873
40510,LOX,3,3,0,0,4.427e-05,0.00112356,0.0394017
40520,LOX,19,3,0,0,0.000555313,0.00162053,0.342674
40530,LOX,1,3,0,0,4.507e-05,0.0140912,0.00319844
40540,LOX,6,3,0,0,4.533e-05,0.00117897,0.0384489
40550,LOX,13,4,0,0,4.473e-05,0.00160416,0.0278838
40560,LOX,37,3,0,0,0.000559093,0.00159966,0.349508
40570,LOX,9,3,0,0,4.496e-05,0.00127176,0.0353527
40580,LOX,1,3,8,3,4.317e-05,0.00240151,0.0179762
40590,LOX,2,3,0,0,4.4121e-05,0.00112232,0.0393121
40600,LOX,22,3,0,0,0.000541173,0.00142318,0.380257
40610,LOX,0,3,0,0,4.323e-05,0.00103657,0.041705
40620,LOX,1,3,0,0,4.442e-05,0.0010776,0.0412214
40630,LOX,0,3,6,3,4.426e-05,0.00228615,0.01936
40640,LOX,30,3,0,0,0.000545492,0.00178324,0.305899
40650,LOX,0,3,8,3,4.309e-05,0.00229108,0.0188077
40660,LOX,9,3,2,3,4.403e-05,0.00229615,0.0191756
40670,LOX,61,4,0,0,0.000541023,0.00208682,0.259257
40680,LOX,1,3,4,3,4.448e-05,0.00215533,0.0206372
40690,LOX,0,3,0,0,4.332e-05,0.00104601,0.0414147
40700,LOX,1,3,0,0,4.398e-05,0.00108806,0.0404207
40710,LOX,4,3,0,0,4.5331e-05,0.00122161,0.0371077
40720,LOX,8,3,0,0,4.457e-05,0.00127648,0.0349164
40730,LOX,30,3,0,0,0.000546573,0.00156922,0.348309
40740,LOX,1,3,0,0,4.458e-05,0.00104811,0.0425339
40750,LOX,10,3,0,0,0.000545593,0.00132973,0.410305
40760,LOX,0,3,0,0,4.39e-05,0.00105396,0.0416526
40770,LOX,8,3,0,0,4.397e-05,0.00120395,0.0365215
40780,LOX,24,3,0,0,0.000540582,0.00157972,0.342201
40790,LOX,1,3,0,0,4.4151e-05,0.00106433,0.0414826
40800,LOX,17,3,0,0,0.000560613,0.00144521,0.387912
40810,LOX,1,3,0,0,4.4641e-05,0.00105514,0.0423079
40820,LOX,36,3,6,3,0.000564533,0.00289478,0.195018
40830,LOX,1,3,0,0,4.444e-05,0.00103827,0.0428018
40840,LOX,2,3,0,0,4.6571e-05,0.00109886,0.0423813
40850,LOX,24,4,0,0,0.000544583,0.00152866,0.356249
40860,LOX,0,3,2,3,4.422e-05,0.00210289,0.0210282
40870,LOX,34,3,0,0,0.000560053,0.00168955,0.331481
40880,LOX,1,3,0,0,4.386e-05,0.0010575,0.0414753
40890,LOX,20,3,0,0,0.000537543,0.00148585,0.361775
40900,LOX,19,3,0,0,0.000552173,0.00164282,0.336113
40910,LOX,36,3,0,0,0.000541652,0.00155449,0.348444
40920,LOX,39,4,0,0,0.000544463,0.00226487,0.240395
40930,LOX,0,3,0,0,4.366e-05,0.00103477,0.0421931
40940,LOX,0,3,3,3,4.465e-05,0.00214728,0.0207937
40950,LOX,1,3,0,0,4.317e-05,0.00109402,0.0394601
40960,LOX,1,3,0,0,4.453e-05,0.00105883,0.042056
40970,LOX,0,3,0,0,4.431e-05,0.00101897,0.0434853
40980,LOX,14,3,0,0,0.000548843,0.00117599,0.466708
40990,LOX,10,3,0,0,0.000531143,0.00117937,0.450363
41000,LOX,0,3,0,0,4.5261e-05,0.00107404,0.042141
41010,LOX,32,4,1,3,0.000551763,0.00307816,0.179251
41020,LOX,27,3,0,0,0.000539123,0.00153389,0.351475
41030,LOX,1,3,0,0,4.398e-05,0.00109408,0.0401983
41040,LOX,31,5,0,0,0.000544163,0.00215528,0.252479
41050,LOX,45,4,2,3,0.000536973,0.00327332,0.164046
41060,LOX,0,3,0,0,4.4071e-05,0.00104538,0.0421581
41070,LOX,29,3,10,3,0.000559113,0.00261377,0.213911
41080,LOX,5,3,8,3,4.587e-05,0.00246348,0.01862
41090,LOX,21,3,6,3,0.000531303,0.00240779,0.22066
41100,LOX,3,3,0,0,4.4351e-05,0.00120864,0.0366951
41110,LOX,1,3,0,0,4.298e-05,0.00107969,0.0398079
41120,LOX,5,3,0,0,0.000556152,0.0011367,0.489271
41130,LOX,2,3,0,0,4.404e-05,0.00112383,0.0391876
41140,LOX,1,3,0,0,4.605e-05,0.00108209,0.0425567
41150,LOX,3,3,0,0,4.516e-05,0.00118878,0.0379887
41160,LOX,13,3,0,0,4.513e-05,0.00139935,0.0322508
41170,LOX,41,3,0,0,0.000550932,0.00161451,0.341238
41180,LOX,1,3,0,0,4.472e-05,0.00105397,0.0424303
41190,LOX,0,3,0,0,4.2691e-05,0.00105407,0.0405013
41200,LOX,0,3,0,0,4.2941e-05,0.00106945,0.0401526
41210,LOX,1,3,6,3,4.442e-05,0.00231208,0.0192121
41220,LOX,2,3,7,3,4.4361e-05,0.00228694,0.0193975
41230,LOX,1,3,4,3,4.882e-05,0.00221073,0.0220832
41240,LOX,12,3,1,3,0.000558713,0.0022523,0.248063
41250,LOX,8,3,7,3,4.342e-05,0.00265263,0.0163686
41260,LOX,0,3,0,0,4.297e-05,0.00106837,0.0402203
41270,LOX,13,3,0,0,4.46e-05,0.00134068,0.0332668
41280,LOX,2,3,0,0,0.000533593,0.00110691,0.482058
41290,LOX,6,3,0,0,4.423e-05,0.00117842,0.0375334
41300,LOX,4,3,2,3,4.442e-05,0.00220527,0.0201426
41310,LOX,39,3,0,0,0.000547363,0.00187883,0.291332
41320,LOX,14,3,0,0,4.4481e-05,0.00131709,0.0337723
41330,LOX,51,3,0,0,0.000545013,0.00178369,0.305554
41340,LOX,4,3,0,0,4.43e-05,0.00123136,0.0359766
41350,LOX,3,3,0,0,4.481e-05,0.00112977,0.0396631
41360,LOX,0,3,0,0,4.424e-05,0.00102786,0.043041
41370,LOX,1,3,0,0,4.478e-05,0.00104196,0.0429765
41380,LOX,0,3,0,0,4.317e-05,0.0010568,0.0408499
41390,LOX,20,3,0,0,0.000548163,0.00138174,0.39672
41400,LOX,1,3,0,0,4.3361e-05,0.00111478,0.0388966
41410,LOX,38,3,6,3,0.000543183,0.00264218,0.205581
41420,LOX,1,3,0,0,4.398e-05,0.00103647,0.0424327
41430,LOX,14,3,10,3,4.497e-05,0.00261416,0.0172024
41440,LOX,25,4,0,0,0.000534503,0.00186131,0.287165
41450,LOX,1,3,0,0,4.413e-05,0.00110425,0.0399639
41460,LOX,7,3,4,3,4.417e-05,0.00240229,0.0183866
41470,LOX,65,7,11,3,0.000547603,0.00447161,0.122462
41480,LOX,0,3,0,0,4.438e-05,0.00102662,0.0432294
41490,LOX,31,3,0,0,0.000546013,0.00163497,0.333959
41500,LOX,0,3,0,0,4.559e-05,0.00107009,0.0426041
41510,LOX,0,3,0,0,4.364e-05,0.00107169,0.0407209
41520,LOX,4,3,0,0,4.2461e-05,0.00114053,0.0372293
41530,LOX,1,3,0,0,4.517e-05,0.00108091,0.041789
41540,LOX,36,4,0,0,0.000564123,0.00195495,0.288561
41550,LOX,12,3,0,0,0.000550413,0.00124221,0.443093
41560,LOX,0,3,0,0,4.3931e-05,0.00103918,0.0422749
41570,LOX,5,3,0,0,4.481e-05,0.00125589,0.03568
41580,LOX,1,3,0,0,4.366e-05,0.00106612,0.0409524
41590,LOX,1,3,0,0,4.362e-05,0.00107458,0.0405928
41600,LOX,29,3,0,0,0.000546042,0.00166957,0.327056
41610,LOX,2,3,0,0,0.000536963,0.00107394,0.499991
41620,LOX,15,3,0,0,4.516e-05,0.00143532,0.0314634
41630,LOX,1,3,0,0,5.0601e-05,0.00109939,0.0460262
41640,LOX,1,3,1,3,4.419e-05,0.00213506,0.0206973
41650,LOX,0,3,2,3,4.287e-05,0.0021009,0.0204055
41660,LOX,2,3,0,0,4.565e-05,0.00110602,0.0412743
41670,LOX,1,3,2,3,4.364e-05,0.00214962,0.0203012
41680,LOX,1,3,3,3,4.4371e-05,0.0021319,0.0208129
41690,LOX,4,3,1,3,4.346e-05,0.0021781,0.0199532
41700,LOX,21,3,0,0,0.000542913,0.00140418,0.386641
41710,LOX,5,3,0,0,0.000548753,0.00110838,0.495096
41720,LOX,0,3,0,0,4.319e-05,0.00105185,0.0410611
41730,LOX,1,3,0,0,4.3921e-05,0.00108602,0.0404424
41740,LOX,1,3,0,0,4.452e-05,0.00107498,0.0414149
41750,LOX,0,3,0,0,4.521e-05,0.0010535,0.0429143
41760,LOX,6,3,0,0,4.432e-05,0.00110353,0.0401622
41770,LOX,4,3,0,0,4.353e-05,0.00115688,0.0376272
41780,LOX,4,3,0,0,4.416e-05,0.00112576,0.039227
41790,LOX,0,3,0,0,4.392e-05,0.00105901,0.0414729
41800,LOX,20,4,0,0,0.000558843,0.00174395,0.320447
41810,LOX,2,3,4,3,4.38e-05,0.00235708,0.0185823
41820,LOX,0,3,9,3,4.355e-05,0.00217452,0.0200274
41830,LOX,14,3,0,0,4.504e-05,0.00128232,0.0351239
41840,LOX,1,3,2,3,4.395e-05,0.00215272,0.020416
41850,LOX,2,3,0,0,4.392e-05,0.00108299,0.0405546
41860,LOX,0,3,2,3,4.332e-05,0.00215971,0.0200582
41870,LOX,2,3,2,3,4.395e-05,0.00225003,0.0195331
41880,LOX,6,3,1,3,4.402e-05,0.00238102,0.0184879
41890,LOX,1,3,2,3,4.583e-05,0.00215139,0.0213025
41900,LOX,18,3,0,0,0.000548893,0.00141703,0.387355
41910,LOX,0,3,0,0,4.5601e-05,0.00107375,0.0424691
41920,LOX,4,3,0,0,4.414e-05,0.00135052,0.0326838
41930,LOX,1,3,0,0,4.453e-05,0.0010513,0.0423569
41940,LOX,21,3,0,0,0.000548883,0.00132732,0.413528
41950,LOX,23,3,0,0,0.000551323,0.00144065,0.382691
41960,LOX,0,3,0,0,4.539e-05,0.00105619,0.0429754
41970,LOX,6,3,0,0,4.414e-05,0.00137466,0.0321098
41980,LOX,0,3,0,0,4.314e-05,0.0010409,0.0414451
41990,LOX,4,3,0,0,4.388e-05,0.00108544,0.0404262
42000,LOX,36,3,0,0,0.000536353,0.00180494,0.297159
42010,LOX,1,3,2,3,4.385e-05,0.00215918,0.0203086
42020,LOX,21,3,0,0,4.417e-05,0.00149263,0.0295921
42030,LOX,1,3,0,0,4.537e-05,0.00106903,0.0424405
42040,LOX,1,3,0,0,4.327e-05,0.00105722,0.0409283
42050,LOX,0,3,3,3,4.392e-05,0.0021771,0.0201736
42060,LOX,1,3,0,0,4.329e-05,0.00106353,0.0407043
42070,LOX,0,3,0,0,4.7931e-05,0.00107734,0.0444899
42080,LOX,8,3,3,3,4.4551e-05,0.00241696,0.0184326
42090,LOX,1,3,0,0,4.441e-05,0.00109107,0.040703
42100,LOX,5,3,8,3,4.389e-05,0.00232699,0.0188613
42110,LOX,39,3,0,0,0.000550893,0.00202994,0.271384
42120,LOX,32,3,5,3,0.000565044,0.00280381,0.201527
42130,LOX,1,3,0,0,4.346e-05,0.00106958,0.0406329
42140,LOX,1,3,0,0,4.4241e-05,0.00104259,0.0424335
42150,LOX,3,3,0,0,4.366e-05,0.00118925,0.0367123
42160,LOX,4,3,0,0,4.472e-05,0.00116815,0.0382829
42170,LOX,31,3,0,0,0.000542793,0.00140358,0.386721
42180,LOX,1,3,0,0,4.345e-05,0.00111587,0.0389384
42190,LOX,21,3,0,0,0.000564423,0.00127913,0.441256
42200,LOX,0,3,0,0,4.383e-05,0.00107062,0.0409391
42210,LOX,13,3,0,0,0.000550833,0.00132197,0.416677
42220,LOX,0,3,0,0,4.33e-05,0.00106364,0.0407094
42230,LOX,1,3,0,0,4.446e-05,0.00108599,0.0409398
42240,LOX,13,3,0,0,4.517e-05,0.00117985,0.0382847
42250,LOX,1,3,0,0,4.477e-05,0.00108957,0.0410898
42260,LOX,61,5,0,0,0.000574153,0.00243977,0.235331
42270,LOX,14,4,0,0,0.000541523,0.00169169,0.320108
42280,LOX,1,3,0,0,4.493e-05,0.00108993,0.041223
42290,LOX,8,3,0,0,0.000543283,0.00120572,0.45059
42300,LOX,0,3,0,0,4.4751e-05,0.00108582,0.0412142
42310,LOX,16,3,0,0,4.327e-05,0.00125728,0.0344157
42320,LOX,0,3,8,3,4.414e-05,0.00219808,0.0200811
42330,LOX,52,4,0,0,0.000560963,0.00214054,0.262066
42340,LOX,0,3,1,3,4.349e-05,0.00207778,0.020931
42350,LOX,31,3,12,3,0.000569683,0.0031517,0.180754
42360,LOX,37,3,1,3,0.000555833,0.00254586,0.218328
42370,LOX,26,3,6,3,0.000549363,0.00247618,0.221859
42380,LOX,3,3,9,3,4.959e-05,0.00231824,0.0213912
42390,LOX,0,3,0,0,4.375e-05,0.00102783,0.0425656
42400,LOX,36,4,0,0,0.000574083,0.00178115,0.32231
42410,LOX,22,3,0,0,0.000554073,0.00164083,0.337679
42420,LOX,21,3,0,0,0.000558043,0.00156449,0.356694
42430,LOX,1,3,0,0,4.34e-05,0.00104486,0.0415368
42440,LOX,30,4,0,0,0.000547563,0.0016204,0.337919
42450,LOX,14,3,0,0,0.000558293,0.00155769,0.358411
42460,LOX,48,4,0,0,0.000548993,0.00228623,0.24013
42470,LOX,5,3,0,0,4.4211e-05,0.00113918,0.0388096
42480,LOX,0,3,0,0,4.612e-05,0.00104716,0.0440431
42490,LOX,14,3,0,0,0.000561443,0.00125251,0.448255
42500,LOX,5,3,0,0,0.000568533,0.00120487,0.471864
42510,LOX,1,3,10,3,4.411e-05,0.00218343,0.0202021
42520,LOX,1,3,4,3,4.347e-05,0.00211782,0.0205258
42530,LOX,2,3,10,3,4.459e-05,0.00225397,0.0197829
42540,LOX,19,3,6,3,0.000539153,0.00241128,0.223596
42550,LOX,1,3,10,3,4.527e-05,0.00229892,0.0196918
42560,LOX,24,3,2,3,0.000537663,0.00257126,0.209105
42570,LOX,0,3,0,0,4.455e-05,0.00104422,0.0426636
42580,LOX,1,3,0,0,4.432e-05,0.00107303,0.0413038
42590,LOX,7,3,0,0,4.6571e-05,0.00125232,0.0371879
42600,LOX,3,3,1,3,4.6161e-05,0.00224248,0.0205848
42610,LOX,0,3,0,0,4.386e-05,0.00105444,0.0415957
42620,LOX,3,3,0,0,4.458e-05,0.00107242,0.0415697
42630,LOX,45,3,0,0,0.000573353,0.00188475,0.304206
42640,LOX,5,3,0,0,4.4e-05,0.00110464,0.0398321
42650,LOX,16,3,0,0,0.000550103,0.00117694,0.467403
42660,LOX,1,3,0,0,4.36e-05,0.00109086,0.0399686
42670,LOX,2,3,0,0,4.4191e-05,0.00107829,0.0409827
42680,LOX,23,3,0,0,0.000533813,0.00149983,0.355916
42690,LOX,0,3,0,0,4.459e-05,0.00106143,0.0420095
42700,LOX,0,3,0,0,4.4481e-05,0.00106766,0.0416623
42710,LOX,2,3,1,3,4.441e-05,0.0021267,0.0208821
42720,LOX,33,4,0,0,0.000549913,0.00168093,0.327149
42730,LOX,0,3,0,0,4.4191e-05,0.00104222,0.0424007
42740,LOX,51,3,0,0,0.000554682,0.00188762,0.293853
42750,LOX,31,3,3,3,0.000540623,0.00254234,0.212648
42760,LOX,0,3,0,0,4.218e-05,0.00105361,0.0400336
42770,LOX,1,3,0,0,5.016e-05,0.00107216,0.0467838
42780,LOX,26,3,0,0,4.386e-05,0.00202783,0.021629
42790,LOX,45,3,7,3,0.000590433,0.00294106,0.200755
42800,LOX,41,4,15,3,0.000577122,0.00357154,0.161589
42810,LOX,31,3,0,0,0.000587553,0.00160986,0.364972
42820,LOX,24,3,2,3,4.555e-05,0.00247125,0.018432
42830,LOX,66,4,0,0,0.000566382,0.00224429,0.252366
42840,LOX,83,3,3,3,0.000559932,0.00319225,0.175403
42850,LOX,26,3,4,3,0.000574042,0.00256154,0.2241
42860,LOX,1,3,0,0,4.306e-05,0.00109398,0.039361
42870,LOX,2,3,13,3,4.499e-05,0.00232621,0.0193405
42880,LOX,52,3,8,4,0.000561722,0.0032908,0.170694
42890,LOX,12,3,2,3,0.000579833,0.00233502,0.24832
42900,LOX,0,3,4,3,4.449e-05,0.00218043,0.0204043
42910,LOX,30,3,1,3,0.000572653,0.00266881,0.214572
42920,LOX,31,3,0,0,0.000568663,0.00148358,0.383306
42930,LOX,27,3,0,0,0.000557273,0.00136981,0.406826
42940,LOX,20,3,5,3,4.36e-05,0.00269479,0.0161794
42950,LOX,66,4,0,0,0.000570543,0.00234811,0.24298
42960,LOX,30,3,0,0,0.000594473,0.0017707,0.335728
42970,LOX,25,3,0,0,4.4391e-05,0.00171914,0.0258217
42980,LOX,58,3,0,0,0.000556592,0.00164969,0.337392
42990,LOX,36,6,0,0,0.000555262,0.00248629,0.223329
43000,LOX,40,5,0,0,0.000574113,0.00244481,0.234829
43010,LOX,8,3,0,0,4.4681e-05,0.00119666,0.0373382
43020,LOX,13,3,6,3,4.379e-05,0.00233688,0.0187387
43030,LOX,23,3,7,3,4.396e-05,0.00274357,0.0160229
43040,LOX,19,3,0,0,0.000577372,0.00141538,0.407928
43050,LOX,19,3,0,0,0.000565083,0.00129948,0.434855
43060,LOX,1,3,2,3,4.397e-05,0.00210437,0.0208946
43070,LOX,63,4,8,3,0.000553563,0.00346114,0.159937
43080,LOX,15,3,0,0,0.000566953,0.00138803,0.40846
43090,LOX,87,3,0,0,0.000577692,0.00191694,0.301362
43100,LOX,31,3,0,0,0.000569372,0.00171737,0.331538
43110,LOX,33,3,0,0,4.516e-05,0.00150175,0.0300717
43120,LOX,3,3,0,0,4.3541e-05,0.00116691,0.0373129
43130,LOX,8,3,0,0,4.425e-05,0.0011305,0.0391421
43140,LOX,18,3,0,0,0.000570432,0.00156167,0.365271
43150,LOX,20,3,0,0,4.5591e-05,0.00142501,0.0319935
43160,LOX,49,3,7,3,0.000545732,0.0031342,0.174122
43170,LOX,9,3,0,0,0.000545613,0.00128379,0.425
43180,LOX,13,3,0,0,4.5901e-05,0.00138682,0.0330981
43190,LOX,15,3,7,3,4.477e-05,0.00250139,0.017898
43200,LOX,19,3,0,0,0.000560013,0.00133252,0.420267
43210,LOX,37,3,0,0,0.000538122,0.00162956,0.330226
43220,LOX,56,5,0,0,0.000557592,0.00203857,0.273521
43230,LOX,21,3,0,0,0.000536852,0.00170054,0.315695
43240,LOX,43,3,0,0,0.000552433,0.0015702,0.351824
43250,LOX,9,3,11,3,4.474e-05,0.00280294,0.0159618
43260,LOX,22,3,0,0,0.000542322,0.00165635,0.32742
43270,LOX,55,4,0,0,0.000569783,0.00204851,0.278145
43280,LOX,49,4,0,0,4.657e-05,0.00234719,0.0198407
43290,LOX,30,3,2,3,0.000563032,0.00262616,0.214393
43300,LOX,18,3,0,0,0.000565462,0.00127768,0.442571
43310,LOX,59,4,0,0,0.000557142,0.002405,0.23166
43320,LOX,12,3,4,3,0.000565143,0.00255728,0.220994
43330,LOX,20,3,6,3,0.000545152,0.00289059,0.188595
43340,LOX,54,4,1,3,0.000574713,0.00304101,0.188987
43350,LOX,5,3,9,3,4.555e-05,0.00240469,0.0189421
43360,LOX,22,3,0,0,4.538e-05,0.00143816,0.0315543
43370,LOX,30,3,0,0,5.005e-05,0.00134727,0.0371493
43380,LOX,1,3,1,3,4.628e-05,0.00213444,0.0216825
43390,LOX,32,3,0,0,0.000540922,0.00152968,0.353618
43400,LOX,71,4,0,0,0.000576952,0.00219968,0.262289
43410,LOX,15,3,0,0,4.4431e-05,0.00151969,0.029237
43420,LOX,30,3,1,3,0.000554962,0.00280593,0.197782
43430,LOX,24,3,0,0,0.000546652,0.001537,0.355662
43440,LOX,52,4,6,3,0.000580543,0.00328921,0.176499
43450,LOX,31,4,0,0,0.000532603,0.00230505,0.231059
43460,LOX,0,3,1,3,4.421e-05,0.00210154,0.021037
43470,LOX,10,3,0,0,4.426e-05,0.00129424,0.0341978
43480,LOX,22,3,2,3,0.000557572,0.00244983,0.227596
43490,LOX,1,3,0,0,4.572e-05,0.00106569,0.0429016
43500,LOX,9,3,0,0,4.503e-05,0.00119408,0.0377112
43510,LOX,26,4,0,0,0.000555833,0.0015824,0.35126
43520,LOX,0,3,0,0,4.447e-05,0.00104938,0.0423772
43530,LOX,9,3,0,0,4.492e-05,0.00112826,0.0398137
43540,LOX,7,3,0,0,0.000565562,0.0012111,0.466984
43550,LOX,29,3,0,0,0.000545752,0.00151038,0.361335
43560,LOX,1,3,0,0,4.461e-05,0.00105896,0.0421264
43570,LOX,51,4,0,0,0.000551122,0.00211153,0.261006
43580,LOX,40,4,0,0,0.000565682,0.00190506,0.296937
43590,LOX,48,4,5,3,0.000533422,0.00308751,0.172768
43600,LOX,7,3,0,0,4.8531e-05,0.00121255,0.0400238
43610,LOX,47,3,0,0,0.000551613,0.00181706,0.303575
43620,LOX,35,3,0,0,0.000565482,0.00166994,0.338625
43630,LOX,48,4,2,3,0.000581253,0.00325783,0.178417
43640,LOX,63,3,8,3,0.000560882,0.00337258,0.166306
43650,LOX,66,4,0,0,0.000560822,0.0026366,0.212706
43660,LOX,3,3,0,0,4.376e-05,0.00114346,0.03827
43670,LOX,30,3,0,0,0.000542653,0.00172289,0.314967
43680,LOX,2,3,0,0,4.391e-05,0.00108027,0.0406471
43690,LOX,9,3,2,3,0.000549232,0.00235577,0.233143
43700,LOX,12,3,0,0,0.000554703,0.00128165,0.432805
43710,LOX,36,3,0,0,0.000549953,0.00154219,0.356606
43720,LOX,52,3,0,0,0.000539623,0.00189638,0.284555
43730,LOX,3,3,0,0,4.5321e-05,0.00120973,0.0374639
43740,LOX,1,3,0,0,4.3911e-05,0.00107402,0.0408846
43750,LOX,15,3,0,0,0.000569882,0.00134075,0.425048
43760,LOX,19,3,0,0,0.000562212,0.00124908,0.450102
43770,LOX,1,3,0,0,4.492e-05,0.00106069,0.04235
43780,LOX,20,3,0,0,0.000547813,0.00154261,0.355122
43790,LOX,8,3,0,0,0.000556933,0.00114218,0.487607
43800,LOX,37,4,0,0,0.000551832,0.00199178,0.277055
43810,LOX,3,3,0,0,4.426e-05,0.00112116,0.0394768
43820,LOX,0,3,0,0,4.276e-05,0.00106248,0.0402457
43830,LOX,26,3,3,3,0.000564473,0.00278322,0.202813
43840,LOX,33,3,0,0,0.000543693,0.00145962,0.37249
43850,LOX,30,3,17,3,0.000560552,0.00329751,0.169993
43860,LOX,40,3,1,3,0.000551772,0.0026724,0.20647
43870,LOX,49,3,1,3,0.000576522,0.00320903,0.179656
43880,LOX,36,3,0,0,0.000559072,0.00174187,0.320961
43890,LOX,50,3,0,0,0.000537692,0.001776,0.302755
43900,LOX,13,3,8,3,4.5941e-05,0.00251115,0.0182948
43910,LOX,16,3,6,3,0.000549722,0.00280239,0.196162
43920,LOX,9,3,0,0,4.534e-05,0.00132101,0.0343223
43930,LOX,5,3,3,3,4.3591e-05,0.00228313,0.0190926
43940,LOX,6,3,7,3,4.34e-05,0.00235527,0.0184268
43950,LOX,1,3,7,3,4.352e-05,0.00230134,0.0189107
43960,LOX,2,3,0,0,4.3031e-05,0.00108349,0.039715
43970,LOX,43,3,2,3,0.000531072,0.00286905,0.185104
43980,LOX,0,3,11,3,4.4941e-05,0.0022487,0.0199853
43990,LOX,1,3,2,3,4.4271e-05,0.0021263,0.0208207
44000,LOX,9,3,7,3,4.434e-05,0.00252307,0.0175738
44010,LOX,0,3,0,0,4.489e-05,0.00103971,0.0431753
44020,LOX,17,3,0,0,0.000546202,0.00140755,0.388053
44030,LOX,7,3,0,0,4.274e-05,0.00164787,0.0259366
44040,LOX,60,3,0,0,0.000554872,0.00217075,0.255613
44050,LOX,23,3,0,0,0.000557633,0.00164664,0.33865
44060,LOX,6,3,0,0,4.55e-05,0.00115688,0.0393301
44070,LOX,1,3,0,0,4.411e-05,0.00107824,0.0409094
44080,LOX,0,3,0,0,4.548e-05,0.0010417,0.0436596
44090,LOX,1,3,0,0,4.391e-05,0.00108611,0.0404285
44100,LOX,9,3,0,0,4.553e-05,0.00143442,0.0317411
44110,LOX,1,3,0,0,4.599e-05,0.0010812,0.0425363
44120,LOX,3,3,0,0,0.000547933,0.00121602,0.450594
44130,LOX,18,3,0,0,0.000556483,0.00160747,0.346186
44140,LOX,0,3,0,0,4.433e-05,0.001065,0.0416242
44150,LOX,6,3,7,3,0.000546642,0.00232712,0.234901
44160,LOX,2,3,0,0,4.468e-05,0.0010873,0.0410928
44170,LOX,18,3,3,3,0.000547112,0.00254932,0.214611
44180,LOX,30,5,1,3,0.000549482,0.00290412,0.189208
44190,LOX,0,3,4,3,4.493e-05,0.00216634,0.0207401
44200,LOX,42,4,0,0,0.000557482,0.00203183,0.274374
44210,LOX,3,3,0,0,4.519e-05,0.00108975,0.041468
44220,LOX,3,3,0,0,4.431e-05,0.00108846,0.0407091
44230,LOX,3,3,0,0,4.37e-05,0.00108672,0.0402126
44240,LOX,62,5,0,0,0.000558092,0.0031227,0.178721
44250,LOX,16,3,0,0,0.000558863,0.00147742,0.378271
44260,LOX,44,4,0,0,0.000549612,0.00177579,0.309503
44270,LOX,23,3,0,0,0.000544482,0.00143342,0.379849
44280,LOX,7,3,0,0,4.317e-05,0.00110921,0.0389198
44290,LOX,18,3,0,0,0.000545483,0.0015071,0.361943
44300,LOX,11,3,0,0,4.4271e-05,0.001424,0.0310893
44310,LOX,11,3,0,0,4.573e-05,0.00116257,0.0393351
44320,LOX,13,3,2,3,4.412e-05,0.00247802,0.0178045
44330,LOX,19,4,2,3,0.000542012,0.00256224,0.211538
44340,LOX,14,3,0,0,0.000555422,0.00114372,0.48563
44350,LOX,25,3,0,0,0.000540973,0.00160217,0.337651
44360,LOX,26,3,0,0,0.000564613,0.00146497,0.38541
44370,LOX,0,3,0,0,4.406e-05,0.00107437,0.0410103
44380,LOX,1,3,0,0,4.334e-05,0.00108666,0.0398835
44390,LOX,56,5,0,0,0.000542502,0.00210781,0.257377
44400,LOX,9,3,6,3,5.1001e-05,0.00230673,0.0221097
44410,LOX,17,3,0,0,0.000555303,0.00127721,0.434776
44420,LOX,2,3,0,0,4.424e-05,0.0010893,0.0406134
44430,LOX,6,3,0,0,4.544e-05,0.00126078,0.0360413
44440,LOX,2,3,0,0,4.384e-05,0.00109037,0.0402064
44450,LOX,31,3,0,0,0.000558462,0.00151759,0.367993
44460,LOX,5,3,0,0,4.414e-05,0.00122199,0.0361216
44470,LOX,11,3,0,0,4.378e-05,0.00134191,0.0326252
44480,LOX,0,3,0,0,4.492e-05,0.00107956,0.0416097
44490,LOX,3,3,0,0,4.225e-05,0.00113987,0.0370658
44500,LOX,32,3,0,0,0.000552442,0.00157198,0.351431
44510,LOX,6,3,0,0,4.525e-05,0.00126335,0.0358176
44520,LOX,0,3,0,0,4.446e-05,0.00105203,0.0422614
44530,LOX,66,3,0,0,0.000548012,0.00190667,0.287419
44540,LOX,10,3,0,0,4.405e-05,0.00148459,0.0296716
44550,LOX,0,3,0,0,4.3871e-05,0.00108631,0.0403852
44560,LOX,3,3,0,0,4.5161e-05,0.00112561,0.0401212
44570,LOX,0,3,0,0,4.411e-05,0.00103663,0.0425512
44580,LOX,0,3,0,0,4.249e-05,0.00108256,0.0392497
44590,LOX,1,3,0,0,4.375e-05,0.00107423,0.040727
44600,LOX,21,3,0,0,0.000547852,0.00137585,0.398193
44610,LOX,18,3,0,0,4.47e-05,0.00129186,0.0346014
44620,LOX,21,3,0,0,0.000540452,0.00125664,0.430078
44630,LOX,8,3,0,0,4.306e-05,0.00127088,0.0338821
44640,LOX,0,3,0,0,4.4041e-05,0.00106108,0.0415057
44650,LOX,1,3,11,3,4.239e-05,0.00233156,0.018181
44660,LOX,40,4,17,3,0.000553982,0.00382889,0.144685
44670,LOX,1,3,0,0,4.4281e-05,0.00107452,0.0412099
44680,LOX,0,3,1,3,4.4021e-05,0.00211293,0.0208341
44690,LOX,1,3,0,0,4.4901e-05,0.0010829,0.0414635
44700,LOX,1,3,10,3,4.379e-05,0.00233336,0.0187669
44710,LOX,0,3,0,0,4.45e-05,0.00106518,0.0417772
44720,LOX,1,3,0,0,4.369e-05,0.00109567,0.039875
44730,LOX,3,3,0,0,4.357e-05,0.00110556,0.0394097
44740,LOX,1,3,0,0,4.3701e-05,0.00107461,0.0406667
44750,LOX,0,3,0,0,4.5731e-05,0.00108947,0.0419753
44760,LOX,38,3,0,0,0.000547662,0.00172496,0.317493
44770,LOX,74,4,0,0,0.000562872,0.00230649,0.244038
44780,LOX,5,3,0,0,4.514e-05,0.0010866,0.0415426
44790,LOX,53,4,0,0,0.000566103,0.0020919,0.270617
44800,LOX,0,3,0,0,4.4e-05,0.00106434,0.0413404
44810,LOX,6,4,2,3,4.312e-05,0.0025901,0.016648
44820,LOX,3,3,0,0,4.479e-05,0.00113655,0.0394089
44830,LOX,0,3,0,0,4.614e-05,0.00106378,0.0433738
44840,LOX,75,5,0,0,0.000579382,0.00263714,0.219701
44850,LOX,23,3,0,0,0.000534623,0.00153655,0.347938
44860,LOX,1,3,0,0,4.434e-05,0.00108399,0.0409042
44870,LOX,42,3,16,3,0.000565633,0.00326058,0.173476
44880,LOX,6,3,3,3,4.365e-05,0.00225453,0.019361
44890,LOX,18,3,6,3,0.000544222,0.00258821,0.21027
44900,LOX,12,3,9,3,0.000570863,0.0026396,0.216269
44910,LOX,1,3,0,0,4.357e-05,0.00104773,0.0415853
44920,LOX,7,3,1,3,4.518e-05,0.00221602,0.0203879
44930,LOX,23,3,0,0,0.000541432,0.0014455,0.374565
44940,LOX,1,3,0,0,4.2941e-05,0.00107551,0.039926
44950,LOX,3,3,0,0,5.035e-05,0.00111587,0.0451215
44960,LOX,26,3,0,0,0.000549272,0.00163689,0.335559
44970,LOX,40,3,0,0,0.000561113,0.00171399,0.327373
44980,LOX,12,3,0,0,4.433e-05,0.00124786,0.0355249
44990,LOX,1,3,0,0,4.307e-05,0.00107444,0.0400862
45000,LOX,1,3,0,0,4.333e-05,0.00109441,0.039592
45010,LOX,45,4,8,3,0.000541232,0.0031782,0.170295
45020,LOX,7,3,0,0,0.000536662,0.00124789,0.430057
45030,LOX,0,3,0,0,4.37e-05,0.00106449,0.0410523
45040,LOX,2,3,3,3,4.953e-05,0.00223919,0.0221196
45050,LOX,1,3,11,3,4.392e-05,0.00227956,0.0192669
45060,LOX,1,3,0,0,4.4471e-05,0.00110382,0.0402881
45070,LOX,1,3,4,3,4.513e-05,0.0021624,0.0208703
45080,LOX,1,3,0,0,4.402e-05,0.00105478,0.0417336
45090,LOX,9,3,9,3,4.5171e-05,0.00250429,0.0180374
45100,LOX,1,3,0,0,4.295e-05,0.00107482,0.03996
45110,LOX,0,3,0,0,4.385e-05,0.00104163,0.0420973
45120,LOX,17,3,0,0,0.000531733,0.00133251,0.399047
45130,LOX,1,3,0,0,4.354e-05,0.00107751,0.0404082
45140,LOX,1,3,0,0,4.38e-05,0.00110221,0.0397382
45150,LOX,0,3,0,0,4.423e-05,0.00107238,0.0412446
45160,LOX,1,3,0,0,4.3601e-05,0.00108369,0.0402337
45170,LOX,30,3,17,3,0.000549233,0.00288809,0.190172
45180,LOX,19,3,0,0,0.000547752,0.00141447,0.38725
45190,LOX,13,3,0,0,0.000542382,0.00131379,0.412839
45200,LOX,0,3,1,3,4.365e-05,0.00213761,0.02042
45210,LOX,38,3,1,3,0.000556132,0.00285375,0.194877
45220,LOX,1,3,7,3,4.555e-05,0.00224174,0.020319
45230,LOX,0,3,2,3,4.542e-05,0.00212994,0.0213246
45240,LOX,32,3,0,0,0.000556043,0.00152979,0.363478
45250,LOX,36,3,11,3,0.000553692,0.0028459,0.194558
45260,LOX,23,3,8,3,0.000556483,0.0027213,0.204491
45270,LOX,28,3,11,3,0.000546742,0.00288097,0.189777
45280,LOX,1,3,8,3,4.566e-05,0.00221411,0.0206223
45290,LOX,0,3,0,0,4.4021e-05,0.00104506,0.0421228
45300,LOX,8,3,0,0,0.000521223,0.00124047,0.42018
45310,LOX,2,3,0,0,4.69e-05,0.00108059,0.0434024
45320,LOX,1,3,0,0,4.496e-05,0.00105336,0.0426823
45330,LOX,1,3,0,0,4.442e-05,0.001068,0.0415916
45340,LOX,1,3,0,0,4.451e-05,0.0010653,0.0417815
45350,LOX,9,3,0,0,4.3811e-05,0.00117414,0.0373131
45360,LOX,1,3,0,0,4.3e-05,0.00105748,0.0406626
45370,LOX,2,3,0,0,4.281e-05,0.00108443,0.0394768
45380,LOX,47,7,0,0,0.000553813,0.00309351,0.179024
45390,LOX,1,3,0,0,4.4361e-05,0.00262267,0.0169144
45400,LOX,1,3,0,0,4.505e-05,0.00108412,0.0415546
45410,LOX,18,3,2,3,0.000527452,0.002649,0.199114
45420,LOX,0,3,0,0,4.3841e-05,0.00105594,0.0415183
45430,LOX,1,3,0,0,4.501e-05,0.00110001,0.040918
45440,LOX,14,3,0,0,4.301e-05,0.00139964,0.0307294
45450,LOX,0,3,0,0,5.195e-05,0.00107861,0.0481641
45460,LOX,32,3,6,3,0.000555883,0.00256022,0.217123
45470,LOX,7,3,1,3,4.353e-05,0.00221784,0.0196272
45480,LOX,0,3,0,0,4.39e-05,0.00104765,0.0419035
45490,LOX,0,3,3,3,4.484e-05,0.00207312,0.0216292
45500,LOX,0,3,1,3,4.466e-05,0.0021561,0.0207133
45510,LOX,12,3,0,0,0.000546353,0.00125029,0.436982
45520,LOX,37,3,0,0,0.000562383,0.00164598,0.341671
45530,LOX,1,3,0,0,4.487e-05,0.00107307,0.0418144
45540,LOX,9,3,0,0,4.321e-05,0.00128796,0.0335493
45550,LOX,11,3,0,0,0.000539553,0.00144637,0.37304
45560,LOX,1,3,0,0,4.335e-05,0.0010657,0.0406773
45570,LOX,20,3,0,0,0.000551603,0.00134797,0.409211
45580,LOX,26,4,0,0,0.000555233,0.00186333,0.297979
45590,LOX,13,3,3,3,4.399e-05,0.00263474,0.0166961
45600,LOX,49,4,0,0,0.000556542,0.00194245,0.286516
45610,LOX,1,3,0,0,4.4851e-05,0.00110849,0.0404612
45620,LOX,0,3,6,3,4.2571e-05,0.00229207,0.0185732
45630,LOX,28,3,3,3,0.000568403,0.00261523,0.217343
45640,LOX,1,3,2,3,4.299e-05,0.00218659,0.0196608
45650,LOX,17,3,6,3,0.000546512,0.00254948,0.214362
45660,LOX,25,3,6,3,0.000545063,0.00256175,0.21277
45670,LOX,3,3,0,0,4.396e-05,0.00111167,0.0395439
45680,LOX,0,3,8,3,4.28e-05,0.00224729,0.0190452
45690,LOX,0,3,3,3,4.428e-05,0.0021977,0.0201483
45700,LOX,0,3,0,0,4.2801e-05,0.00107997,0.0396318
45710,LOX,1,3,0,0,4.538e-05,0.00108076,0.0419892
45720,LOX,0,3,0,0,4.383e-05,0.00105083,0.0417097
45730,LOX,12,3,0,0,4.4211e-05,0.00136536,0.0323806
45740,LOX,8,3,0,0,4.608e-05,0.00119345,0.0386109
45750,LOX,13,4,0,0,4.518e-05,0.00145974,0.0309508
45760,LOX,1,3,0,0,4.222e-05,0.00108413,0.0389438
45770,LOX,32,3,0,0,0.000573303,0.00152013,0.377142
45780,LOX,1,3,0,0,4.4631e-05,0.00105799,0.0421845
45790,LOX,1,3,0,0,4.3461e-05,0.00107607,0.0403884
45800,LOX,13,3,0,0,0.000557903,0.0011733,0.475501
45810,LOX,24,3,1,3,0.000564313,0.0024938,0.226286
45820,LOX,0,3,8,3,4.588e-05,0.00215082,0.0213314
45830,LOX,0,3,7,3,4.4141e-05,0.0022192,0.0198905
45840,LOX,9,3,5,3,4.405e-05,0.00244396,0.018024
45850,LOX,0,3,0,0,4.4431e-05,0.00106389,0.041763
45860,LOX,0,3,0,0,4.531e-05,0.00105367,0.0430023
45870,LOX,2,3,7,3,4.3331e-05,0.00225429,0.0192216
45880,LOX,69,3,0,0,0.000543472,0.00180771,0.300641
45890,LOX,1,3,2,3,4.284e-05,0.00217975,0.0196536
45900,LOX,17,3,8,3,0.000561193,0.00270933,0.207133
45910,LOX,0,3,0,0,4.473e-05,0.00104842,0.042664
45920,LOX,18,4,0,0,0.000563323,0.00188254,0.299236
45930,LOX,1,3,0,0,4.435e-05,0.00107365,0.0413075
45940,LOX,14,3,0,0,0.000562032,0.00149624,0.37563
45950,LOX,25,3,0,0,0.000556162,0.00147902,0.376035
45960,LOX,24,3,0,0,0.000564603,0.00147244,0.383448
45970,LOX,5,3,0,0,4.3991e-05,0.00118027,0.0372721
45980,LOX,13,3,0,0,0.000552452,0.0014415,0.383249
45990,LOX,32,3,0,0,0.000554232,0.00161732,0.342686
46000,LOX,2,3,0,0,4.372e-05,0.00110087,0.0397142
46010,LOX,14,3,7,3,0.000549982,0.00254607,0.216012
46020,LOX,2,3,2,3,4.425e-05,0.0021681,0.0204096
46030,LOX,0,3,0,0,4.612e-05,0.00106683,0.0432307
46040,LOX,0,3,2,3,4.491e-05,0.00212901,0.0210943
46050,LOX,1,3,0,0,4.539e-05,0.00111238,0.0408046
46060,LOX,0,3,1,3,4.4141e-05,0.00211486,0.0208718
46070,LOX,26,3,2,3,0.000554312,0.00278662,0.198919
46080,LOX,2,3,0,0,4.471e-05,0.00113527,0.0393829
46090,LOX,1,3,12,3,4.3961e-05,0.00228769,0.0192163
46100,LOX,26,3,8,3,0.000552483,0.00272413,0.202811
46110,LOX,1,3,0,0,4.429e-05,0.0010436,0.0424394
46120,LOX,3,3,0,0,4.333e-05,0.00111513,0.0388566
46130,LOX,12,3,0,0,4.3731e-05,0.00140784,0.0310626
46140,LOX,27,3,0,0,0.000544183,0.00179116,0.303816
46150,LOX,13,3,0,0,0.000547053,0.00128699,0.425065
46160,LOX,21,3,0,0,0.000552033,0.00135461,0.407523
46170,LOX,6,3,0,0,4.35e-05,0.00131183,0.0331599
46180,LOX,5,3,0,0,4.347e-05,0.00128856,0.0337354
46190,LOX,1,3,0,0,4.399e-05,0.00106448,0.0413255
46200,LOX,1,3,0,0,4.3701e-05,0.00108768,0.040178
46210,LOX,3,3,0,0,4.412e-05,0.00108629,0.0406151
46220,LOX,4,3,0,0,4.4241e-05,0.00108252,0.0408687
46230,LOX,14,3,0,0,4.4671e-05,0.00146201,0.0305546
46240,LOX,18,3,0,0,0.000546503,0.00157214,0.347618
46250,LOX,0,3,0,0,4.916e-05,0.00106941,0.0459691
46260,LOX,22,3,0,0,0.000548183,0.00153419,0.357312
46270,LOX,15,3,0,0,0.000552533,0.00124635,0.443323
46280,LOX,18,3,0,0,0.000564512,0.00140227,0.402571
46290,LOX,6,3,0,0,0.000556243,0.0011867,0.468729
46300,LOX,1,3,0,0,4.341e-05,0.00109758,0.0395508
46310,LOX,11,3,0,0,0.000558282,0.00124727,0.447605
46320,LOX,21,3,1,3,0.000554822,0.00243503,0.22785
46330,LOX,1,3,8,3,4.366e-05,0.00225335,0.0193756
46340,LOX,1,3,2,3,4.377e-05,0.00215648,0.020297
46350,LOX,5,3,7,3,4.3981e-05,0.00256056,0.0171763
46360,LOX,32,3,0,0,0.000556873,0.00155379,0.358397
46370,LOX,2,3,10,3,4.601e-05,0.00224319,0.020511
46380,LOX,26,3,0,0,0.000556613,0.00172208,0.323222
46390,LOX,0,3,7,3,4.3651e-05,0.00218573,0.0199709
46400,LOX,1,3,0,0,4.384e-05,0.00112596,0.0389358
46410,LOX,1,3,0,0,4.482e-05,0.00107782,0.0415841
46420,LOX,25,3,0,0,0.000564413,0.00142906,0.394955
46430,LOX,3,3,0,0,4.436e-05,0.00123866,0.035813
46440,LOX,1,3,0,0,4.423e-05,0.00110676,0.0399637
46450,LOX,0,3,0,0,4.383e-05,0.00107935,0.040608
46460,LOX,5,3,0,0,4.433e-05,0.00117429,0.0377506
46470,LOX,12,3,0,0,4.467e-05,0.00128336,0.0348072
46480,LOX,26,3,0,0,0.000555983,0.00159444,0.348702
46490,LOX,3,3,0,0,4.8481e-05,0.00107982,0.0448975
46500,LOX,4,3,0,0,4.452e-05,0.00113364,0.0392716
46510,LOX,14,3,0,0,0.000540432,0.00127424,0.424122
46520,LOX,0,3,0,0,4.477e-05,0.00103108,0.0434207
46530,LOX,6,3,0,0,4.3781e-05,0.00113478,0.0385809
46540,LOX,5,3,0,0,4.431e-05,0.0011118,0.0398541
46550,LOX,10,3,6,3,4.478e-05,0.00259593,0.0172501
46560,LOX,1,3,6,3,4.3931e-05,0.00213727,0.0205547
46570,LOX,0,3,2,3,4.397e-05,0.0021583,0.0203725
46580,LOX,0,3,0,0,4.315e-05,0.00103944,0.0415129
46590,LOX,4,3,0,0,4.4811e-05,0.001144,0.0391706
46600,LOX,9,3,2,3,0.000542132,0.00265115,0.204489
46610,LOX,1,3,0,0,4.468e-05,0.00109209,0.0409122
46620,LOX,0,3,0,0,4.45e-05,0.00106035,0.0419675
46630,LOX,17,3,0,0,4.532e-05,0.00133828,0.0338645
46640,LOX,41,4,0,0,0.000555012,0.00229142,0.242213
46650,LOX,1,3,0,0,4.467e-05,0.00110607,0.0403864
46660,LOX,0,3,0,0,4.505e-05,0.00104027,0.0433059
46670,LOX,38,4,0,0,0.000565692,0.00227732,0.248402
46680,LOX,19,3,0,0,0.000555343,0.0013254,0.419002
46690,LOX,40,3,0,0,0.000562422,0.00163813,0.343332
46700,LOX,13,3,0,0,0.000554132,0.00124519,0.445016
46710,LOX,15,3,0,0,0.000551762,0.0014467,0.381394
46720,LOX,1,3,0,0,4.3911e-05,0.00105349,0.0416813
46730,LOX,3,3,10,3,4.956e-05,0.00230431,0.0215075
46740,LOX,0,3,0,0,4.47e-05,0.00105324,0.0424403
46750,LOX,25,3,11,3,0.000546263,0.00266485,0.204988
46760,LOX,7,3,0,0,4.351e-05,0.00117671,0.0369761
46770,LOX,7,3,0,0,0.000540283,0.00111802,0.483248
46780,LOX,13,3,2,3,4.414e-05,0.00242681,0.0181885
46790,LOX,3,3,0,0,4.513e-05,0.00110393,0.040881
46800,LOX,37,3,0,0,0.000552962,0.00171072,0.323234
46810,LOX,20,3,0,0,0.000548223,0.00155065,0.353545
46820,LOX,0,3,0,0,4.448e-05,0.00103823,0.0428419
46830,LOX,23,3,0,0,0.000541652,0.0014496,0.373657
46840,LOX,0,3,0,0,4.3241e-05,0.001059,0.0408318
46850,LOX,1,3,0,0,4.314e-05,0.00110417,0.0390702
46860,LOX,1,3,0,0,4.401e-05,0.00106839,0.0411926
46870,LOX,10,4,0,0,4.526e-05,0.00155672,0.029074
46880,LOX,29,3,22,3,0.000549513,0.00326673,0.168215
46890,LOX,23,4,0,0,0.000540843,0.00163452,0.330888
46900,LOX,4,3,0,0,4.491e-05,0.00116044,0.038701
46910,LOX,0,3,0,0,4.3821e-05,0.00106894,0.040995
46920,LOX,1,3,13,3,4.372e-05,0.00227419,0.0192244
46930,LOX,0,3,1,3,4.529e-05,0.00206701,0.0219109
46940,LOX,3,3,1,3,4.403e-05,0.00216526,0.0203347
46950,LOX,16,3,0,0,0.000551793,0.00144108,0.382903
46960,LOX,0,3,0,0,4.419e-05,0.00105369,0.0419381
46970,LOX,0,3,0,0,4.4561e-05,0.0010618,0.0419673
46980,LOX,1,3,12,3,4.3141e-05,0.00230202,0.0187405
46990,LOX,5,3,0,0,4.6121e-05,0.00117523,0.0392444
47000,LOX,22,3,0,0,4.464e-05,0.00157756,0.0282969
47010,LOX,3,3,0,0,4.46e-05,0.00116617,0.038245
47020,LOX,16,3,0,0,0.000549153,0.0016085,0.341408
47030,LOX,24,5,0,0,0.000546643,0.0018499,0.295499
47040,LOX,22,3,0,0,0.000560803,0.00144297,0.388646
47050,LOX,1,3,0,0,4.396e-05,0.00108702,0.0404407
47060,LOX,24,3,0,0,0.000549102,0.00132161,0.415481
47070,LOX,1,3,0,0,4.459e-05,0.00106971,0.041684
47080,LOX,0,3,0,0,4.3611e-05,0.00102654,0.0424833
47090,LOX,0,3,0,0,4.338e-05,0.00105313,0.0411917
47100,LOX,5,3,0,0,4.456e-05,0.00113281,0.0393359
47110,LOX,44,4,9,3,0.000558543,0.00292514,0.190946
47120,LOX,18,3,0,0,0.000564343,0.00129706,0.435095
47130,LOX,2,3,4,3,4.491e-05,0.0021588,0.0208032
47140,LOX,1,3,0,0,5.037e-05,0.00105646,0.0476779
47150,LOX,0,3,0,0,4.4161e-05,0.001082,0.0408144
47160,LOX,1,3,14,3,4.3691e-05,0.00226153,0.0193192
47170,LOX,0,3,0,0,4.834e-05,0.00107332,0.045038
47180,LOX,23,3,0,0,0.000553522,0.00125333,0.441642
47190,LOX,3,3,0,0,4.408e-05,0.00123665,0.0356448
47200,LOX,32,5,1,3,0.000551472,0.00343018,0.160771
47210,LOX,1,3,0,0,4.531e-05,0.00110203,0.0411148
47220,LOX,0,3,0,0,4.333e-05,0.00105087,0.0412323
47230,LOX,62,4,0,0,0.000547963,0.00232285,0.235901
47240,LOX,20,3,0,0,0.000547232,0.00142685,0.383525
47250,LOX,4,3,0,0,4.42e-05,0.00111794,0.0395371
47260,LOX,0,3,0,0,4.306e-05,0.00103345,0.0416665
47270,LOX,18,3,0,0,0.000557063,0.00140094,0.397636
47280,LOX,1,3,0,0,4.468e-05,0.00106057,0.0421285
47290,LOX,27,3,0,0,0.000550782,0.00154739,0.355943
47300,LOX,16,3,0,0,0.000560242,0.00134808,0.415586
47310,LOX,0,3,0,0,4.418e-05,0.00105533,0.0418635
47320,LOX,15,3,0,0,4.5301e-05,0.00123503,0.0366799
47330,LOX,15,3,0,0,0.000556713,0.00145444,0.382769
47340,LOX,1,3,3,3,4.435e-05,0.00217817,0.0203611
47350,LOX,12,3,0,0,4.438e-05,0.00126593,0.0350573
47360,LOX,0,3,0,0,4.452e-05,0.00105489,0.0422033
47370,LOX,21,3,1,3,0.000540672,0.00240093,0.225193
47380,LOX,47,5,0,0,0.000546503,0.00223494,0.244527
47390,LOX,33,4,0,0,0.000555782,0.00191498,0.290229
47400,LOX,28,3,0,0,0.000550052,0.00160439,0.342842
47410,LOX,1,3,0,0,4.4611e-05,0.00106167,0.0420195
47420,LOX,1,3,0,0,4.542e-05,0.00111572,0.040709
47430,LOX,1,3,0,0,4.55e-05,0.00105287,0.0432154
47440,LOX,6,3,0,0,4.342e-05,0.00117581,0.0369279
47450,LOX,6,3,0,0,4.238e-05,0.00119397,0.0354951
47460,LOX,0,3,0,0,4.5651e-05,0.00104139,0.0438364
47470,LOX,15,3,0,0,0.000567533,0.00147019,0.386028
47480,LOX,0,3,4,3,4.332e-05,0.00216917,0.0199708
47490,LOX,12,3,0,0,0.000558393,0.00135891,0.410914
47500,LOX,1,3,0,0,4.885e-05,0.0011295,0.0432494
47510,LOX,3,3,3,3,4.544e-05,0.00228139,0.0199177
47520,LOX,0,3,9,3,4.539e-05,0.00221225,0.0205176
47530,LOX,46,4,9,3,0.000556593,0.00313364,0.177618
47540,LOX,1,3,0,0,4.339e-05,0.00110982,0.0390966
47550,LOX,19,3,0,0,0.000536573,0.00133434,0.402127
47560,LOX,43,3,7,3,0.000539932,0.00277662,0.194456
47570,LOX,0,3,0,0,4.3081e-05,0.00106444,0.0404728
47580,LOX,9,3,2,3,4.674e-05,0.00224078,0.0208588
47590,LOX,19,3,1,3,0.000528242,0.00240082,0.220026
47600,LOX,1,3,0,0,4.472e-05,0.00110136,0.0406042
47610,LOX,1,3,0,0,5.0881e-05,0.00107285,0.0474258
47620,LOX,16,3,0,0,4.429e-05,0.00142825,0.03101
47630,LOX,22,3,0,0,0.000532332,0.00147799,0.360174
47640,LOX,11,3,0,0,4.359e-05,0.00126739,0.0343936
47650,LOX,4,3,0,0,4.323e-05,0.00123905,0.0348895
47660,LOX,1,3,0,0,4.375e-05,0.00108673,0.0402582
47670,LOX,1,3,0,0,4.445e-05,0.00126731,0.0350744
47680,LOX,0,3,0,0,4.4401e-05,0.00104476,0.042499
47690,LOX,0,3,0,0,4.42e-05,0.00106378,0.0415501
47700,LOX,14,3,0,0,0.000555063,0.00136404,0.406927
47710,LOX,1,3,11,3,5.148e-05,0.00231737,0.0222148
47720,LOX,1,3,0,0,4.385e-05,0.00106243,0.0412735
47730,LOX,14,5,0,0,0.000556392,0.00169351,0.328544
47740,LOX,4,3,0,0,4.574e-05,0.00113287,0.0403752
47750,LOX,3,3,0,0,4.478e-05,0.00111755,0.0400696
47760,LOX,18,3,9,3,0.000537042,0.00266008,0.201889
47770,LOX,4,3,8,3,4.502e-05,0.0022989,0.0195833
47780,LOX,22,3,1,3,0.000539622,0.00245345,0.219944
47790,LOX,16,3,8,3,0.000546292,0.00241027,0.226652
47800,LOX,6,3,7,3,4.372e-05,0.00240189,0.0182023
47810,LOX,30,3,0,0,0.000538033,0.00145615,0.369491
47820,LOX,3,3,0,0,4.5221e-05,0.00122255,0.0369892
47830,LOX,5,3,0,0,4.4581e-05,0.00113075,0.0394262
47840,LOX,14,3,0,0,0.000554122,0.00127434,0.434832
47850,LOX,37,4,0,0,0.000555542,0.00183002,0.303572
47860,LOX,11,3,0,0,0.000549023,0.00122171,0.449391
47870,LOX,35,4,0,0,0.000548212,0.00186135,0.294524
47880,LOX,10,4,0,0,0.000538942,0.00141227,0.381615
47890,LOX,0,3,0,0,4.4011e-05,0.00103731,0.0424278
47900,LOX,1,3,0,0,4.359e-05,0.00109226,0.0399083
47910,LOX,7,3,0,0,0.000527033,0.00116843,0.451063
47920,LOX,22,4,0,0,4.451e-05,0.00175311,0.0253892
47930,LOX,1,3,0,0,4.666e-05,0.0010738,0.043453
47940,LOX,2,3,0,0,4.439e-05,0.00122769,0.0361575
47950,LOX,31,3,0,0,0.000537932,0.00161188,0.33373
47960,LOX,17,3,0,0,0.000543713,0.00123667,0.43966
47970,LOX,0,3,0,0,4.487e-05,0.0010696,0.0419505
47980,LOX,1,3,0,0,4.285e-05,0.00104342,0.0410671
47990,LOX,3,3,0,0,4.28e-05,0.00111831,0.0382722
48000,LOX,6,3,0,0,0.000542103,0.00111832,0.484749
48010,LOX,0,3,8,3,4.351e-05,0.00219496,0.0198227
48020,LOX,5,3,3,3,4.3911e-05,0.00219004,0.0200503
48030,LOX,20,3,0,0,0.000543232,0.00148083,0.366844
48040,LOX,0,3,2,3,4.355e-05,0.00212296,0.0205138
48050,LOX,21,3,3,3,0.000546043,0.00263831,0.206967
48060,LOX,0,3,0,0,4.301e-05,0.00104626,0.0411081
48070,LOX,18,3,2,3,0.000547183,0.00258763,0.211461
48080,LOX,0,3,0,0,4.366e-05,0.00104177,0.0419092
48090,LOX,0,3,0,0,4.518e-05,0.0010628,0.0425102
48100,LOX,0,3,2,3,4.243e-05,0.00214969,0.0197377
48110,LOX,1,3,0,0,4.2081e-05,0.00104574,0.0402403
48120,LOX,38,4,0,0,0.000542463,0.00190346,0.284988
48130,LOX,10,3,0,0,4.3791e-05,0.00126913,0.0345049
48140,LOX,1,3,0,0,4.374e-05,0.00106598,0.0410325
48150,LOX,0,3,0,0,4.435e-05,0.00108636,0.0408242
48160,LOX,9,3,0,0,4.36e-05,0.00128631,0.0338955
48170,LOX,10,3,0,0,0.000535853,0.00125675,0.426381
48180,LOX,0,3,0,0,4.316e-05,0.001047,0.0412223
48190,LOX,8,4,0,0,4.262e-05,0.00142219,0.029968
48200,LOX,3,3,0,0,4.43e-05,0.00112277,0.0394558
48210,LOX,16,3,2,3,0.000555933,0.00224313,0.247838
48220,LOX,27,3,0,0,0.000544133,0.00159047,0.342122
48230,LOX,5,3,7,3,0.000541112,0.00228763,0.236538
48240,LOX,1,3,0,0,4.405e-05,0.00109292,0.0403051
48250,LOX,15,3,0,0,0.000547883,0.00147751,0.370816
48260,LOX,9,3,3,3,4.346e-05,0.00222253,0.0195543
48270,LOX,1,3,2,3,4.3341e-05,0.00212494,0.0203963
48280,LOX,3,3,0,0,4.351e-05,0.00122701,0.0354603
48290,LOX,29,3,0,0,4.503e-05,0.00136824,0.032911
48300,LOX,0,3,0,0,4.4291e-05,0.00105349,0.0420424
48310,LOX,14,4,0,0,0.000538153,0.00167137,0.321984
48320,LOX,35,3,0,0,0.000556133,0.00144644,0.384485
48330,LOX,0,3,0,0,4.26e-05,0.00104262,0.0408584
48340,LOX,16,3,0,0,0.000547092,0.00141533,0.386548
48350,LOX,13,3,0,0,4.379e-05,0.00124128,0.0352782
48360,LOX,50,4,0,0,0.000562583,0.0024184,0.232626
48370,LOX,0,3,0,0,4.3001e-05,0.00106646,0.0403214
48380,LOX,10,3,0,0,4.397e-05,0.00127905,0.0343772
48390,LOX,3,3,0,0,4.378e-05,0.00147355,0.0297106
48400,LOX,4,3,0,0,4.513e-05,0.00116186,0.0388427
48410,LOX,2,3,7,3,4.32e-05,0.00228213,0.0189297
48420,LOX,1,3,0,0,4.488e-05,0.00107868,0.0416066
48430,LOX,0,3,2,3,4.393e-05,0.00214426,0.0204873
48440,LOX,1,3,0,0,4.505e-05,0.0010938,0.0411865
48450,LOX,11,3,0,0,0.000545382,0.00127994,0.426101
48460,LOX,2,3,1,3,4.455e-05,0.00215532,0.0206698
48470,LOX,1,3,0,0,4.424e-05,0.00106654,0.0414797
48480,LOX,5,3,2,3,4.3681e-05,0.00221937,0.0196817
48490,LOX,39,3,3,3,0.000548312,0.00311639,0.175944
48500,LOX,19,3,0,0,0.000541572,0.00123996,0.436767
48510,LOX,1,3,0,0,4.383e-05,0.00109702,0.0399539
48520,LOX,4,3,0,0,4.515e-05,0.00119512,0.0377788
48530,LOX,4,3,0,0,4.4771e-05,0.00113623,0.0394029
48540,LOX,0,3,0,0,4.404e-05,0.00105233,0.0418502
48550,LOX,0,3,0,0,4.442e-05,0.00106949,0.0415336
48560,LOX,0,3,0,0,4.316e-05,0.00104319,0.0413733
48570,LOX,36,3,0,0,0.000564533,0.00169082,0.333882
48580,LOX,1,3,0,0,4.524e-05,0.00107683,0.042012
48590,LOX,0,3,0,0,4.509e-05,0.00103882,0.0434048
48600,LOX,25,3,0,0,0.000552853,0.00162549,0.340115
48610,LOX,1,3,0,0,4.777e-05,0.0010674,0.0447538
48620,LOX,4,3,0,0,4.7881e-05,0.00111319,0.0430126
48630,LOX,22,3,1,3,0.000561152,0.00261627,0.214485
48640,LOX,0,3,10,3,4.3991e-05,0.00222533,0.0197683
48650,LOX,29,3,2,3,0.000554942,0.00261226,0.212437
48660,LOX,12,3,3,3,0.000552643,0.00223377,0.247404
48670,LOX,2,3,0,0,4.308e-05,0.00110633,0.0389397
48680,LOX,36,4,0,0,0.000550213,0.00215176,0.255704
48690,LOX,25,4,0,0,0.000560452,0.00182953,0.306337
48700,LOX,2,3,3,3,4.374e-05,0.00232795,0.0187891
48710,LOX,12,3,0,0,0.000562683,0.00144208,0.390189
48720,LOX,1,3,0,0,4.356e-05,0.00109542,0.0397654
48730,LOX,1,3,0,0,4.445e-05,0.00106595,0.0417001
48740,LOX,24,3,4,3,0.000542483,0.00244989,0.221431
48750,LOX,15,3,0,0,0.000540592,0.00135791,0.398107
48760,LOX,1,3,0,0,4.434e-05,0.00105977,0.0418395
48770,LOX,0,3,0,0,4.375e-05,0.00105488,0.0414741
48780,LOX,17,3,0,0,0.000549442,0.00133563,0.411374
48790,LOX,0,3,0,0,4.415e-05,0.00105974,0.041661
48800,LOX,12,3,0,0,0.000550622,0.0014212,0.387435
48810,LOX,19,3,1,3,0.000550113,0.00282626,0.194643
48820,LOX,0,3,8,3,4.5241e-05,0.0022269,0.0203157
48830,LOX,12,3,2,3,0.000557652,0.00251286,0.221919
48840,LOX,2,3,0,0,4.476e-05,0.00105806,0.0423036
48850,LOX,21,3,0,0,0.000569663,0.00139826,0.40741
48860,LOX,50,4,1,3,0.000559513,0.00331787,0.168636
48870,LOX,30,3,1,3,0.000538903,0.00268778,0.200501
48880,LOX,8,3,0,0,4.246e-05,0.00117692,0.0360773
48890,LOX,0,3,0,0,4.3941e-05,0.00105959,0.04147
48900,LOX,14,3,8,3,0.000540133,0.00255603,0.211317
48910,LOX,18,3,0,0,0.000539772,0.00133692,0.403744
48920,LOX,34,4,0,0,0.000542073,0.00191154,0.283579
48930,LOX,0,3,0,0,4.467e-05,0.00105893,0.0421843
48940,LOX,34,3,0,0,0.000549303,0.00153507,0.357836
48950,LOX,14,3,0,0,0.000542953,0.00136362,0.398171
48960,LOX,3,3,0,0,4.465e-05,0.00115993,0.0384939
48970,LOX,5,3,4,3,0.000541893,0.00232542,0.23303
48980,LOX,7,3,0,0,4.489e-05,0.00121277,0.0370146
48990,LOX,2,3,0,0,4.4051e-05,0.00105904,0.041595
49000,LOX,11,3,0,0,4.321e-05,0.00146319,0.0295314
49010,LOX,0,3,9,3,4.47e-05,0.0022139,0.0201906
49020,LOX,2,3,0,0,4.5541e-05,0.0011302,0.0402948
49030,LOX,3,3,10,3,4.315e-05,0.00236466,0.0182479
49040,LOX,1,3,2,3,4.572e-05,0.00220937,0.0206937
49050,LOX,0,3,8,3,4.464e-05,0.00221458,0.0201573
49060,LOX,28,3,7,3,0.000539502,0.0027948,0.193038
49070,LOX,0,3,1,3,4.3731e-05,0.00211874,0.0206401
49080,LOX,23,3,3,3,0.000554582,0.0026807,0.206879
49090,LOX,1,3,2,3,4.507e-05,0.00216881,0.020781
49100,LOX,34,3,0,0,0.000545472,0.001506,0.3622
49110,LOX,0,3,0,0,4.471e-05,0.00103637,0.0431412
49120,LOX,7,3,0,0,0.000558082,0.00129036,0.432502
49130,LOX,3,3,0,0,4.342e-05,0.00111013,0.0391127
49140,LOX,1,3,0,0,4.428e-05,0.00103306,0.0428627
49150,LOX,0,3,0,0,4.531e-05,0.00106289,0.0426289
49160,LOX,1,3,0,0,4.311e-05,0.0010857,0.0397073
49170,LOX,48,4,0,0,0.000545403,0.00223911,0.24358
49180,LOX,1,3,0,0,4.3991e-05,0.00107353,0.0409781
49190,LOX,9,3,0,0,0.000533273,0.00118472,0.450128
49200,LOX,12,3,0,0,0.000568203,0.00122645,0.463289
49210,LOX,1,3,0,0,4.337e-05,0.00108726,0.0398894
49220,LOX,0,3,0,0,4.239e-05,0.00103626,0.0409069
49230,LOX,14,3,0,0,0.000557012,0.00122594,0.454357
49240,LOX,18,3,0,0,0.000548943,0.00146579,0.374504
49250,LOX,28,3,0,0,0.000563923,0.00138244,0.40792
49260,LOX,0,3,1,3,4.38e-05,0.00211763,0.0206835
49270,LOX,5,3,0,0,4.294e-05,0.0010961,0.0391751
49280,LOX,20,3,1,3,0.000541653,0.0022634,0.239309
49290,LOX,22,3,0,0,0.000563353,0.00186176,0.302592
49300,LOX,34,4,0,0,0.000558712,0.0018233,0.306429
49310,LOX,23,3,1,3,0.000535373,0.00268852,0.199133
49320,LOX,0,3,0,0,4.4031e-05,0.0010549,0.0417393
49330,LOX,4,3,0,0,4.309e-05,0.00115583,0.0372807
49340,LOX,0,3,0,0,4.202e-05,0.00104112,0.0403602
49350,LOX,19,3,0,0,0.000551042,0.00137222,0.401571
49360,LOX,4,3,0,0,4.308e-05,0.00125018,0.0344592
49370,LOX,8,3,0,0,4.399e-05,0.00119654,0.0367645
49380,LOX,9,3,0,0,4.407e-05,0.00140227,0.0314277
49390,LOX,1,3,0,0,4.4071e-05,0.00109675,0.0401835
49400,LOX,0,3,0,0,4.523e-05,0.00102369,0.0441835
49410,LOX,1,3,8,3,4.322e-05,0.00222574,0.0194183
49420,LOX,6,3,1,3,4.394e-05,0.00221419,0.0198447
49430,LOX,0,3,0,0,4.526e-05,0.00103583,0.0436942
49440,LOX,1,3,0,0,4.2721e-05,0.00105094,0.0406501
49450,LOX,31,3,5,3,0.000535552,0.00274827,0.194869
49460,LOX,12,3,0,0,4.3381e-05,0.00152979,0.0283575
49470,LOX,22,3,0,0,4.439e-05,0.00140208,0.0316602
49480,LOX,0,3,0,0,4.4391e-05,0.00104813,0.0423524
49490,LOX,14,3,0,0,0.000538743,0.0012944,0.416212
49500,LOX,3,3,11,3,4.468e-05,0.00244301,0.0182889
49510,LOX,21,3,0,0,0.000542723,0.00137062,0.39597
49520,LOX,7,3,0,0,0.000551173,0.00119158,0.462554
49530,LOX,4,3,0,0,4.434e-05,0.00112158,0.0395337
49540,LOX,28,3,0,0,0.000554242,0.00154118,0.359622
49550,LOX,2,3,0,0,4.316e-05,0.00109691,0.0393467
49560,LOX,36,3,0,0,0.000546183,0.00190743,0.286345
49570,LOX,0,3,0,0,4.5561e-05,0.00105704,0.0431026
49580,LOX,27,3,0,0,0.000575633,0.00144687,0.397848
49590,LOX,0,3,0,0,4.407e-05,0.00105208,0.0418883
49600,LOX,24,3,0,0,0.000539513,0.00158298,0.340822
49610,LOX,30,3,0,0,0.000553822,0.00154725,0.35794
49620,LOX,41,3,0,0,0.000543233,0.00158999,0.341659
49630,LOX,27,3,0,0,0.000551352,0.0012761,0.432061
49640,LOX,0,3,0,0,4.486e-05,0.00104068,0.0431062
49650,LOX,25,3,0,0,0.000533873,0.00178151,0.299675
49660,LOX,6,3,0,0,4.6121e-05,0.0012828,0.0359532
49670,LOX,12,3,0,0,4.365e-05,0.00149259,0.0292445
49680,LOX,1,3,0,0,4.395e-05,0.00111308,0.0394852
49690,LOX,41,3,0,0,0.000541072,0.00195337,0.276994
49700,LOX,0,3,0,0,4.328e-05,0.00107925,0.0401018
49710,LOX,18,3,1,3,0.000543363,0.00232314,0.233892
49720,LOX,7,3,4,3,0.000552943,0.00243207,0.227355
49730,LOX,1,3,12,3,4.3011e-05,0.00236126,0.0182153
49740,LOX,0,3,0,0,4.3911e-05,0.00105658,0.0415594
49750,LOX,1,3,0,0,4.289e-05,0.00111687,0.0384021
49760,LOX,8,3,8,3,4.378e-05,0.0022833,0.019174
49770,LOX,2,3,0,0,4.491e-05,0.00120076,0.0374014
49780,LOX,23,3,0,0,0.000540762,0.00162451,0.332877
49790,LOX,2,3,0,0,4.343e-05,0.00109972,0.0394917
49800,LOX,1,3,13,3,4.285e-05,0.00237378,0.0180514
49810,LOX,46,4,0,0,0.000562922,0.00220874,0.254861
49820,LOX,3,3,0,0,4.351e-05,0.00125638,0.0346314
49830,LOX,30,3,0,0,0.000560893,0.00154285,0.363544
49840,LOX,25,3,0,0,0.000545262,0.00163657,0.333174
49850,LOX,63,3,0,0,0.000555512,0.00201661,0.275468
49860,LOX,0,3,0,0,4.574e-05,0.00103404,0.0442341
49870,LOX,28,3,0,0,0.000560642,0.00135511,0.413725
49880,LOX,1,3,0,0,4.343e-05,0.00109655,0.0396059
49890,LOX,0,3,0,0,4.3961e-05,0.00105412,0.0417038
49900,LOX,22,3,0,0,0.000549632,0.00160079,0.343351
49910,LOX,0,3,0,0,4.559e-05,0.00105893,0.0430527
49920,LOX,7,3,2,3,4.337e-05,0.00219286,0.0197778
49930,LOX,5,3,1,3,0.000542132,0.00221096,0.245202
49940,LOX,3,3,1,3,4.332e-05,0.00223762,0.0193598
49950,LOX,26,3,1,3,0.000556182,0.00280195,0.198498
49960,LOX,5,3,0,0,4.418e-05,0.0011674,0.0378449
49970,LOX,38,4,6,3,0.000563382,0.0032226,0.174822
49980,LOX,4,3,0,0,4.308e-05,0.00115367,0.0373418
49990,LOX,5,3,0,0,4.464e-05,0.00113327,0.0393903
50000,LOX,6,3,1,3,4.361e-05,0.00224602,0.0194166
50010,LOX,50,4,0,0,0.000551122,0.00186747,0.295117
50020,LOX,1,3,0,0,4.347e-05,0.00107405,0.0404728
50030,LOX,18,4,0,0,4.353e-05,0.00160475,0.0271258
50040,LOX,0,3,0,0,4.2721e-05,0.00104659,0.0408194
50050,LOX,1,3,0,0,4.3501e-05,0.00113329,0.0383848
50060,LOX,2,3,0,0,4.878e-05,0.00107989,0.0451711
50070,LOX,1,3,0,0,4.697e-05,0.00107156,0.0438335
50080,LOX,14,3,0,0,4.292e-05,0.00139738,0.0307147
50090,LOX,12,3,0,0,4.41e-05,0.00127733,0.0345253
50100,LOX,27,3,0,0,0.000553243,0.00179636,0.30798
50110,LOX,4,3,0,0,4.4e-05,0.00109783,0.0400789
50120,LOX,0,3,0,0,4.4731e-05,0.00106502,0.042
50130,LOX,28,3,0,0,0.000553012,0.00157055,0.352114
50140,LOX,1,3,0,0,4.336e-05,0.00107468,0.0403467
50150,LOX,1,3,1,3,4.485e-05,0.00216503,0.0207156
50160,LOX,1,3,8,3,4.412e-05,0.00233446,0.0188994
50170,LOX,38,3,2,3,0.000554883,0.00264929,0.209446
50180,LOX,1,3,0,0,4.421e-05,0.00106674,0.0414442
50190,LOX,13,3,1,3,0.000542172,0.00240282,0.22564
50200,LOX,19,3,0,0,0.000541352,0.00139669,0.387597
50210,LOX,22,4,0,0,0.000557573,0.0017506,0.318504
50220,LOX,1,3,0,0,4.345e-05,0.00110983,0.03915
50230,LOX,1,3,0,0,4.508e-05,0.00108836,0.0414203
50240,LOX,7,3,0,0,0.000545933,0.0011983,0.455588
50250,LOX,9,3,0,0,0.000550613,0.00124986,0.440541
50260,LOX,13,3,0,0,0.000548103,0.00128246,0.427385
50270,LOX,11,3,0,0,0.000546253,0.00135758,0.402374
50280,LOX,1,3,0,0,4.386e-05,0.00108198,0.0405366
50290,LOX,1,3,0,0,4.347e-05,0.00117108,0.0371197
50300,LOX,24,3,0,0,0.000548742,0.00130504,0.42048
50310,LOX,23,3,0,0,4.4271e-05,0.00125671,0.0352278
50320,LOX,14,3,0,0,0.000536883,0.00126049,0.425933
50330,LOX,7,3,5,3,4.5941e-05,0.00226653,0.0202693
50340,LOX,1,3,1,3,4.334e-05,0.00213046,0.020343
50350,LOX,1,3,0,0,4.431e-05,0.00108558,0.0408171
50360,LOX,2,3,0,0,4.368e-05,0.00104363,0.0418541
50370,LOX,0,3,0,0,4.41e-05,0.00106416,0.0414409
50380,LOX,23,3,0,0,0.000549742,0.00138461,0.397038
50390,LOX,7,3,0,0,4.381e-05,0.00124701,0.0351321
50400,LOX,37,4,0,0,0.000548412,0.00185821,0.295129
50410,LOX,11,3,0,0,4.4041e-05,0.00119459,0.0368669
50420,LOX,9,3,0,0,4.544e-05,0.00122094,0.0372173
50430,LOX,1,3,0,0,4.364e-05,0.00108945,0.0400571
50440,LOX,0,3,0,0,4.4621e-05,0.00104657,0.0426353
50450,LOX,10,4,0,0,4.423e-05,0.00146672,0.0301558
50460,LOX,0,3,0,0,4.872e-05,0.00106338,0.0458164
50470,LOX,0,3,0,0,4.4371e-05,0.00106459,0.0416792
50480,LOX,4,3,0,0,4.361e-05,0.00114893,0.0379572
50490,LOX,4,3,0,0,4.409e-05,0.00126948,0.0347309
50500,LOX,27,3,0,0,0.000552512,0.00162369,0.340282
50510,LOX,0,3,0,0,4.387e-05,0.00103779,0.0422727
50520,LOX,0,3,0,0,4.253e-05,0.00103594,0.0410543
50530,LOX,7,3,4,3,4.572e-05,0.00226692,0.0201683
50540,LOX,0,3,3,3,4.4071e-05,0.00215674,0.0204341
50550,LOX,21,3,0,0,0.000550773,0.0014226,0.38716
50560,LOX,1,3,0,0,4.4821e-05,0.00108741,0.0412183
50570,LOX,0,3,0,0,4.438e-05,0.00105788,0.041952
50580,LOX,6,3,0,0,4.239e-05,0.00115433,0.0367227
50590,LOX,4,3,0,0,4.337e-05,0.00116672,0.0371727
50600,LOX,3,3,0,0,4.4051e-05,0.00117288,0.0375581
50610,LOX,1,3,0,0,4.436e-05,0.00105615,0.0420018
50620,LOX,1,3,0,0,4.475e-05,0.00106872,0.0418727
50630,LOX,14,3,0,0,0.000541042,0.0015092,0.358497
50640,LOX,32,3,0,0,0.000535612,0.00164098,0.326398
50650,LOX,8,3,0,0,0.000555013,0.00115886,0.478932
50660,LOX,0,3,0,0,4.364e-05,0.00104916,0.041595
50670,LOX,3,3,0,0,0.000537223,0.00112977,0.475513
50680,LOX,6,3,0,0,4.536e-05,0.00120862,0.0375305
50690,LOX,4,3,0,0,0.000536963,0.00109737,0.48932
50700,LOX,0,3,0,0,4.396e-05,0.00106609,0.041235
50710,LOX,1,3,8,3,4.42e-05,0.0021608,0.0204554
50720,LOX,1,3,1,3,4.38e-05,0.0021223,0.020638
50730,LOX,14,3,1,3,0.000535902,0.00234572,0.228459
50740,LOX,0,3,7,3,4.524e-05,0.00222103,0.0203689
50750,LOX,0,3,0,0,4.336e-05,0.00106566,0.0406882
50760,LOX,42,4,0,0,0.000543892,0.00186656,0.291388
50770,LOX,0,3,2,3,4.349e-05,0.00210147,0.020695
50780,LOX,12,3,0,0,0.000546883,0.00127169,0.430046
50790,LOX,33,3,0,0,0.000546053,0.00158897,0.343653
50800,LOX,2,3,0,0,4.429e-05,0.00112073,0.039519
50810,LOX,14,3,0,0,0.000552682,0.00121218,0.455942
50820,LOX,26,3,0,0,0.000538292,0.00149787,0.359372
50830,LOX,27,4,0,0,0.000551473,0.00192966,0.285788
50840,LOX,15,3,0,0,4.707e-05,0.00129459,0.0363591
50850,LOX,32,3,0,0,0.000544003,0.00142434,0.381934
50860,LOX,4,3,0,0,4.323e-05,0.00110494,0.0391245
50870,LOX,0,3,0,0,4.29e-05,0.00106178,0.040404
50880,LOX,3,3,0,0,4.4141e-05,0.00108796,0.0405721
50890,LOX,34,7,0,0,0.000563233,0.00252215,0.223314
50900,LOX,0,3,0,0,4.8861e-05,0.00106062,0.0460681
50910,LOX,0,3,2,3,4.464e-05,0.00214609,0.0208006
50920,LOX,5,3,2,3,4.5401e-05,0.00235337,0.0192919
50930,LOX,12,3,0,0,0.000551443,0.00124843,0.441711
50940,LOX,0,3,0,0,4.459e-05,0.00106482,0.0418754
50950,LOX,1,3,0,0,4.416e-05,0.00108492,0.0407036
50960,LOX,14,3,1,3,0.000565083,0.00236612,0.238823
50970,LOX,34,4,2,3,0.000559543,0.00326443,0.171406
50980,LOX,1,3,8,3,5.1111e-05,0.00225528,0.0226628
50990,LOX,1,3,7,3,4.345e-05,0.00219088,0.0198322
51000,LOX,12,3,0,0,0.000552322,0.00117215,0.471206
51010,LOX,1,3,0,0,4.541e-05,0.00107554,0.0422208
51020,LOX,16,4,0,0,4.4121e-05,0.00161739,0.0272792
51030,LOX,10,3,0,0,0.000529702,0.00124747,0.424622
51040,LOX,0,3,0,0,4.3741e-05,0.00103848,0.0421204
51050,LOX,0,3,0,0,4.431e-05,0.00106576,0.0415758
51060,LOX,25,3,0,0,0.000543053,0.00170014,0.319417
51070,LOX,9,3,0,0,4.444e-05,0.00133902,0.0331886
51080,LOX,26,3,0,0,0.000527632,0.00142293,0.370807
51090,LOX,28,3,0,0,0.000561562,0.0015838,0.354567
51100,LOX,0,3,0,0,4.389e-05,0.00106467,0.0412238
51110,LOX,0,3,0,0,4.333e-05,0.00105875,0.0409258
51120,LOX,2,3,1,3,4.378e-05,0.00210826,0.0207659
51130,LOX,3,3,0,0,4.313e-05,0.00109518,0.0393818
51140,LOX,10,3,0,0,4.475e-05,0.00122699,0.0364715
51150,LOX,0,3,5,3,4.293e-05,0.0023268,0.0184502
51160,LOX,84,5,0,0,0.000546292,0.00294299,0.185625
51170,LOX,0,3,0,0,4.4301e-05,0.00103087,0.0429742
51180,LOX,1,3,0,0,4.262e-05,0.00107638,0.0395959
51190,LOX,6,3,3,3,4.302e-05,0.00238081,0.0180695
51200,LOX,1,3,2,3,4.369e-05,0.00219111,0.0199397
51210,LOX,6,3,0,0,4.426e-05,0.00122611,0.036098
51220,LOX,2,3,0,0,4.3711e-05,0.00109249,0.0400103
51230,LOX,1,3,0,0,4.348e-05,0.00110246,0.0394389
51240,LOX,22,3,0,0,0.000555833,0.00134482,0.413315
51250,LOX,12,3,0,0,0.000543282,0.00121951,0.445494
51260,LOX,2,3,0,0,4.4061e-05,0.0011397,0.0386603
51270,LOX,5,3,0,0,0.000536503,0.00121948,0.439946
51280,LOX,79,3,0,0,0.000566732,0.00183569,0.30873
51290,LOX,0,3,0,0,4.36e-05,0.00105313,0.0414006
51300,LOX,0,3,0,0,4.501e-05,0.00105393,0.0427067
51310,LOX,1,3,0,0,4.4341e-05,0.00105484,0.042036
51320,LOX,0,3,0,0,4.357e-05,0.00104751,0.0415937
51330,LOX,0,3,0,0,4.352e-05,0.00107156,0.0406139
51340,LOX,9,3,0,0,4.319e-05,0.00125507,0.0344125
51350,LOX,0,3,0,0,4.369e-05,0.00107442,0.040664
51360,LOX,1,3,3,3,4.4231e-05,0.00217782,0.0203098
51370,LOX,29,3,0,0,0.000546252,0.00155435,0.351435
51380,LOX,0,3,0,0,4.4161e-05,0.00106663,0.0414026
51390,LOX,1,3,0,0,4.2821e-05,0.00109803,0.0389982
51400,LOX,4,3,0,0,0.000555993,0.00126818,0.438419
51410,LOX,1,3,9,3,4.575e-05,0.00223295,0.0204886
51420,LOX,1,3,0,0,4.392e-05,0.00105915,0.0414674
51430,LOX,20,3,10,3,0.000534722,0.00256668,0.208332
51440,LOX,0,3,0,0,4.3691e-05,0.00102255,0.0427273
51450,LOX,6,3,0,0,0.000548352,0.00128248,0.427573
51460,LOX,20,3,0,0,0.000540702,0.00139312,0.388124
51470,LOX,1,3,0,0,4.425e-05,0.00106968,0.0413673
51480,LOX,39,3,2,3,0.000549212,0.00254836,0.215516
51490,LOX,1,3,2,3,4.4271e-05,0.00213518,0.0207341
51500,LOX,0,3,6,3,4.2641e-05,0.00225948,0.018872
51510,LOX,0,3,0,0,4.321e-05,0.00104978,0.0411608
51520,LOX,52,3,0,0,0.000550072,0.00200237,0.274711
51530,LOX,1,3,0,0,4.391e-05,0.00107084,0.0410054
51540,LOX,1,3,0,0,4.19e-05,0.00107839,0.0388544
51550,LOX,9,3,0,0,4.368e-05,0.00135368,0.0322677
51560,LOX,35,3,0,0,0.000546192,0.00155723,0.350746
51570,LOX,1,3,0,0,4.391e-05,0.00108054,0.0406373
51580,LOX,3,3,0,0,4.4821e-05,0.00111093,0.0403457
51590,LOX,5,3,0,0,4.389e-05,0.00118128,0.0371547
51600,LOX,16,3,0,0,0.000553363,0.00156324,0.353985
51610,LOX,1,3,5,3,4.568e-05,0.00224259,0.0203693
51620,LOX,0,3,0,0,4.3511e-05,0.00104946,0.0414602
51630,LOX,0,3,0,0,4.494e-05,0.00104648,0.0429438
51640,LOX,0,3,0,0,4.303e-05,0.00104579,0.0411461
51650,LOX,12,3,0,0,0.000546072,0.00129247,0.422504
51660,LOX,8,3,0,0,4.422e-05,0.00146928,0.0300964
51670,LOX,1,3,0,0,4.475e-05,0.00106675,0.0419497
51680,LOX,1,3,6,3,4.55e-05,0.00225395,0.0201868
51690,LOX,1,3,11,3,4.402e-05,0.0022882,0.0192378
51700,LOX,1,3,10,3,4.428e-05,0.00229477,0.019296
51710,LOX,31,3,0,0,0.000536772,0.00181522,0.295706
51720,LOX,11,3,0,0,0.000547482,0.00138892,0.394179
51730,LOX,2,3,0,0,4.292e-05,0.00116957,0.0366974
51740,LOX,19,3,0,0,0.000546263,0.0012581,0.434199
51750,LOX,39,4,0,0,0.000565983,0.00205277,0.275717
51760,LOX,0,3,0,0,4.233e-05,0.00101581,0.041671
51770,LOX,3,3,0,0,4.279e-05,0.00116734,0.0366561
51780,LOX,1,3,0,0,4.372e-05,0.00108478,0.0403033
51790,LOX,5,3,0,0,4.5811e-05,0.00123532,0.0370845
51800,LOX,5,3,0,0,4.42e-05,0.00120885,0.0365635
51810,LOX,1,3,1,3,4.316e-05,0.00214276,0.0201422
51820,LOX,1,3,0,0,4.249e-05,0.00109085,0.0389514
51830,LOX,4,3,5,3,4.399e-05,0.00227964,0.0192969
51840,LOX,18,3,0,0,0.000538603,0.00133268,0.404151
51850,LOX,45,4,12,3,0.000535342,0.00335793,0.159426
51860,LOX,1,3,0,0,4.381e-05,0.00107754,0.0406576
51870,LOX,0,3,0,0,4.309e-05,0.00104578,0.0412039
51880,LOX,1,3,8,3,4.389e-05,0.00226671,0.0193629
51890,LOX,15,3,6,3,0.000544383,0.00275964,0.197266
51900,LOX,7,3,0,0,4.407e-05,0.00118421,0.0372145
51910,LOX,4,3,0,0,4.424e-05,0.00111527,0.0396677
51920,LOX,1,3,0,0,4.4151e-05,0.00110968,0.0397873
51930,LOX,4,3,0,0,4.5581e-05,0.00120469,0.0378361
51940,LOX,1,3,0,0,5.01e-05,0.00110988,0.0451398
51950,LOX,43,4,0,0,0.000560652,0.00201874,0.277724
51960,LOX,21,3,0,0,4.542e-05,0.00143307,0.0316943
51970,LOX,3,3,0,0,4.3911e-05,0.0011512,0.0381435
51980,LOX,3,3,0,0,4.376e-05,0.00107233,0.0408081
51990,LOX,33,3,0,0,0.000543883,0.00140693,0.386575
52000,LOX,16,3,0,0,0.000546002,0.00132496,0.412091
52010,LOX,1,3,4,3,4.412e-05,0.00216243,0.020403
52020,LOX,1,3,6,3,4.2921e-05,0.00227812,0.0188405
52030,LOX,38,4,2,3,0.000541493,0.00323267,0.167506
52040,LOX,9,3,0,0,4.534e-05,0.00122408,0.0370402
52050,LOX,31,3,13,3,0.000547393,0.00277095,0.197547
52060,LOX,1,3,0,0,4.561e-05,0.0010781,0.0423057
52070,LOX,1,3,0,0,4.312e-05,0.00107362,0.040163
52080,LOX,0,3,1,3,4.475e-05,0.00210394,0.0212696
52090,LOX,11,3,0,0,0.000543053,0.00146593,0.37045
52100,LOX,5,3,1,3,4.587e-05,0.00221254,0.0207318
52110,LOX,10,3,0,0,0.000540642,0.00115285,0.468963
52120,LOX,5,3,0,0,4.397e-05,0.00124492,0.0353197
52130,LOX,0,3,0,0,4.467e-05,0.00105845,0.0422034
52140,LOX,0,3,0,0,4.409e-05,0.00106047,0.0415761
52150,LOX,0,3,0,0,4.372e-05,0.0010661,0.0410091
52160,LOX,1,3,0,0,4.3031e-05,0.00105755,0.0406895
52170,LOX,1,3,0,0,4.397e-05,0.00108178,0.0406461
52180,LOX,27,3,0,0,0.000554603,0.00156124,0.355233
52190,LOX,22,3,0,0,0.000534133,0.00142003,0.376143
52200,LOX,1,3,0,0,4.397e-05,0.00108543,0.0405095
52210,LOX,19,3,0,0,0.000548343,0.00151239,0.362568
52220,LOX,1,3,0,0,4.476e-05,0.00108099,0.0414063
52230,LOX,0,3,2,3,4.33e-05,0.00214473,0.020189
52240,LOX,7,3,0,0,4.371e-05,0.00110793,0.0394518
52250,LOX,14,3,6,3,0.000535073,0.00261042,0.204976
52260,LOX,0,3,0,0,4.4101e-05,0.00107017,0.0412095
52270,LOX,42,5,0,0,0.000551262,0.00260407,0.211692
52280,LOX,22,3,0,0,0.000533063,0.00153286,0.347758
52290,LOX,1,3,5,3,4.295e-05,0.00232764,0.0184522
52300,LOX,1,3,0,0,4.5461e-05,0.00111145,0.0409022
52310,LOX,1,3,0,0,4.37e-05,0.00109292,0.0399848
52320,LOX,0,3,0,0,4.4451e-05,0.0010598,0.041943
52330,LOX,1,3,0,0,4.325e-05,0.00109936,0.0393412
52340,LOX,16,3,0,0,4.306e-05,0.00160085,0.0268982
52350,LOX,38,3,0,0,0.000547053,0.00171018,0.319881
52360,LOX,52,3,0,0,0.000565043,0.00195661,0.288787
52370,LOX,2,3,0,0,4.591e-05,0.00110355,0.0416023
52380,LOX,4,3,0,0,5.2881e-05,0.00110172,0.0479988
52390,LOX,0,3,3,3,4.489e-05,0.00216292,0.0207544
52400,LOX,1,3,0,0,4.381e-05,0.0010869,0.0403071
52410,LOX,14,3,7,3,4.405e-05,0.00236816,0.0186009
52420,LOX,14,3,0,0,4.407e-05,0.0012832,0.0343439
52430,LOX,1,3,0,0,4.437e-05,0.00108417,0.0409251
52440,LOX,0,3,2,3,4.393e-05,0.00212769,0.0206468
52450,LOX,12,3,7,3,0.000560853,0.00244856,0.229054
52460,LOX,4,3,0,0,4.606e-05,0.00119898,0.0384161
52470,LOX,1,3,0,0,4.468e-05,0.0010789,0.0414127
52480,LOX,1,3,3,3,4.443e-05,0.00214599,0.0207037
52490,LOX,0,3,0,0,4.407e-05,0.00105858,0.041631
52500,LOX,5,3,0,0,4.518e-05,0.00115843,0.0390009
52510,LOX,9,3,0,0,4.457e-05,0.00120038,0.0371301
52520,LOX,6,3,0,0,4.382e-05,0.00122903,0.0356542
52530,LOX,0,3,0,0,4.511e-05,0.00104729,0.0430729
52540,LOX,21,3,0,0,0.000542242,0.00165456,0.327726
52550,LOX,5,3,0,0,4.5061e-05,0.0011379,0.0396003
52560,LOX,8,3,0,0,0.000521813,0.00137763,0.378777
52570,LOX,20,3,0,0,0.000559612,0.00154958,0.361139
52580,LOX,2,3,0,0,4.349e-05,0.00110724,0.039278
52590,LOX,1,3,0,0,4.4001e-05,0.00112535,0.0391
52600,LOX,0,3,0,0,4.4811e-05,0.0010776,0.0415839
52610,LOX,1,3,0,0,4.547e-05,0.00107347,0.0423582
52620,LOX,1,3,4,3,4.352e-05,0.00216696,0.0200834
52630,LOX,2,3,3,3,4.434e-05,0.00214571,0.0206645
52640,LOX,2,3,5,3,4.3001e-05,0.00215912,0.019916
52650,LOX,25,3,0,0,0.000552982,0.00138046,0.400579
52660,LOX,0,3,0,0,4.344e-05,0.00104254,0.0416673
52670,LOX,14,3,0,0,4.378e-05,0.00131464,0.033302
52680,LOX,4,3,10,3,4.438e-05,0.00231926,0.0191354
52690,LOX,41,3,0,0,0.000559672,0.00174168,0.321341
52700,LOX,5,3,0,0,4.419e-05,0.00115265,0.0383379
52710,LOX,1,3,0,0,4.158e-05,0.00106766,0.0389448
52720,LOX,14,3,0,0,0.000537152,0.00122188,0.439613
52730,LOX,21,3,0,0,0.000545352,0.0015824,0.344636
52740,LOX,14,3,0,0,0.000543613,0.00132145,0.411377
52750,LOX,40,3,0,0,0.000553603,0.00177634,0.311654
52760,LOX,1,3,0,0,4.535e-05,0.00108004,0.041989
52770,LOX,0,3,0,0,4.341e-05,0.0010359,0.0419058
52780,LOX,6,3,0,0,4.408e-05,0.00124278,0.035469
52790,LOX,4,3,0,0,4.391e-05,0.00110333,0.0397975
52800,LOX,7,3,0,0,4.457e-05,0.00124875,0.0356918
52810,LOX,37,3,0,0,0.000550603,0.00158667,0.347019
52820,LOX,38,3,0,0,0.000544283,0.00170116,0.319949
52830,LOX,17,3,8,3,0.000548142,0.00262426,0.208875
52840,LOX,32,3,0,0,0.000568593,0.00158859,0.357924
52850,LOX,13,3,0,0,5.219e-05,0.00131493,0.0396904
52860,LOX,2,3,0,0,4.4141e-05,0.00109986,0.0401335
52870,LOX,9,3,4,3,4.403e-05,0.00240699,0.0182925
52880,LOX,18,3,0,0,0.000567802,0.00136135,0.417088
52890,LOX,1,3,6,3,4.36e-05,0.00220652,0.0197596
52900,LOX,27,3,0,0,0.000556052,0.00151042,0.368145
52910,LOX,1,3,0,0,4.301e-05,0.00105225,0.0408741
52920,LOX,35,4,0,0,0.000546693,0.00212267,0.25755
52930,LOX,20,3,0,0,4.457e-05,0.00156348,0.028507
52940,LOX,10,3,0,0,4.59e-05,0.00136416,0.0336472
52950,LOX,2,3,0,0,4.842e-05,0.00109217,0.0443336
52960,LOX,16,3,0,0,0.000544652,0.0014182,0.384045
52970,LOX,44,3,0,0,0.000554332,0.00192378,0.288147
52980,LOX,2,3,0,0,4.4031e-05,0.00112017,0.0393073
52990,LOX,1,3,0,0,4.3321e-05,0.00111867,0.0387253
53000,LOX,0,3,0,0,4.404e-05,0.00106379,0.041399
53010,LOX,8,3,9,3,4.441e-05,0.00251861,0.0176327
53020,LOX,0,3,0,0,4.322e-05,0.00105627,0.0409174
53030,LOX,10,3,0,0,0.000540143,0.0012298,0.439214
53040,LOX,0,3,6,3,4.3981e-05,0.00216433,0.0203208
53050,LOX,11,3,0,0,0.000552942,0.00123733,0.446881
53060,LOX,0,3,0,0,4.4281e-05,0.0010576,0.0418692
53070,LOX,1,3,0,0,4.314e-05,0.0010685,0.0403742
53080,LOX,16,3,0,0,0.000549933,0.0011869,0.463337
53090,LOX,0,3,0,0,4.428e-05,0.00104981,0.0421789
53100,LOX,34,5,1,3,0.000540973,0.0032851,0.164675
53110,LOX,20,3,0,0,0.000546943,0.00155725,0.351224
53120,LOX,13,3,0,0,4.445e-05,0.00126989,0.0350031
53130,LOX,13,3,0,0,4.3591e-05,0.00148292,0.0293954
53140,LOX,6,3,0,0,4.418e-05,0.00118034,0.03743
53150,LOX,0,3,0,0,4.444e-05,0.00110869,0.0400835
53160,LOX,4,3,0,0,4.389e-05,0.00107954,0.040656
53170,LOX,24,3,0,0,0.000544602,0.00145261,0.374914
53180,LOX,0,3,0,0,4.436e-05,0.00103534,0.042846
53190,LOX,2,3,0,0,4.445e-05,0.00107231,0.0414524
53200,LOX,1,3,0,0,4.4191e-05,0.00106128,0.0416391
53210,LOX,19,3,0,0,0.000551573,0.00154386,0.357269
53220,LOX,11,3,0,0,0.000526982,0.00125634,0.419459
53230,LOX,18,3,0,0,0.000545613,0.00138954,0.392658
53240,LOX,12,3,0,0,4.308e-05,0.00123688,0.0348297
53250,LOX,1,3,0,0,4.4071e-05,0.00111549,0.0395084
53260,LOX,0,3,0,0,4.327e-05,0.00105582,0.0409826
53270,LOX,1,3,0,0,4.464e-05,0.00108128,0.0412846
53280,LOX,0,3,0,0,4.281e-05,0.0010382,0.041235
53290,LOX,2,3,0,0,4.793e-05,0.00109815,0.0436459
53300,LOX,1,3,0,0,4.9061e-05,0.00113628,0.0431767
53310,LOX,2,3,0,0,4.367e-05,0.00109647,0.039828
53320,LOX,15,4,0,0,0.000560673,0.00183212,0.306024
53330,LOX,0,3,1,3,4.505e-05,0.00238668,0.0188756
53340,LOX,21,3,6,3,0.000540062,0.00366945,0.147178
53350,LOX,4,3,0,0,4.405e-05,0.00112053,0.0393119
53360,LOX,3,3,1,3,4.521e-05,0.00231163,0.0195576
53370,LOX,2,3,5,3,4.378e-05,0.00224498,0.0195013
53380,LOX,0,3,0,0,4.35e-05,0.00103538,0.0420138
53390,LOX,1,3,0,0,4.308e-05,0.00107931,0.0399142
53400,LOX,31,3,0,0,0.000546752,0.00128627,0.425069
53410,LOX,0,3,0,0,4.429e-05,0.00106386,0.0416316
53420,LOX,1,3,0,0,4.36e-05,0.00106952,0.0407658
53430,LOX,4,3,0,0,4.398e-05,0.0011228,0.0391698
53440,LOX,4,3,0,0,4.277e-05,0.00109292,0.0391339
53450,LOX,13,3,0,0,0.000550072,0.00120548,0.456311
53460,LOX,7,3,0,0,0.000542523,0.00118332,0.458477
53470,LOX,12,3,0,0,0.000563403,0.00132371,0.425625
53480,LOX,14,3,0,0,0.000543632,0.00134787,0.403328
53490,LOX,0,3,3,3,4.417e-05,0.00213245,0.0207133
53500,LOX,12,3,0,0,4.491e-05,0.00152883,0.0293755
53510,LOX,7,3,10,3,4.493e-05,0.00241298,0.0186201
53520,LOX,3,3,0,0,4.518e-05,0.00110851,0.0407576
53530,LOX,22,5,1,3,4.3351e-05,0.00315304,0.0137489
53540,LOX,1,3,0,0,4.414e-05,0.00106963,0.0412668
53550,LOX,0,3,3,3,4.427e-05,0.00219891,0.0201327
53560,LOX,1,3,0,0,4.444e-05,0.00106625,0.0416786
53570,LOX,4,3,1,3,4.347e-05,0.00229912,0.0189072
53580,LOX,2,3,3,3,4.512e-05,0.0022267,0.0202632
53590,LOX,21,3,0,0,0.000547503,0.00171465,0.319309
53600,LOX,18,3,1,3,0.000555032,0.0026703,0.207854
53610,LOX,11,3,0,0,4.503e-05,0.00122075,0.0368873
53620,LOX,0,3,0,0,4.305e-05,0.00105909,0.0406479
53630,LOX,0,3,0,0,4.2381e-05,0.00105042,0.0403469
53640,LOX,12,3,3,3,4.399e-05,0.00244612,0.0179836
53650,LOX,1,3,0,0,4.185e-05,0.00112243,0.037285
53660,LOX,1,3,0,0,4.337e-05,0.00108315,0.0400404
53670,LOX,3,3,0,0,4.397e-05,0.00109251,0.0402469
53680,LOX,10,3,0,0,0.000556302,0.00131099,0.424339
53690,LOX,6,3,0,0,5.017e-05,0.00120611,0.0415967
53700,LOX,1,3,0,0,4.359e-05,0.00111662,0.0390373
53710,LOX,33,4,0,0,0.000550393,0.00174614,0.315206
53720,LOX,3,3,2,3,4.374e-05,0.00217636,0.0200978
53730,LOX,0,3,2,3,4.425e-05,0.00213383,0.0207374
53740,LOX,0,3,0,0,4.387e-05,0.0010487,0.0418329
53750,LOX,2,3,2,3,4.404e-05,0.00218171,0.020186
53760,LOX,0,3,4,3,4.267e-05,0.00212139,0.0201142
53770,LOX,33,4,0,0,0.000548262,0.00205701,0.266533
53780,LOX,4,3,0,0,4.445e-05,0.00107169,0.0414764
53790,LOX,50,3,9,3,0.000572042,0.00314172,0.182079
53800,LOX,0,3,0,0,4.576e-05,0.00107427,0.0425966
53810,LOX,21,3,0,0,0.000538433,0.00147287,0.365568
53820,LOX,28,4,0,0,4.4021e-05,0.00189476,0.023233
53830,LOX,8,3,0,0,4.409e-05,0.00123739,0.0356316
53840,LOX,17,3,0,0,0.000563173,0.00132463,0.425156
53850,LOX,3,3,0,0,4.5341e-05,0.00112714,0.0402264
53860,LOX,30,3,0,0,0.000545112,0.00148063,0.368163
53870,LOX,35,3,0,0,0.000557222,0.00154709,0.360175
53880,LOX,2,3,0,0,4.432e-05,0.00111943,0.0395918
53890,LOX,34,3,0,0,0.000547652,0.00177053,0.309315
53900,LOX,17,3,0,0,0.000545152,0.00174418,0.312555
53910,LOX,0,3,0,0,4.396e-05,0.00105616,0.0416223
53920,LOX,23,3,0,0,0.000535042,0.0014425,0.370914
53930,LOX,0,3,0,0,4.4211e-05,0.00107058,0.0412965
53940,LOX,3,3,0,0,4.434e-05,0.00119466,0.0371153
53950,LOX,4,3,0,0,4.413e-05,0.00112401,0.039261
53960,LOX,10,3,0,0,4.59e-05,0.00135701,0.0338245
53970,LOX,1,3,2,3,4.2261e-05,0.00212224,0.0199134
53980,LOX,1,3,2,3,4.4611e-05,0.00215953,0.0206577
53990,LOX,18,3,2,3,0.000562603,0.00251501,0.223698
54000,LOX,11,3,2,3,0.000533753,0.0022652,0.235632
54010,LOX,17,3,0,0,0.000550923,0.00150631,0.365744
54020,LOX,43,4,0,0,0.000563223,0.00190246,0.29605
54030,LOX,0,3,0,0,4.443e-05,0.00103662,0.0428607
54040,LOX,1,3,0,0,4.389e-05,0.001052,0.0417207
54050,LOX,11,3,0,0,0.000545052,0.00127185,0.428552
54060,LOX,0,3,0,0,4.484e-05,0.00104657,0.0428445
54070,LOX,24,4,0,0,0.000567083,0.00171063,0.331506
54080,LOX,14,3,2,3,0.000555752,0.00250548,0.221814
54090,LOX,1,3,0,0,4.368e-05,0.0010716,0.0407613
54100,LOX,47,3,0,0,0.000545973,0.00184247,0.296327
54110,LOX,3,3,0,0,4.417e-05,0.00111108,0.0397539
54120,LOX,29,3,0,0,0.000560623,0.00158952,0.3527
54130,LOX,0,3,0,0,4.365e-05,0.00102593,0.0425466
54140,LOX,17,3,0,0,0.000548143,0.0013072,0.419327
54150,LOX,0,3,1,3,4.373e-05,0.00214999,0.0203396
54160,LOX,23,3,0,0,0.000557923,0.00163881,0.340445
54170,LOX,6,3,9,3,4.426e-05,0.00239605,0.0184721
54180,LOX,1,3,1,3,4.36e-05,0.00215848,0.0201994
54190,LOX,21,3,0,0,0.000565422,0.00141115,0.400683
54200,LOX,0,3,0,0,4.3491e-05,0.00105794,0.0411093
54210,LOX,1,3,0,0,4.53e-05,0.00114261,0.0396462
54220,LOX,1,3,0,0,4.6051e-05,0.00108826,0.042316
54230,LOX,13,3,0,0,0.000551562,0.0012297,0.448535
54240,LOX,35,5,0,0,0.000552593,0.00203253,0.271875
54250,LOX,13,3,0,0,0.000562083,0.00133739,0.420285
54260,LOX,0,3,0,0,4.305e-05,0.00103381,0.0416423
54270,LOX,7,3,0,0,0.000534183,0.00128174,0.416765
54280,LOX,0,3,0,0,4.403e-05,0.00104517,0.0421269
54290,LOX,1,3,0,0,4.47e-05,0.00106714,0.0418879
54300,LOX,1,3,0,0,4.335e-05,0.00110709,0.0391569
54310,LOX,0,3,2,3,4.542e-05,0.00207412,0.0218984
54320,LOX,15,3,0,0,4.4601e-05,0.00125051,0.0356664
54330,LOX,2,3,0,0,4.557e-05,0.00108332,0.0420649
54340,LOX,1,3,0,0,4.413e-05,0.00107464,0.0410647
54350,LOX,1,3,1,3,4.5401e-05,0.00219413,0.020692
54360,LOX,1,3,0,0,4.38e-05,0.00109152,0.0401277
54370,LOX,0,3,4,3,4.3381e-05,0.00213282,0.0203397
54380,LOX,0,3,0,0,4.4411e-05,0.0010481,0.0423727
54390,LOX,0,3,6,3,4.453e-05,0.00222083,0.0200511
54400,LOX,32,3,5,3,0.000543092,0.00272189,0.199527
54410,LOX,41,3,0,0,0.000565252,0.00176929,0.31948
54420,LOX,1,3,0,0,4.422e-05,0.00105403,0.0419535
54430,LOX,3,3,0,0,4.484e-05,0.00113708,0.0394345
54440,LOX,23,3,11,3,0.000561913,0.00305332,0.184034
54450,LOX,31,3,0,0,0.000552822,0.00197482,0.279936
54460,LOX,1,3,0,0,4.413e-05,0.00111977,0.0394097
54470,LOX,1,3,0,0,4.412e-05,0.00108708,0.040586
54480,LOX,1,3,0,0,4.344e-05,0.00107018,0.0405915
54490,LOX,27,3,0,0,4.617e-05,0.00175131,0.0263632
54500,LOX,12,3,0,0,4.527e-05,0.00128184,0.0353165
54510,LOX,0,3,0,0,4.5871e-05,0.00106276,0.0431623
54520,LOX,7,3,0,0,4.434e-05,0.00111728,0.0396858
54530,LOX,38,4,0,0,0.000562322,0.00192202,0.292568
54540,LOX,2,3,10,3,4.441e-05,0.00233316,0.0190343
54550,LOX,9,3,0,0,0.000530782,0.00127241,0.417148
54560,LOX,29,3,0,0,0.000551222,0.00159098,0.346467
54570,LOX,1,3,0,0,4.277e-05,0.00107865,0.0396512
54580,LOX,26,3,7,3,0.000555273,0.00273298,0.203175
54590,LOX,37,3,1,3,0.000547983,0.00271961,0.201493
54600,LOX,23,4,2,3,0.000547913,0.00276345,0.198271
54610,LOX,0,3,0,0,4.415e-05,0.00106043,0.0416339
54620,LOX,1,3,0,0,4.461e-05,0.00107409,0.0415326
54630,LOX,11,3,0,0,0.000543883,0.00121521,0.447561
54640,LOX,0,3,0,0,4.414e-05,0.00103527,0.0426364
54650,LOX,0,3,0,0,4.542e-05,0.00107585,0.0422176
54660,LOX,20,3,0,0,4.404e-05,0.00146984,0.0299625
54670,LOX,0,3,0,0,4.413e-05,0.00105692,0.0417536
54680,LOX,20,3,0,0,0.000541582,0.00132192,0.409695
54690,LOX,0,3,0,0,4.3971e-05,0.00105638,0.0416241
54700,LOX,52,4,0,0,0.000557953,0.0022485,0.248144
54710,LOX,15,3,0,0,0.000548563,0.0013403,0.409285
54720,LOX,19,3,0,0,0.000556843,0.00148416,0.375191
54730,LOX,0,3,0,0,4.378e-05,0.00104502,0.0418941
54740,LOX,8,3,2,3,4.4811e-05,0.00225051,0.0199115
54750,LOX,10,4,2,3,4.4401e-05,0.00259431,0.0171147
54760,LOX,0,3,0,0,4.5421e-05,0.00104681,0.0433898
54770,LOX,1,3,0,0,4.274e-05,0.00107146,0.0398897
54780,LOX,59,4,0,0,0.000549533,0.00216221,0.254153
54790,LOX,12,3,0,0,0.000555153,0.00138376,0.401193
54800,LOX,0,3,0,0,4.377e-05,0.00107596,0.0406798
54810,LOX,0,3,0,0,4.316e-05,0.00106707,0.0404474
54820,LOX,8,3,0,0,4.332e-05,0.00136687,0.0316929
54830,LOX,16,3,0,0,0.000544653,0.00130084,0.418695
54840,LOX,17,3,0,0,0.000546823,0.00120181,0.454998
54850,LOX,0,3,0,0,4.388e-05,0.00106445,0.0412234
54860,LOX,13,3,1,3,0.000544992,0.00247092,0.220562
54870,LOX,39,5,0,0,0.000557662,0.00248199,0.224683
54880,LOX,6,3,0,0,4.466e-05,0.00113556,0.0393288
54890,LOX,13,3,0,0,0.000539412,0.00141009,0.382538
54900,LOX,29,3,0,0,0.000536243,0.00159541,0.336117
54910,LOX,0,3,0,0,4.424e-05,0.00103524,0.0427338
54920,LOX,0,3,0,0,4.4941e-05,0.00104158,0.0431468
54930,LOX,1,3,0,0,4.344e-05,0.00107192,0.0405256
54940,LOX,0,3,0,0,4.425e-05,0.00108189,0.0409008
54950,LOX,19,3,0,0,0.000539212,0.00134764,0.400117
54960,LOX,1,3,0,0,4.355e-05,0.001044,0.0417144
54970,LOX,0,3,0,0,5.04e-05,0.00105477,0.0477827
54980,LOX,21,3,0,0,0.000537192,0.00174352,0.308108
54990,LOX,0,3,0,0,4.42e-05,0.0010601,0.041694
55000,LOX,6,3,0,0,0.000554323,0.00129143,0.429233
55010,LOX,23,3,0,0,0.000526722,0.00126101,0.4177
55020,LOX,37,3,0,0,0.000534543,0.00135682,0.393969
55030,LOX,1,3,5,3,4.4171e-05,0.00216856,0.0203688
55040,LOX,24,3,0,0,0.000534172,0.00145971,0.365945
55050,LOX,6,3,0,0,4.372e-05,0.00113568,0.0384969
55060,LOX,0,3,0,0,4.393e-05,0.00105817,0.0415149
55070,LOX,20,3,0,0,0.000540883,0.00129602,0.417343
55080,LOX,0,3,0,0,4.359e-05,0.00103977,0.0419225
55090,LOX,1,3,9,3,4.411e-05,0.00219386,0.0201061
55100,LOX,37,3,8,3,0.000551642,0.0028155,0.19593
55110,LOX,2,3,0,0,4.4901e-05,0.00121521,0.0369493
55120,LOX,37,3,0,0,0.000537422,0.00142926,0.376015
55130,LOX,2,3,0,0,4.748e-05,0.00114792,0.0413619
55140,LOX,22,3,0,0,0.000548782,0.00140778,0.389822
55150,LOX,33,3,0,0,0.000555213,0.00146511,0.378957
55160,LOX,1,3,0,0,4.401e-05,0.00108195,0.0406764
55170,LOX,1,3,0,0,4.309e-05,0.00105663,0.0407808
55180,LOX,12,3,0,0,0.000549863,0.00122919,0.447339
55190,LOX,0,3,0,0,4.21e-05,0.00105379,0.0399512
55200,LOX,19,3,0,0,0.000544193,0.00140752,0.386633
55210,LOX,19,3,0,0,0.000548032,0.00138431,0.395889
55220,LOX,5,3,0,0,0.000535403,0.00114805,0.466361
55230,LOX,0,3,0,0,4.5121e-05,0.00103809,0.0434652
55240,LOX,33,4,3,3,0.000552862,0.00306017,0.180664
55250,LOX,29,3,0,0,0.000571542,0.00159738,0.3578
55260,LOX,4,3,0,0,4.421e-05,0.00118851,0.037198
55270,LOX,1,3,1,3,4.3281e-05,0.00210587,0.0205526
55280,LOX,1,3,1,3,4.389e-05,0.00212627,0.0206418
55290,LOX,6,3,5,3,4.478e-05,0.00221883,0.0201818
55300,LOX,2,3,0,0,4.576e-05,0.00112521,0.0406678
55310,LOX,18,4,0,0,0.000558392,0.00164717,0.339001
55320,LOX,5,3,0,0,4.464e-05,0.00113326,0.0393909
55330,LOX,1,3,0,0,4.428e-05,0.00106682,0.0415067
55340,LOX,19,3,0,0,0.000534393,0.00148187,0.360622
55350,LOX,29,3,0,0,0.000537973,0.00140994,0.381558
55360,LOX,48,3,0,0,0.000539882,0.00170935,0.315841
55370,LOX,0,3,0,0,4.821e-05,0.00104659,0.0460641
55380,LOX,24,3,0,0,0.000561492,0.00173403,0.323808
55390,LOX,41,5,1,3,0.000552002,0.0034033,0.162196
55400,LOX,1,3,0,0,4.471e-05,0.00111508,0.040096
55410,LOX,0,3,0,0,4.368e-05,0.0010612,0.0411608
55420,LOX,3,3,7,3,4.423e-05,0.0022635,0.0195405
55430,LOX,14,3,4,3,0.000545632,0.00256092,0.213061
55440,LOX,5,3,2,3,4.379e-05,0.00235556,0.0185901
55450,LOX,38,4,1,3,0.000535723,0.00315103,0.170015
55460,LOX,4,3,6,3,4.481e-05,0.00237923,0.0188338
55470,LOX,16,3,2,3,0.000544483,0.00234342,0.232345
55480,LOX,1,3,0,0,4.3661e-05,0.00106807,0.0408782
55490,LOX,24,3,0,0,0.000542382,0.00133157,0.407326
55500,LOX,0,3,8,3,4.359e-05,0.00234267,0.018607
55510,LOX,21,3,0,0,0.000541683,0.0013092,0.413752
55520,LOX,1,3,0,0,4.476e-05,0.00107435,0.0416622
55530,LOX,0,3,0,0,4.36e-05,0.00104258,0.0418195
55540,LOX,30,3,0,0,0.000558923,0.00144526,0.386729
55550,LOX,42,3,0,0,0.000557852,0.00191668,0.291051
55560,LOX,1,3,0,0,4.476e-05,0.00110362,0.0405576
55570,LOX,16,3,0,0,0.000539463,0.00141691,0.380733
55580,LOX,24,3,0,0,0.000540322,0.00139755,0.386622
55590,LOX,0,3,0,0,4.4451e-05,0.00104894,0.0423769
55600,LOX,0,3,0,0,4.396e-05,0.00109023,0.040322
55610,LOX,8,3,2,3,4.705e-05,0.00222529,0.0211433
55620,LOX,24,3,11,3,0.000557293,0.00271963,0.204915
55630,LOX,3,3,0,0,4.332e-05,0.00144389,0.0300023
55640,LOX,11,3,0,0,4.356e-05,0.00136186,0.0319858
55650,LOX,1,3,2,3,4.5891e-05,0.00222773,0.0205999
55660,LOX,7,3,0,0,0.000548353,0.00113901,0.481427
55670,LOX,52,4,1,3,0.000554803,0.00359812,0.154193
55680,LOX,0,3,5,3,4.348e-05,0.00218501,0.0198992
55690,LOX,16,3,7,3,0.000560372,0.00253304,0.221225
55700,LOX,33,4,7,3,0.000549582,0.00307206,0.178897
55710,LOX,0,3,0,0,4.3371e-05,0.001049,0.0413453
55720,LOX,2,3,0,0,4.369e-05,0.00123499,0.0353769
55730,LOX,2,3,0,0,4.38e-05,0.00122895,0.0356403
55740,LOX,1,3,0,0,4.352e-05,0.00106811,0.0407447
55750,LOX,1,3,0,0,4.357e-05,0.00108227,0.0402582
55760,LOX,14,3,3,3,4.5161e-05,0.00244775,0.01845
55770,LOX,1,3,0,0,4.269e-05,0.00109979,0.0388167
55780,LOX,2,3,0,0,4.441e-05,0.00108527,0.0409205
55790,LOX,1,3,0,0,4.3941e-05,0.00108505,0.0404966
55800,LOX,2,3,0,0,4.356e-05,0.00114694,0.0379795
55810,LOX,22,3,3,3,0.000538323,0.00276571,0.194642
55820,LOX,1,3,1,3,4.453e-05,0.00220237,0.0202191
55830,LOX,7,3,2,3,4.3331e-05,0.00222871,0.0194422
55840,LOX,0,3,0,0,4.469e-05,0.00104623,0.0427155
55850,LOX,21,3,0,0,0.000548813,0.00139921,0.392231
55860,LOX,4,3,10,3,4.388e-05,0.00246855,0.0177756
55870,LOX,7,3,1,3,4.352e-05,0.00242673,0.0179336
55880,LOX,1,3,2,3,4.442e-05,0.00216304,0.0205359
55890,LOX,0,3,1,3,4.656e-05,0.00212968,0.0218624
55900,LOX,1,3,0,0,4.335e-05,0.00111002,0.0390535
55910,LOX,6,3,0,0,4.372e-05,0.00132718,0.0329421
55920,LOX,0,3,0,0,4.363e-05,0.00105043,0.0415352
55930,LOX,0,3,0,0,4.326e-05,0.0010498,0.041208
55940,LOX,1,3,0,0,4.4051e-05,0.00104586,0.0421192
55950,LOX,2,3,0,0,4.435e-05,0.00109568,0.0404773
55960,LOX,0,3,9,3,4.289e-05,0.00231705,0.0185106
55970,LOX,13,3,0,0,0.000535752,0.00141323,0.379098
55980,LOX,0,3,0,0,4.554e-05,0.00107916,0.0421997
55990,LOX,7,3,0,0,0.000548243,0.00126669,0.432814
56000,LOX,0,3,0,0,4.35e-05,0.0010769,0.0403939
56010,LOX,5,3,5,3,4.447e-05,0.00229359,0.0193888
56020,LOX,1,3,0,0,4.913e-05,0.00107379,0.045754
56030,LOX,25,3,6,3,0.000552582,0.00261321,0.211457
56040,LOX,1,3,0,0,4.57e-05,0.00109344,0.0417949
56050,LOX,24,3,8,3,0.000543712,0.00247383,0.219785
56060,LOX,1,3,0,0,4.323e-05,0.00108753,0.0397504
56070,LOX,0,3,2,3,4.393e-05,0.00210159,0.0209032
56080,LOX,1,3,0,0,4.452e-05,0.00109044,0.0408277
56090,LOX,22,3,1,3,0.000550463,0.00251002,0.219306
56100,LOX,40,5,0,0,0.000542013,0.00243699,0.222411
56110,LOX,45,3,0,0,0.000572563,0.00166003,0.344912
56120,LOX,1,3,0,0,4.452e-05,0.00106843,0.0416688
56130,LOX,0,3,0,0,4.437e-05,0.00105558,0.042034
56140,LOX,18,3,0,0,4.4431e-05,0.00123222,0.0360575
56150,LOX,0,3,0,0,4.367e-05,0.00106389,0.0410477
56160,LOX,12,3,0,0,4.529e-05,0.00134868,0.0335811
56170,LOX,0,3,0,0,4.346e-05,0.00104542,0.041572
56180,LOX,4,3,0,0,4.365e-05,0.00109825,0.0397452
56190,LOX,22,4,0,0,0.000543252,0.00189474,0.286716
56200,LOX,2,3,0,0,4.72e-05,0.00111481,0.0423389
56210,LOX,15,3,10,3,4.222e-05,0.00251078,0.0168155
56220,LOX,3,3,0,0,0.000554553,0.00107708,0.514869
56230,LOX,2,3,1,3,4.2341e-05,0.00214157,0.019771
56240,LOX,32,3,1,3,0.000546932,0.00246117,0.222224
56250,LOX,5,3,0,0,4.454e-05,0.0011625,0.0383141
56260,LOX,1,3,2,3,4.636e-05,0.00213609,0.0217032
56270,LOX,11,3,0,0,4.3151e-05,0.00142336,0.0303164
56280,LOX,15,3,0,0,0.000552212,0.00143562,0.384651
56290,LOX,15,3,0,0,0.000536352,0.00156125,0.343541
56300,LOX,19,3,0,0,4.321e-05,0.00159991,0.0270078
56310,LOX,17,3,0,0,0.000538862,0.0013157,0.409564
56320,LOX,1,3,0,0,4.45e-05,0.00105919,0.042013
56330,LOX,13,3,0,0,0.000555022,0.00138349,0.401176
56340,LOX,54,4,0,0,0.000553313,0.00221133,0.250217
56350,LOX,0,3,0,0,4.471e-05,0.00107086,0.0417513
56360,LOX,32,3,0,0,0.000679383,0.00148003,0.459034
56370,LOX,15,3,1,3,0.000551753,0.00244914,0.225284
56380,LOX,4,3,12,3,4.299e-05,0.00234347,0.0183446
56390,LOX,51,3,0,0,0.000544863,0.00170112,0.320297
56400,LOX,0,3,0,0,4.413e-05,0.00106897,0.0412829
56410,LOX,26,3,0,0,0.000556553,0.00149985,0.371073
56420,LOX,0,3,9,3,4.311e-05,0.00218539,0.0197265
56430,LOX,24,3,1,3,0.000536802,0.00239561,0.224077
56440,LOX,18,3,0,0,0.000548683,0.00146413,0.374751
56450,LOX,3,3,0,0,4.33e-05,0.00115062,0.0376317
56460,LOX,10,3,0,0,0.000566833,0.0011791,0.480732
56470,LOX,1,3,2,3,4.454e-05,0.00212146,0.020995
56480,LOX,0,3,0,0,4.464e-05,0.00105902,0.042152
56490,LOX,30,4,11,3,0.000552712,0.00298644,0.185074
56500,LOX,10,3,0,0,0.000546872,0.00118267,0.462406
56510,LOX,3,3,0,0,4.265e-05,0.00107379,0.0397193
56520,LOX,0,3,0,0,4.4271e-05,0.0010471,0.0422795
56530,LOX,23,3,0,0,0.000558152,0.00123974,0.450218
56540,LOX,0,3,0,0,4.404e-05,0.00102761,0.0428565
56550,LOX,2,3,0,0,4.3641e-05,0.00108953,0.0400551
56560,LOX,1,3,0,0,4.949e-05,0.00105587,0.0468711
56570,LOX,8,3,0,0,4.903e-05,0.00123344,0.0397507
56580,LOX,0,3,0,0,4.4101e-05,0.00104018,0.0423973
56590,LOX,0,3,0,0,4.491e-05,0.00105495,0.0425705
56600,LOX,8,4,0,0,4.381e-05,0.00152672,0.0286956
56610,LOX,39,6,0,0,0.000545032,0.00258478,0.210862
56620,LOX,1,3,0,0,4.389e-05,0.00107522,0.0408197
56630,LOX,1,3,0,0,4.305e-05,0.00105807,0.0406871
56640,LOX,1,3,0,0,4.395e-05,0.00107519,0.0408763
56650,LOX,5,3,0,0,4.503e-05,0.00116956,0.0385018
56660,LOX,8,3,0,0,4.57e-05,0.00120698,0.0378633
56670,LOX,2,3,0,0,4.359e-05,0.00109552,0.0397895
56680,LOX,1,3,0,0,4.284e-05,0.00109341,0.03918
56690,LOX,3,3,0,0,4.267e-05,0.00115245,0.0370253
56700,LOX,3,3,0,0,4.258e-05,0.00111273,0.0382661
56710,LOX,15,3,2,3,0.000543232,0.00240417,0.225954
56720,LOX,35,3,6,3,0.000565923,0.00279491,0.202483
56730,LOX,0,3,0,0,4.3751e-05,0.00105462,0.0414853
56740,LOX,7,3,10,3,4.342e-05,0.00233088,0.0186281
56750,LOX,9,3,10,3,4.287e-05,0.00243009,0.0176413
56760,LOX,17,3,6,3,0.000568132,0.00286914,0.198015
56770,LOX,1,3,0,0,4.454e-05,0.00106868,0.0416774
56780,LOX,5,3,9,3,4.357e-05,0.00228935,0.0190316
56790,LOX,7,3,3,3,4.437e-05,0.00240096,0.0184801
56800,LOX,11,3,7,3,0.000545503,0.00252874,0.215721
56810,LOX,3,3,0,0,4.303e-05,0.00113294,0.037981
56820,LOX,5,3,0,0,4.366e-05,0.00149943,0.0291178
56830,LOX,4,3,0,0,4.3981e-05,0.00117556,0.037413
56840,LOX,0,3,0,0,4.4401e-05,0.00105594,0.0420486
56850,LOX,0,3,0,0,4.422e-05,0.00106493,0.0415237
56860,LOX,24,3,0,0,4.357e-05,0.0016332,0.0266777
56870,LOX,7,3,0,0,0.000534542,0.00120202,0.444705
56880,LOX,6,3,0,0,4.393e-05,0.00109373,0.0401655
56890,LOX,1,3,0,0,4.342e-05,0.00108449,0.0400374
56900,LOX,15,3,0,0,0.000546453,0.00119369,0.457787
56910,LOX,14,3,0,0,4.576e-05,0.00148389,0.0308379
56920,LOX,1,3,6,3,4.402e-05,0.00227461,0.0193528
56930,LOX,0,3,0,0,4.318e-05,0.00105261,0.041022
56940,LOX,30,3,0,0,0.000555062,0.00150934,0.367752
56950,LOX,0,3,6,3,4.378e-05,0.00226647,0.0193164
56960,LOX,40,4,0,0,0.000577903,0.00201493,0.286811
56970,LOX,1,3,10,3,4.38e-05,0.00225459,0.019427
56980,LOX,0,3,0,0,4.408e-05,0.00105269,0.0418735
56990,LOX,14,3,1,3,4.4e-05,0.00244183,0.0180193
57000,LOX,1,3,0,0,4.374e-05,0.00110019,0.0397569
57010,LOX,18,3,0,0,4.407e-05,0.0013742,0.0320697
57020,LOX,0,3,0,0,4.653e-05,0.00103977,0.0447505
57030,LOX,0,3,0,0,4.343e-05,0.00105014,0.0413562
57040,LOX,2,3,0,0,4.3551e-05,0.00105287,0.0413643
57050,LOX,19,3,8,3,0.000536192,0.00254422,0.210749
57060,LOX,0,3,0,0,4.32e-05,0.00102882,0.0419896
57070,LOX,20,3,0,0,0.00183885,0.00139601,1.31722
57080,LOX,18,3,0,0,0.000542662,0.00131276,0.413376
57090,LOX,0,3,0,0,4.376e-05,0.00103422,0.0423123
57100,LOX,26,3,0,0,0.000536793,0.00157531,0.340754
57110,LOX,1,3,1,3,4.3281e-05,0.00210537,0.0205574
57120,LOX,1,3,2,3,4.472e-05,0.00211248,0.0211694
57130,LOX,36,3,6,3,0.000549132,0.00269936,0.20343
57140,LOX,9,3,0,0,0.000546952,0.00116212,0.470652
57150,LOX,1,3,0,0,4.405e-05,0.00108158,0.0407273
57160,LOX,1,3,0,0,4.326e-05,0.00105116,0.0411547
57170,LOX,0,3,1,3,4.457e-05,0.00212668,0.0209575
57180,LOX,9,3,12,3,0.000545033,0.00241211,0.225957
57190,LOX,1,3,2,3,4.378e-05,0.00211141,0.020735
57200,LOX,0,3,0,0,4.3891e-05,0.0010803,0.0406283
57210,LOX,0,3,0,0,4.426e-05,0.0010487,0.0422048
57220,LOX,4,3,0,0,4.4101e-05,0.00113038,0.0390145
57230,LOX,11,3,0,0,0.000545252,0.00127468,0.427757
57240,LOX,6,3,0,0,4.286e-05,0.00118285,0.0362347
57250,LOX,16,3,0,0,0.000556662,0.0012457,0.446865
57260,LOX,1,3,0,0,4.32e-05,0.00105101,0.0411031
57270,LOX,8,3,0,0,4.683e-05,0.00127139,0.0368338
57280,LOX,0,3,0,0,4.392e-05,0.00104371,0.0420809
57290,LOX,1,3,0,0,4.278e-05,0.00108047,0.0395941
57300,LOX,26,4,0,0,0.000550712,0.00189263,0.290977
57310,LOX,6,3,0,0,4.413e-05,0.00113091,0.0390218
57320,LOX,8,3,0,0,4.441e-05,0.00129372,0.0343275
57330,LOX,1,3,0,0,4.46e-05,0.00105922,0.0421067
57340,LOX,0,3,2,3,4.429e-05,0.00210521,0.0210383
57350,LOX,8,3,8,3,4.516e-05,0.00247611,0.0182383
57360,LOX,44,3,9,3,0.000556763,0.00294938,0.188773
57370,LOX,0,3,1,3,4.442e-05,0.00207879,0.0213682
57380,LOX,1,3,6,3,4.376e-05,0.00217515,0.0201182
57390,LOX,0,3,2,3,4.275e-05,0.00214137,0.0199639
57400,LOX,3,3,0,0,0.000544762,0.00113403,0.480379
57410,LOX,2,3,0,0,4.281e-05,0.00105959,0.0404022
57420,LOX,0,3,0,0,4.365e-05,0.00103158,0.0423139
57430,LOX,25,3,0,0,0.000548303,0.00149558,0.366616
57440,LOX,1,3,0,0,4.312e-05,0.00104937,0.0410911
57450,LOX,14,3,0,0,4.5441e-05,0.00133774,0.0339686
57460,LOX,0,3,0,0,4.473e-05,0.00103823,0.0430827
57470,LOX,0,3,0,0,4.376e-05,0.00103875,0.0421274
57480,LOX,30,4,0,0,0.000550013,0.00197322,0.278739
57490,LOX,0,3,0,0,4.44e-05,0.00104466,0.0425017
57500,LOX,0,3,0,0,4.443e-05,0.00106957,0.0415399
57510,LOX,3,3,0,0,4.6101e-05,0.00114876,0.0401313
57520,LOX,1,3,1,3,4.519e-05,0.00210903,0.0214269
57530,LOX,0,3,0,0,4.373e-05,0.0010359,0.0422143
57540,LOX,22,3,8,3,0.000559463,0.00277793,0.201395
57550,LOX,15,3,0,0,0.000566973,0.00133241,0.425526
57560,LOX,5,3,1,3,4.359e-05,0.00219632,0.0198468
57570,LOX,13,3,0,0,4.45e-05,0.00143303,0.0310531
57580,LOX,14,3,1,3,0.000543402,0.00245603,0.221252
57590,LOX,0,3,0,0,4.5961e-05,0.00103296,0.0444943
57600,LOX,0,3,0,0,4.441e-05,0.0010647,0.0417115
57610,LOX,7,3,1,3,4.4681e-05,0.00230048,0.0194225
57620,LOX,28,3,0,0,0.000550482,0.00136426,0.403503
57630,LOX,1,3,0,0,4.463e-05,0.00106627,0.041856
57640,LOX,88,5,0,0,0.000561853,0.00317374,0.177032
57650,LOX,4,3,0,0,4.4451e-05,0.00113378,0.0392062
57660,LOX,19,3,0,0,0.000553233,0.00153889,0.359502
57670,LOX,3,3,0,0,4.5421e-05,0.00107398,0.0422924
57680,LOX,16,3,0,0,0.000552872,0.00129788,0.425982
57690,LOX,25,3,0,0,0.000572393,0.00141897,0.403387
57700,LOX,11,3,0,0,0.000562452,0.00141749,0.396795
57710,LOX,18,3,1,3,0.000553113,0.00248788,0.222323
57720,LOX,20,3,10,3,0.000549173,0.00279919,0.19619
57730,LOX,1,3,0,0,4.415e-05,0.00106398,0.0414949
57740,LOX,3,3,1,3,4.469e-05,0.00217087,0.0205862
57750,LOX,7,3,0,0,4.472e-05,0.00171554,0.0260676
57760,LOX,13,3,7,3,0.000553063,0.00240128,0.23032
57770,LOX,12,3,0,0,4.416e-05,0.00127974,0.0345071
57780,LOX,22,4,0,0,0.000544923,0.00162927,0.334459
57790,LOX,1,3,12,3,4.474e-05,0.00224664,0.0199142
57800,LOX,1,3,0,0,4.304e-05,0.00109939,0.0391488
57810,LOX,1,3,0,0,4.2881e-05,0.00105915,0.0404864
57820,LOX,0,3,0,0,4.2901e-05,0.00104954,0.0408762
57830,LOX,1,3,0,0,4.443e-05,0.00103972,0.0427329
57840,LOX,3,3,0,0,4.7271e-05,0.00115219,0.0410273
57850,LOX,16,3,0,0,0.000569932,0.00130321,0.437331
57860,LOX,0,3,0,0,4.3151e-05,0.00105275,0.0409887
57870,LOX,0,3,0,0,4.3161e-05,0.00102543,0.0420905
57880,LOX,22,3,0,0,0.000540143,0.00131193,0.411718
57890,LOX,2,3,0,0,4.47e-05,0.00107945,0.0414098
57900,LOX,0,3,0,0,4.511e-05,0.00106532,0.0423443
57910,LOX,4,3,1,3,4.432e-05,0.00221624,0.0199978
57920,LOX,0,3,0,0,4.8721e-05,0.00105981,0.0459712
57930,LOX,10,3,0,0,0.000549383,0.00126087,0.435719
57940,LOX,0,3,0,0,4.363e-05,0.001047,0.0416716
57950,LOX,1,3,0,0,4.3031e-05,0.00110756,0.0388522
57960,LOX,0,3,0,0,4.499e-05,0.0010528,0.0427339
57970,LOX,0,3,0,0,5.0811e-05,0.00105433,0.0481929
57980,LOX,1,3,1,3,4.442e-05,0.00210296,0.0211226
57990,LOX,0,3,1,3,4.42e-05,0.00250225,0.0176641
58000,LOX,1,3,0,0,4.385e-05,0.00111009,0.0395015
58010,LOX,12,3,0,0,0.000560083,0.00128602,0.435518
58020,LOX,0,3,0,0,4.28e-05,0.00103777,0.0412421
58030,LOX,2,3,0,0,4.419e-05,0.00106334,0.0415579
58040,LOX,0,3,0,0,4.3361e-05,0.00105599,0.0410617
58050,LOX,5,3,0,0,4.329e-05,0.00108352,0.0399529
58060,LOX,25,3,0,0,0.000566473,0.00151623,0.373607
58070,LOX,0,3,0,0,4.3411e-05,0.00105726,0.0410601
58080,LOX,1,3,0,0,4.575e-05,0.0010769,0.0424833
58090,LOX,38,3,0,0,0.000553693,0.00189631,0.291985
58100,LOX,35,3,0,0,0.000552373,0.00159458,0.346407
58110,LOX,21,3,1,3,0.000555023,0.00257813,0.215281
58120,LOX,1,3,0,0,4.5401e-05,0.00106533,0.0426167
58130,LOX,2,3,0,0,4.442e-05,0.00108704,0.0408634
58140,LOX,58,5,4,3,0.000557513,0.00368087,0.151462
58150,LOX,24,3,8,3,0.000553453,0.00277616,0.199359
58160,LOX,21,4,2,3,0.000538683,0.00285671,0.188567
58170,LOX,11,3,0,0,4.3051e-05,0.00131406,0.0327619
58180,LOX,12,3,0,0,4.382e-05,0.00141446,0.0309801
58190,LOX,0,3,2,3,4.319e-05,0.00213204,0.0202576
58200,LOX,0,3,0,0,4.451e-05,0.00106514,0.0417878
58210,LOX,11,3,0,0,4.4331e-05,0.00139384,0.031805
58220,LOX,2,3,0,0,4.487e-05,0.00110432,0.0406315
58230,LOX,3,3,0,0,4.427e-05,0.00107986,0.0409962
58240,LOX,23,3,0,0,0.000555632,0.00148015,0.37539
58250,LOX,37,3,0,0,0.000556073,0.00160164,0.34719
58260,LOX,2,3,0,0,4.3751e-05,0.00108664,0.0402628
58270,LOX,2,3,0,0,4.379e-05,0.00106984,0.0409315
58280,LOX,0,3,0,0,4.297e-05,0.0010508,0.0408925
58290,LOX,9,3,0,0,0.000550303,0.00122849,0.447953
58300,LOX,1,3,0,0,4.923e-05,0.00107234,0.0459087
58310,LOX,0,3,0,0,4.314e-05,0.00105861,0.0407514
58320,LOX,31,3,0,0,0.000538853,0.00145673,0.369907
58330,LOX,0,3,0,0,4.4101e-05,0.00103689,0.0425318
58340,LOX,1,3,0,0,4.32e-05,0.00107996,0.0400017
58350,LOX,0,3,0,0,4.428e-05,0.0010778,0.0410839
58360,LOX,1,3,0,0,4.4271e-05,0.00105942,0.0417878
58370,LOX,5,3,0,0,4.3681e-05,0.00113813,0.0383798
58380,LOX,1,3,0,0,4.291e-05,0.00106922,0.0401322
58390,LOX,0,3,0,0,4.385e-05,0.00103973,0.0421746
58400,LOX,23,3,0,0,0.000546573,0.00152124,0.359295
58410,LOX,0,3,14,3,4.543e-05,0.0022336,0.0203394
58420,LOX,1,3,5,3,4.454e-05,0.00213266,0.0208847
58430,LOX,9,4,9,3,4.509e-05,0.00271112,0.0166315
58440,LOX,4,3,0,0,4.47e-05,0.00119899,0.0372815
58450,LOX,0,3,0,0,4.3681e-05,0.00105054,0.0415798
58460,LOX,14,3,8,3,0.000542733,0.00229637,0.236344
58470,LOX,0,3,0,0,4.7921e-05,0.00103641,0.0462373
58480,LOX,25,3,0,0,0.000548073,0.00133341,0.411032
58490,LOX,19,3,0,0,0.000543233,0.00178183,0.304874
58500,LOX,22,3,0,0,0.000541303,0.00149462,0.362168
58510,LOX,1,3,0,0,4.299e-05,0.0010746,0.0400054
58520,LOX,12,3,0,0,0.000551042,0.00135073,0.40796
58530,LOX,3,3,0,0,4.3581e-05,0.0011352,0.0383908
58540,LOX,1,3,10,3,4.495e-05,0.00226663,0.0198312
58550,LOX,8,3,0,0,4.619e-05,0.00116428,0.0396724
58560,LOX,7,3,0,0,4.4341e-05,0.00114197,0.0388283
58570,LOX,6,3,0,0,4.481e-05,0.00126786,0.0353431
58580,LOX,8,3,0,0,4.402e-05,0.00116113,0.0379115
58590,LOX,54,5,0,0,0.000550152,0.002156,0.255173
58600,LOX,31,3,0,0,0.000555342,0.00175839,0.315824
58610,LOX,21,3,3,3,0.000539152,0.00259263,0.207955
58620,LOX,35,3,12,3,0.000542412,0.00315475,0.171935
58630,LOX,37,3,0,0,0.000553533,0.00171516,0.32273
58640,LOX,1,3,2,3,4.345e-05,0.00218631,0.0198737
58650,LOX,1,3,10,3,4.4281e-05,0.00225171,0.0196655
58660,LOX,0,3,3,3,4.552e-05,0.00212715,0.0213995
58670,LOX,4,3,9,3,4.346e-05,0.002348,0.0185094
58680,LOX,1,3,5,3,4.435e-05,0.00225096,0.0197027
58690,LOX,0,3,5,3,4.363e-05,0.00214665,0.0203247
58700,LOX,4,3,2,3,0.000544983,0.00233377,0.23352
58710,LOX,33,3,0,0,0.000546573,0.00155107,0.352385
58720,LOX,0,3,0,0,4.3701e-05,0.0010451,0.0418153
58730,LOX,7,3,0,0,0.000548913,0.00120663,0.454916
58740,LOX,0,3,0,0,4.255e-05,0.00106075,0.0401133
58750,LOX,0,3,0,0,4.314e-05,0.00107138,0.040266
58760,LOX,22,3,0,0,0.000521132,0.00125686,0.414631
58770,LOX,3,3,0,0,4.418e-05,0.00112304,0.0393398
58780,LOX,45,3,0,0,0.000553243,0.00169635,0.326138
58790,LOX,14,3,0,0,0.000555433,0.00145983,0.380479
58800,LOX,34,3,0,0,0.000552323,0.00185995,0.296956
58810,LOX,31,3,2,3,0.000555113,0.002728,0.203487
58820,LOX,15,3,0,0,0.000549042,0.0012528,0.438253
58830,LOX,11,3,0,0,0.000548622,0.00120031,0.457068
58840,LOX,12,3,0,0,0.000571852,0.00135061,0.423404
58850,LOX,4,3,0,0,4.2361e-05,0.00120307,0.0352109
58860,LOX,19,3,0,0,0.000550362,0.00133243,0.413053
58870,LOX,37,3,3,3,0.000542662,0.00272788,0.198932
58880,LOX,3,3,4,3,4.531e-05,0.00225107,0.0201282
58890,LOX,0,3,1,3,4.1781e-05,0.00209977,0.0198979
58900,LOX,2,3,0,0,4.333e-05,0.00133928,0.0323533
58910,LOX,15,3,0,0,0.000547203,0.00139712,0.391666
58920,LOX,0,3,0,0,4.2811e-05,0.00105124,0.0407241
58930,LOX,4,3,0,0,4.3941e-05,0.0011225,0.0391455
58940,LOX,2,3,0,0,4.36e-05,0.00110136,0.0395872
58950,LOX,20,3,0,0,0.000539632,0.00142169,0.379572
58960,LOX,2,3,0,0,5.051e-05,0.00108723,0.0464577
58970,LOX,20,3,0,0,0.000541292,0.00158366,0.341799
58980,LOX,16,3,1,3,4.454e-05,0.00239131,0.0186258
58990,LOX,30,3,0,0,0.000537692,0.00165637,0.324621
59000,LOX,0,3,6,3,4.369e-05,0.00238046,0.0183536
59010,LOX,11,3,0,0,0.000540063,0.00122902,0.439424
59020,LOX,21,3,2,3,0.000538433,0.00241138,0.223288
59030,LOX,0,3,1,3,4.785e-05,0.00213035,0.0224611
59040,LOX,6,3,0,0,0.000537813,0.00120473,0.446416
59050,LOX,26,3,0,0,0.000562953,0.00151353,0.371948
59060,LOX,16,3,10,3,4.384e-05,0.00260261,0.0168446
59070,LOX,20,3,1,3,0.000548743,0.00252151,0.217625
59080,LOX,1,3,0,0,4.2751e-05,0.00107832,0.0396457
59090,LOX,19,3,0,0,4.465e-05,0.00152533,0.0292724
59100,LOX,1,3,1,3,4.38e-05,0.00219493,0.0199551
59110,LOX,1,3,0,0,4.419e-05,0.00106361,0.0415474
59120,LOX,49,3,0,0,0.000552633,0.0018456,0.299433
59130,LOX,10,3,0,0,0.000549212,0.00264715,0.207473
59140,LOX,32,3,0,0,0.000550262,0.00147536,0.372969
59150,LOX,1,3,0,0,4.442e-05,0.00112512,0.0394804
59160,LOX,18,3,0,0,0.000548523,0.00159017,0.344947
59170,LOX,0,3,0,0,4.33e-05,0.00104969,0.0412505
59180,LOX,4,3,0,0,4.546e-05,0.00109159,0.0416455
59190,LOX,7,3,0,0,4.57e-05,0.00119679,0.0381856
59200,LOX,0,3,0,0,4.365e-05,0.00107343,0.0406642
59210,LOX,31,3,1,3,0.000545593,0.00257312,0.212035
59220,LOX,23,3,0,0,0.000551503,0.00144669,0.381218
59230,LOX,2,3,1,3,4.501e-05,0.00213279,0.0211038
59240,LOX,28,3,9,3,0.000558812,0.00279364,0.20003
59250,LOX,12,3,0,0,0.000550943,0.00144012,0.382568
59260,LOX,11,3,3,3,4.3201e-05,0.00225046,0.0191965
59270,LOX,19,3,3,3,0.000552023,0.00251144,0.219803
59280,LOX,23,3,0,0,0.000548773,0.00139392,0.393692
59290,LOX,4,3,0,0,0.000553943,0.00111908,0.494996
59300,LOX,0,3,0,0,4.505e-05,0.00108209,0.0416322
59310,LOX,32,3,0,0,0.000542412,0.00172796,0.313903
59320,LOX,9,3,0,0,4.278e-05,0.00123092,0.0347546
59330,LOX,26,3,0,0,0.000555192,0.00163245,0.340098
59340,LOX,9,3,0,0,4.321e-05,0.00125751,0.0343617
59350,LOX,19,3,0,0,0.000564002,0.00132254,0.426455
59360,LOX,13,3,0,0,0.000555603,0.00123175,0.451069
59370,LOX,3,3,0,0,4.403e-05,0.00117117,0.037595
59380,LOX,3,3,0,0,4.511e-05,0.00112072,0.0402507
59390,LOX,2,3,0,0,4.437e-05,0.00110176,0.0402721
59400,LOX,0,3,0,0,4.3561e-05,0.00106595,0.0408661
59410,LOX,0,3,0,0,4.236e-05,0.00103227,0.041036
59420,LOX,32,3,8,3,0.000538163,0.00290938,0.184975
59430,LOX,16,3,2,3,0.000551343,0.00233888,0.235729
59440,LOX,7,3,20,3,0.000543032,0.0026618,0.204009
59450,LOX,0,3,0,0,4.532e-05,0.00109009,0.0415747
59460,LOX,7,3,6,3,0.000536122,0.00238812,0.224495
59470,LOX,45,4,0,0,0.000548503,0.00174754,0.313872
59480,LOX,0,3,3,3,4.512e-05,0.00214589,0.0210262
59490,LOX,0,3,0,0,4.388e-05,0.00105821,0.0414664
59500,LOX,17,3,0,0,0.000548273,0.00151601,0.361656
59510,LOX,1,3,0,0,4.344e-05,0.00106044,0.0409639
59520,LOX,5,3,0,0,0.000548733,0.00112119,0.489418
59530,LOX,20,3,0,0,4.374e-05,0.00157703,0.0277357
59540,LOX,5,3,0,0,4.445e-05,0.00110713,0.0401487
59550,LOX,0,3,0,0,4.434e-05,0.00106984,0.0414456
59560,LOX,39,3,0,0,0.000554882,0.00173464,0.319883
59570,LOX,1,3,0,0,4.393e-05,0.0010513,0.0417866
59580,LOX,1,3,0,0,5.096e-05,0.00106718,0.0477522
59590,LOX,4,3,0,0,0.000550832,0.00117398,0.469202
59600,LOX,1,3,0,0,4.3791e-05,0.00123603,0.0354286
59610,LOX,3,3,0,0,5.056e-05,0.00108585,0.0465624
59620,LOX,35,3,1,3,0.000555883,0.00272613,0.203909
59630,LOX,7,3,0,0,4.465e-05,0.00125007,0.0357181
59640,LOX,2,3,6,3,4.363e-05,0.00222811,0.0195816
59650,LOX,0,3,2,3,4.261e-05,0.00217264,0.0196121
59660,LOX,0,3,0,0,4.348e-05,0.0010598,0.0410268
59670,LOX,0,3,1,3,4.475e-05,0.0021099,0.0212095
59680,LOX,32,3,0,0,0.000548082,0.00146469,0.374197
59690,LOX,3,3,5,3,4.3911e-05,0.00233255,0.0188253
59700,LOX,20,3,5,3,0.000540772,0.00266601,0.202839
59710,LOX,1,3,0,0,4.537e-05,0.00107517,0.0421981
59720,LOX,9,3,0,0,0.000542263,0.00134984,0.401725
59730,LOX,1,3,0,0,4.395e-05,0.00104896,0.0418988
59740,LOX,4,3,10,3,4.5831e-05,0.00240917,0.0190236
59750,LOX,3,3,0,0,4.398e-05,0.0010963,0.0401166
59760,LOX,15,3,0,0,0.000545512,0.0015043,0.362636
59770,LOX,1,3,0,0,4.337e-05,0.00107019,0.0405253
59780,LOX,23,3,0,0,0.000554103,0.00158967,0.348565
59790,LOX,0,3,0,0,4.397e-05,0.00104944,0.0418983
59800,LOX,0,3,10,4,4.456e-05,0.00281968,0.0158032
59810,LOX,8,3,0,0,0.000535542,0.001423,0.376348
59820,LOX,20,3,6,3,0.000549903,0.00263326,0.20883
59830,LOX,27,3,8,3,0.000544593,0.00267534,0.20356
59840,LOX,11,3,0,0,0.000553052,0.00123492,0.447846
59850,LOX,0,3,0,0,4.5101e-05,0.00107854,0.0418169
59860,LOX,5,3,0,0,4.409e-05,0.00112061,0.0393448
59870,LOX,0,3,0,0,4.408e-05,0.00108111,0.0407727
59880,LOX,0,3,1,3,4.362e-05,0.00213812,0.0204011
59890,LOX,2,3,0,0,4.971e-05,0.00107463,0.0462576
59900,LOX,1,3,0,0,4.307e-05,0.00108636,0.0396463
59910,LOX,2,3,0,0,4.346e-05,0.00108376,0.0401013
59920,LOX,2,3,0,0,4.8661e-05,0.00109567,0.0444119
59930,LOX,1,3,0,0,4.353e-05,0.00105482,0.0412675
59940,LOX,10,3,0,0,0.000530212,0.0011902,0.445483
59950,LOX,2,3,0,0,4.322e-05,0.00107063,0.0403686
59960,LOX,1,3,0,0,4.317e-05,0.0010862,0.0397442
59970,LOX,14,3,0,0,0.000535403,0.00132111,0.405269
59980,LOX,0,3,0,0,4.495e-05,0.00105817,0.0424792
59990,LOX,10,3,0,0,4.444e-05,0.00161244,0.0275608
60000,LOX,4,3,0,0,4.478e-05,0.00111416,0.0401919
60010,LOX,0,3,0,0,4.423e-05,0.00105416,0.0419574
60020,LOX,37,4,9,3,0.000564373,0.00323332,0.174549
60030,LOX,0,3,0,0,4.214e-05,0.00105134,0.0400824
60040,LOX,1,3,0,0,4.417e-05,0.0010739,0.0411303
60050,LOX,15,3,0,0,4.465e-05,0.00136709,0.0326607
60060,LOX,4,3,0,0,4.329e-05,0.00109911,0.0393862
60070,LOX,29,3,0,0,0.000547583,0.00156735,0.349369
60080,LOX,17,3,0,0,0.000551482,0.00126096,0.437352
60090,LOX,1,3,0,0,4.284e-05,0.00107999,0.0396672
60100,LOX,7,3,7,3,0.000540283,0.00258015,0.2094
60110,LOX,2,3,0,0,4.4391e-05,0.00109234,0.0406386
60120,LOX,2,3,10,3,4.5171e-05,0.00233263,0.0193648
60130,LOX,1,3,0,0,4.543e-05,0.00107335,0.0423256
60140,LOX,2,3,0,0,4.1511e-05,0.00113638,0.036529
60150,LOX,6,3,0,0,0.000552072,0.00143297,0.385265
60160,LOX,0,3,0,0,4.226e-05,0.00103195,0.0409518
60170,LOX,27,3,0,0,0.000543703,0.00151506,0.358866
60180,LOX,1,3,7,3,4.359e-05,0.00218467,0.0199527
60190,LOX,0,3,0,0,4.491e-05,0.00105403,0.0426081
60200,LOX,0,3,7,3,4.303e-05,0.00227602,0.0189058
60210,LOX,7,3,0,0,4.488e-05,0.00125999,0.0356194
60220,LOX,27,4,0,0,4.403e-05,0.00169175,0.0260263
60230,LOX,0,3,0,0,4.417e-05,0.00103136,0.0428272
60240,LOX,0,3,0,0,4.52e-05,0.00104444,0.0432766
60250,LOX,10,4,0,0,4.397e-05,0.00154873,0.0283911
60260,LOX,4,3,0,0,4.332e-05,0.00121148,0.0357578
60270,LOX,0,3,0,0,4.518e-05,0.00105288,0.0429107
60280,LOX,21,4,0,0,0.000547113,0.00185427,0.295056
60290,LOX,1,3,0,0,4.3641e-05,0.00106952,0.0408041
60300,LOX,30,5,1,3,5.12e-05,0.00333124,0.0153697
60310,LOX,18,3,0,0,0.000551723,0.00122441,0.450605
60320,LOX,1,3,0,0,4.4121e-05,0.0010768,0.040974
60330,LOX,7,3,0,0,4.6341e-05,0.00118676,0.0390485
60340,LOX,21,3,0,0,0.000555902,0.00159454,0.348629
60350,LOX,0,3,3,3,4.5e-05,0.00223785,0.0201086
60360,LOX,1,3,1,3,4.445e-05,0.00210622,0.0211042
60370,LOX,0,3,13,3,4.57e-05,0.00230127,0.0198586
60380,LOX,6,3,0,0,4.4661e-05,0.0011703,0.0381618
60390,LOX,8,3,0,0,0.000544673,0.0011979,0.454692
60400,LOX,0,3,8,3,5.019e-05,0.00222702,0.0225368
60410,LOX,6,3,0,0,4.5961e-05,0.00116895,0.0393184
60420,LOX,1,3,0,0,4.4461e-05,0.00109529,0.0405931
60430,LOX,13,3,0,0,0.000554482,0.00125514,0.44177
60440,LOX,20,3,0,0,0.000561133,0.00140436,0.399566
60450,LOX,13,3,0,0,0.000548833,0.00132053,0.415617
60460,LOX,1,3,0,0,4.528e-05,0.0010607,0.0426886
60470,LOX,1,3,0,0,4.378e-05,0.00107347,0.0407838
60480,LOX,47,3,15,3,0.000551273,0.00315039,0.174985
60490,LOX,1,3,0,0,4.4961e-05,0.00108172,0.0415642
60500,LOX,1,3,0,0,4.519e-05,0.00109679,0.0412022
60510,LOX,65,4,2,3,0.000560262,0.0030036,0.18653
60520,LOX,18,3,0,0,0.000542203,0.00125003,0.433754
60530,LOX,0,3,9,3,4.468e-05,0.00231387,0.0193096
60540,LOX,6,3,0,0,4.493e-05,0.00118836,0.0378085
60550,LOX,3,3,0,0,4.484e-05,0.00120363,0.0372541
60560,LOX,19,3,2,3,0.000552433,0.00233052,0.237043
60570,LOX,2,3,0,0,4.449e-05,0.00107661,0.041324
60580,LOX,3,3,3,3,4.542e-05,0.00223872,0.0202884
60590,LOX,71,4,7,3,0.000559222,0.00363486,0.15385
60600,LOX,4,3,5,3,4.619e-05,0.00220972,0.0209031
60610,LOX,1,3,0,0,4.418e-05,0.00108468,0.0407307
60620,LOX,2,3,0,0,4.3391e-05,0.00111297,0.0389865
60630,LOX,5,3,0,0,4.443e-05,0.00115774,0.0383767
60640,LOX,51,4,0,0,0.000555392,0.00207462,0.267708
60650,LOX,1,3,0,0,4.484e-05,0.00107557,0.0416897
60660,LOX,0,3,0,0,4.338e-05,0.00102678,0.0422484
60670,LOX,0,3,0,0,4.4781e-05,0.00106026,0.0422357
60680,LOX,15,3,0,0,0.000562833,0.00125176,0.449635
60690,LOX,0,3,0,0,4.7921e-05,0.00104877,0.0456924
60700,LOX,1,3,0,0,5.1031e-05,0.00110487,0.0461871
60710,LOX,1,3,0,0,4.3971e-05,0.00108256,0.0406174
60720,LOX,0,3,2,3,4.33e-05,0.00205944,0.0210251
60730,LOX,18,4,0,0,0.000549713,0.00178601,0.307789
60740,LOX,7,3,0,0,4.344e-05,0.00110279,0.0393912
60750,LOX,18,3,0,0,0.000549742,0.00129308,0.425143
60760,LOX,16,4,4,3,0.000554002,0.0028252,0.196093
60770,LOX,12,3,2,3,4.533e-05,0.0025331,0.0178951
60780,LOX,34,3,6,3,0.000577282,0.00278608,0.207202
60790,LOX,19,3,0,0,0.000535142,0.00122857,0.435583
60800,LOX,1,3,0,0,4.4831e-05,0.00112842,0.0397292
60810,LOX,7,3,0,0,4.556e-05,0.00119937,0.0379867
60820,LOX,0,3,0,0,4.572e-05,0.00106036,0.0431176
60830,LOX,3,3,0,0,4.44e-05,0.0010776,0.0412025
60840,LOX,16,3,0,0,0.000560942,0.00148486,0.377775
60850,LOX,0,3,0,0,4.351e-05,0.00107264,0.0405633
60860,LOX,1,3,0,0,4.372e-05,0.00107679,0.040602
60870,LOX,20,3,0,0,0.000541642,0.00128446,0.42169
60880,LOX,2,3,0,0,4.463e-05,0.0010878,0.0410279
60890,LOX,9,3,0,0,0.000545063,0.00134639,0.404834
60900,LOX,1,3,1,3,4.4891e-05,0.00221048,0.0203083
60910,LOX,1,3,7,3,4.399e-05,0.00222548,0.0197665
60920,LOX,1,3,2,3,4.327e-05,0.00213794,0.0202391
60930,LOX,1,3,0,0,4.3531e-05,0.00106884,0.0407272
60940,LOX,1,3,0,0,4.5e-05,0.0010834,0.0415357
60950,LOX,19,3,0,0,0.000528323,0.00151576,0.348554
60960,LOX,10,3,0,0,4.5101e-05,0.00128586,0.0350747
60970,LOX,3,3,6,3,4.354e-05,0.00226225,0.0192463
60980,LOX,28,3,1,3,0.000549183,0.00255943,0.214572
60990,LOX,13,3,11,3,0.000525172,0.00253598,0.207088
61000,LOX,9,3,1,3,4.483e-05,0.00226202,0.0198186
61010,LOX,0,3,0,0,4.344e-05,0.0010487,0.0414229
61020,LOX,0,3,0,0,4.255e-05,0.00103994,0.040916
61030,LOX,0,3,0,0,4.772e-05,0.00104956,0.0454665
61040,LOX,19,4,0,0,4.445e-05,0.0015644,0.0284135
61050,LOX,0,3,0,0,4.447e-05,0.00106803,0.0416372
61060,LOX,17,3,0,0,0.000547052,0.001385,0.394984
61070,LOX,4,3,0,0,4.5231e-05,0.00121861,0.0371167
61080,LOX,0,3,0,0,4.319e-05,0.00104214,0.0414438
61090,LOX,23,3,0,0,0.000560603,0.00140186,0.399901
61100,LOX,7,3,0,0,4.422e-05,0.00120791,0.0366088
61110,LOX,30,3,0,0,0.000554563,0.0015547,0.356702
61120,LOX,2,3,2,3,4.732e-05,0.00213324,0.0221822
61130,LOX,26,3,7,3,0.000564502,0.00274781,0.205437
61140,LOX,1,3,0,0,4.575e-05,0.00108328,0.042233
61150,LOX,0,3,1,3,4.448e-05,0.00212149,0.0209664
61160,LOX,22,3,0,0,0.000556892,0.00158151,0.352127
61170,LOX,1,3,0,0,4.403e-05,0.00107252,0.0410527
61180,LOX,8,3,2,3,4.454e-05,0.0022179,0.0200821
61190,LOX,1,3,2,3,4.383e-05,0.00229298,0.0191149
61200,LOX,3,3,0,0,4.4161e-05,0.00114262,0.0386487
61210,LOX,60,5,0,0,0.000572293,0.00255292,0.224172
61220,LOX,5,3,0,0,4.3071e-05,0.00114288,0.0376862
61230,LOX,0,3,0,0,4.334e-05,0.00104134,0.0416197
61240,LOX,5,3,0,0,4.432e-05,0.00119728,0.0370174
61250,LOX,0,3,0,0,4.264e-05,0.00104374,0.0408533
61260,LOX,9,3,0,0,4.443e-05,0.00140004,0.0317349
61270,LOX,1,3,0,0,4.4581e-05,0.00106843,0.0417255
61280,LOX,3,3,0,0,4.335e-05,0.00109227,0.0396878
61290,LOX,0,3,0,0,4.483e-05,0.00105707,0.0424095
61300,LOX,1,3,0,0,4.387e-05,0.00109113,0.0402062
61310,LOX,26,3,10,3,0.000551622,0.00275528,0.200205
61320,LOX,16,3,7,3,0.000566853,0.00260363,0.217716
61330,LOX,1,3,0,0,4.415e-05,0.00106853,0.0413186
61340,LOX,11,3,2,3,0.000551423,0.00269741,0.204427
61350,LOX,26,3,0,0,0.000576882,0.00150793,0.382566
61360,LOX,8,3,0,0,4.488e-05,0.00136908,0.0327812
61370,LOX,9,3,0,0,0.000556732,0.00117156,0.475207
61380,LOX,1,3,0,0,4.578e-05,0.00107388,0.0426303
61390,LOX,0,3,0,0,4.441e-05,0.00104681,0.0424239
61400,LOX,43,3,0,0,0.000536313,0.00179987,0.297974
61410,LOX,3,3,0,0,4.416e-05,0.0010895,0.0405322
61420,LOX,31,3,0,0,4.438e-05,0.00173927,0.0255165
61430,LOX,36,4,0,0,0.000552063,0.00205384,0.268796
61440,LOX,9,3,0,0,4.447e-05,0.00121412,0.0366275
61450,LOX,19,3,0,0,0.000556883,0.00136425,0.408198
61460,LOX,35,3,0,0,0.000547813,0.00170404,0.321479
61470,LOX,1,3,0,0,4.39e-05,0.0010865,0.0404052
61480,LOX,30,4,0,0,0.000559852,0.00162223,0.345113
61490,LOX,33,3,1,3,0.000526523,0.00273177,0.19274
61500,LOX,35,4,0,0,0.000539153,0.00214537,0.25131
61510,LOX,23,4,0,0,0.000538223,0.00147877,0.363967
61520,LOX,0,3,0,0,4.416e-05,0.00104634,0.0422041
61530,LOX,0,3,0,0,4.365e-05,0.00104841,0.0416347
61540,LOX,0,3,0,0,4.2651e-05,0.00103977,0.0410195
61550,LOX,3,3,2,3,4.334e-05,0.00219287,0.0197641
61560,LOX,10,3,2,3,0.000552343,0.00225164,0.245307
61570,LOX,31,3,6,3,0.000552433,0.00268723,0.205577
61580,LOX,0,3,0,0,4.392e-05,0.00106284,0.0413231
61590,LOX,10,3,0,0,0.000545903,0.00118315,0.4614
61600,LOX,0,3,0,0,4.336e-05,0.00105638,0.041046
61610,LOX,22,3,0,0,0.000569572,0.00138181,0.412194
61620,LOX,4,3,0,0,0.000553633,0.00118688,0.466459
61630,LOX,23,3,0,0,0.000543002,0.00129987,0.417737
61640,LOX,0,3,0,0,4.318e-05,0.00103782,0.0416066
61650,LOX,4,3,0,0,4.473e-05,0.00115076,0.0388701
61660,LOX,3,3,0,0,4.499e-05,0.00106371,0.0422956
61670,LOX,0,3,0,0,4.4531e-05,0.00105692,0.0421326
61680,LOX,27,3,0,0,0.000556393,0.00145876,0.381416
61690,LOX,2,3,0,0,4.334e-05,0.00107865,0.04018
61700,LOX,3,3,0,0,4.3411e-05,0.00114369,0.0379571
61710,LOX,1,3,1,3,4.482e-05,0.00215221,0.0208251
61720,LOX,1,3,8,3,4.382e-05,0.00221476,0.0197854
61730,LOX,12,3,5,3,0.000546363,0.00234189,0.2333
61740,LOX,0,3,16,3,4.364e-05,0.00258974,0.0168511
61750,LOX,25,3,6,3,0.000556173,0.00296558,0.187542
61760,LOX,1,3,1,3,4.337e-05,0.00216504,0.020032
61770,LOX,0,3,0,0,4.369e-05,0.00103353,0.0422724
61780,LOX,12,3,1,3,0.000533352,0.00239976,0.222252
61790,LOX,5,3,0,0,0.000548213,0.00110187,0.497527
61800,LOX,36,3,12,3,0.000555223,0.00282896,0.196264
61810,LOX,31,3,0,0,0.000564783,0.00134395,0.420242
61820,LOX,9,3,0,0,0.000551312,0.00115373,0.477853
61830,LOX,22,3,0,0,0.000571602,0.00160234,0.35673
61840,LOX,0,3,0,0,4.429e-05,0.00106357,0.0416426
61850,LOX,0,3,0,0,4.359e-05,0.00106234,0.0410319
61860,LOX,0,3,0,0,4.248e-05,0.00102659,0.0413796
61870,LOX,0,3,0,0,4.319e-05,0.00106317,0.0406236
61880,LOX,20,3,0,0,0.000556673,0.00141246,0.394117
61890,LOX,0,3,0,0,4.435e-05,0.00106642,0.0415875
61900,LOX,24,4,0,0,0.000563272,0.00188339,0.299074
61910,LOX,39,3,1,3,0.000541123,0.00272601,0.198503
61920,LOX,0,3,0,0,4.621e-05,0.00106828,0.0432562
61930,LOX,1,3,0,0,4.418e-05,0.0010789,0.0409493
61940,LOX,1,3,0,0,4.272e-05,0.00106423,0.0401419
61950,LOX,1,3,0,0,4.368e-05,0.00107712,0.0405527
61960,LOX,10,3,0,0,0.000534862,0.0012324,0.434002
61970,LOX,9,3,0,0,4.266e-05,0.0011771,0.0362415
61980,LOX,5,3,0,0,4.3761e-05,0.00111129,0.0393787
61990,LOX,1,3,0,0,4.315e-05,0.00105624,0.0408523
62000,LOX,0,3,0,0,4.3671e-05,0.00107814,0.0405061
62010,LOX,0,3,2,3,4.3771e-05,0.0020667,0.0211792
62020,LOX,0,3,0,0,4.452e-05,0.00104131,0.0427536
62030,LOX,0,3,0,0,4.35e-05,0.00105711,0.0411501
62040,LOX,17,3,12,3,0.000537883,0.00262978,0.204535
62050,LOX,12,3,9,3,4.44e-05,0.00255365,0.0173869
62060,LOX,26,3,0,0,4.468e-05,0.00153006,0.0292015
62070,LOX,1,3,0,0,4.361e-05,0.00108928,0.0400358
62080,LOX,1,3,0,0,4.328e-05,0.0011202,0.0386358
62090,LOX,7,3,17,3,4.291e-05,0.00239094,0.0179469
62100,LOX,18,3,0,0,4.361e-05,0.0013749,0.0317187
62110,LOX,1,3,0,0,4.29e-05,0.00106128,0.0404227
62120,LOX,12,3,0,0,4.3661e-05,0.00127977,0.0341164
62130,LOX,2,3,0,0,4.433e-05,0.00110136,0.0402504
62140,LOX,16,3,0,0,0.000559632,0.0013823,0.404857
62150,LOX,1,3,0,0,4.63e-05,0.00107861,0.0429258
62160,LOX,0,3,0,0,4.371e-05,0.00102785,0.0425259
62170,LOX,6,3,0,0,4.475e-05,0.0012108,0.0369592
62180,LOX,0,3,0,0,4.431e-05,0.00103568,0.0427837
62190,LOX,1,3,0,0,4.442e-05,0.00108956,0.0407689
62200,LOX,2,3,0,0,4.348e-05,0.00111243,0.0390858
62210,LOX,3,3,1,3,4.424e-05,0.00225312,0.019635
62220,LOX,1,3,0,0,4.3471e-05,0.00107344,0.0404967
62230,LOX,19,3,2,3,0.000548343,0.00251464,0.21806
62240,LOX,60,3,0,0,0.000559693,0.00199389,0.280704
62250,LOX,1,3,5,3,4.391e-05,0.00221374,0.0198352
62260,LOX,11,3,2,3,0.000553412,0.00239921,0.230664
62270,LOX,3,3,7,3,4.459e-05,0.00237967,0.0187379
62280,LOX,9,3,6,3,4.4031e-05,0.00231249,0.0190405
62290,LOX,5,3,7,3,4.409e-05,0.00247145,0.0178397
62300,LOX,14,3,0,0,0.000546663,0.00150001,0.36444
62310,LOX,10,3,0,0,4.403e-05,0.00143642,0.0306527
62320,LOX,0,3,0,0,4.3651e-05,0.00103677,0.0421027
62330,LOX,20,3,0,0,0.000568913,0.00149438,0.380702
62340,LOX,34,3,1,3,0.000549003,0.00265891,0.206477
62350,LOX,8,3,0,0,4.291e-05,0.00130311,0.032929
62360,LOX,0,3,0,0,4.4011e-05,0.00104059,0.0422941
62370,LOX,1,3,0,0,4.275e-05,0.00106055,0.0403091
62380,LOX,26,3,0,0,0.000544172,0.0017359,0.313482
62390,LOX,0,3,0,0,4.521e-05,0.00105137,0.0430012
62400,LOX,10,3,0,0,4.437e-05,0.0013287,0.0333936
62410,LOX,6,3,1,3,4.463e-05,0.00238544,0.0187093
62420,LOX,5,3,10,3,0.000549693,0.0026434,0.207949
62430,LOX,34,3,0,0,0.000542912,0.00187049,0.290251
62440,LOX,5,3,0,0,4.493e-05,0.00111067,0.0404529
62450,LOX,43,3,7,3,0.000552773,0.00300022,0.184244
62460,LOX,4,3,2,3,4.4981e-05,0.00215459,0.0208768
62470,LOX,0,3,0,0,4.4671e-05,0.00104606,0.0427039
62480,LOX,1,3,0,0,4.8051e-05,0.00106627,0.0450648
62490,LOX,0,3,0,0,4.4381e-05,0.00104211,0.0425875
62500,LOX,9,3,0,0,4.303e-05,0.00132572,0.0324579
62510,LOX,4,3,0,0,4.363e-05,0.00121332,0.035959
62520,LOX,33,3,0,0,0.000549683,0.00155219,0.354135
62530,LOX,23,3,0,0,4.49e-05,0.00142794,0.031444
62540,LOX,0,3,0,0,4.479e-05,0.00104721,0.042771
62550,LOX,41,4,0,0,0.000551372,0.00198332,0.278005
62560,LOX,0,3,0,0,4.3101e-05,0.00104503,0.0412436
62570,LOX,0,3,0,0,4.517e-05,0.00105993,0.0426158
62580,LOX,8,3,0,0,4.372e-05,0.00113854,0.0384002
62590,LOX,9,4,0,0,4.373e-05,0.00139114,0.0314347
62600,LOX,1,3,0,0,4.2801e-05,0.00110458,0.0387485
62610,LOX,31,3,4,3,0.000528243,0.0026206,0.201573
62620,LOX,43,3,10,3,0.000548142,0.00285893,0.19173
62630,LOX,0,3,0,0,4.4151e-05,0.00105117,0.0420016
62640,LOX,3,3,0,0,4.3961e-05,0.00107358,0.0409479
62650,LOX,0,3,0,0,4.697e-05,0.00106128,0.0442577
62660,LOX,8,3,0,0,4.413e-05,0.00115266,0.0382855
62670,LOX,2,3,9,3,4.418e-05,0.00233045,0.0189577
62680,LOX,7,3,1,3,4.422e-05,0.00218321,0.0202546
62690,LOX,13,3,10,3,0.000558753,0.00239749,0.233057
62700,LOX,7,3,6,3,4.368e-05,0.00242071,0.0180443
62710,LOX,51,3,0,0,0.000561983,0.00165121,0.340347
62720,LOX,6,3,1,3,4.4041e-05,0.00220986,0.0199293
62730,LOX,0,3,0,0,4.403e-05,0.00104237,0.0422401
62740,LOX,8,3,0,0,4.361e-05,0.00124688,0.0349754
62750,LOX,1,3,0,0,4.453e-05,0.00112177,0.039696
62760,LOX,31,3,0,0,0.000549082,0.00172697,0.317946
62770,LOX,0,3,0,0,4.405e-05,0.00104568,0.0421255
62780,LOX,15,3,0,0,0.000543882,0.00133547,0.40726
62790,LOX,0,3,0,0,4.3741e-05,0.00103377,0.042312
62800,LOX,19,3,0,0,0.000546223,0.00136344,0.400622
62810,LOX,0,3,0,0,4.51e-05,0.00105225,0.0428607
62820,LOX,16,3,0,0,0.000560712,0.0014354,0.390632
62830,LOX,1,3,0,0,4.336e-05,0.00107084,0.0404914
62840,LOX,1,3,0,0,4.3511e-05,0.00109741,0.039649
62850,LOX,57,4,0,0,0.000554093,0.00221143,0.250559
62860,LOX,4,3,9,3,4.8831e-05,0.00229563,0.0212713
62870,LOX,0,3,0,0,4.2821e-05,0.0010249,0.0417805
62880,LOX,1,3,0,0,4.4031e-05,0.00108151,0.0407123
62890,LOX,5,3,0,0,0.000561023,0.00119877,0.468001
62900,LOX,0,3,6,3,4.311e-05,0.00219552,0.0196354
62910,LOX,10,3,0,0,0.000549322,0.00124396,0.441593
62920,LOX,15,3,0,0,0.000534343,0.0012033,0.444066
62930,LOX,0,3,0,0,4.4021e-05,0.0010531,0.0418011
62940,LOX,21,3,0,0,4.304e-05,0.00161902,0.026584
62950,LOX,7,3,0,0,4.343e-05,0.00123577,0.0351442
62960,LOX,1,3,0,0,4.376e-05,0.00113353,0.0386049
62970,LOX,0,3,0,0,4.563e-05,0.00105167,0.0433879
62980,LOX,0,3,0,0,4.377e-05,0.00102574,0.0426715
62990,LOX,1,3,0,0,4.255e-05,0.00110654,0.0384534
63000,LOX,28,3,0,0,0.000555913,0.00143197,0.388217
63010,LOX,0,3,2,3,4.278e-05,0.00209788,0.020392
63020,LOX,7,3,2,3,4.408e-05,0.00237127,0.0185892
63030,LOX,1,3,0,0,4.781e-05,0.00104981,0.0455414
63040,LOX,7,3,0,0,0.000549993,0.00129423,0.424959
63050,LOX,24,3,0,0,0.000539232,0.00161339,0.334224
63060,LOX,0,3,0,0,4.259e-05,0.00103698,0.0410714
63070,LOX,7,3,6,3,0.000536422,0.00233027,0.230197
63080,LOX,3,3,0,0,4.317e-05,0.00108467,0.0398003
63090,LOX,1,3,13,3,4.4951e-05,0.00226844,0.0198158
63100,LOX,5,3,0,0,4.385e-05,0.00121327,0.0361418
63110,LOX,3,3,0,0,4.5011e-05,0.0012266,0.0366956
63120,LOX,1,3,0,0,4.346e-05,0.001062,0.040923
63130,LOX,20,3,0,0,0.000550542,0.00124546,0.442041
63140,LOX,4,3,0,0,4.4181e-05,0.00112094,0.0394141
63150,LOX,1,3,0,0,4.3271e-05,0.00107912,0.0400986
63160,LOX,10,3,0,0,0.000549212,0.00119474,0.459693
63170,LOX,1,3,0,0,4.416e-05,0.00108262,0.0407901
63180,LOX,0,3,0,0,4.3481e-05,0.00106303,0.0409027
63190,LOX,0,3,0,0,4.2881e-05,0.00107007,0.0400733
63200,LOX,47,4,0,0,0.000558883,0.00196196,0.28486
63210,LOX,6,3,0,0,0.000549402,0.00119966,0.457966
63220,LOX,1,3,2,3,4.296e-05,0.00219427,0.0195783
63230,LOX,0,3,6,3,4.384e-05,0.00214008,0.0204852
63240,LOX,0,3,0,0,4.48e-05,0.00106613,0.0420213
63250,LOX,19,3,0,0,0.000558463,0.00123181,0.453369
63260,LOX,5,3,1,3,4.469e-05,0.00214667,0.0208183
63270,LOX,8,3,0,0,4.307e-05,0.00129179,0.0333414
63280,LOX,13,3,5,3,0.000556172,0.00248626,0.223698
63290,LOX,0,3,0,0,4.344e-05,0.00103306,0.0420496
63300,LOX,19,3,10,3,0.000550773,0.00259868,0.211943
63310,LOX,0,3,0,0,4.322e-05,0.00103439,0.0417833
63320,LOX,0,3,0,0,4.4171e-05,0.00102982,0.0428918
63330,LOX,8,3,0,0,4.5251e-05,0.001279,0.0353801
63340,LOX,3,3,0,0,4.4341e-05,0.0011144,0.0397893
63350,LOX,28,5,0,0,0.000538722,0.00220475,0.244346
63360,LOX,2,3,0,0,4.327e-05,0.00106619,0.040584
63370,LOX,17,4,0,0,0.000555913,0.00168124,0.330657
63380,LOX,46,4,7,3,0.000548373,0.00340951,0.160837
63390,LOX,0,3,0,0,4.4391e-05,0.00105942,0.041901
63400,LOX,60,3,0,0,0.000556682,0.00168823,0.329743
63410,LOX,2,3,0,0,5.218e-05,0.00111245,0.0469056
63420,LOX,4,3,9,3,4.311e-05,0.00227984,0.0189092
63430,LOX,33,5,7,3,0.000559843,0.00315261,0.177581
63440,LOX,51,4,0,0,0.000554402,0.00205249,0.270112
63450,LOX,0,3,0,0,4.402e-05,0.00106164,0.0414643
63460,LOX,1,3,0,0,4.381e-05,0.00107694,0.0406799
63470,LOX,1,3,9,3,4.295e-05,0.00223568,0.0192111
63480,LOX,13,3,0,0,4.3421e-05,0.00155551,0.0279144
63490,LOX,30,3,0,0,0.000547473,0.00152126,0.359882
63500,LOX,4,3,7,4,4.393e-05,0.00254456,0.0172643
63510,LOX,3,3,0,0,4.483e-05,0.00116202,0.0385795
63520,LOX,7,3,0,0,4.458e-05,0.00116056,0.0384123
63530,LOX,29,3,0,0,0.000556893,0.00170109,0.327375
63540,LOX,1,3,0,0,4.3921e-05,0.00108533,0.0404681
63550,LOX,33,3,0,0,0.000543903,0.00157731,0.34483
63560,LOX,37,4,0,0,0.000547553,0.00229621,0.238459
63570,LOX,1,3,0,0,4.244e-05,0.00107276,0.0395617
63580,LOX,0,3,0,0,4.294e-05,0.00104513,0.0410856
63590,LOX,29,3,0,0,0.000562493,0.00153699,0.365971
63600,LOX,20,3,0,0,0.000571403,0.00128793,0.443661
63610,LOX,1,3,0,0,4.5091e-05,0.00104998,0.0429445
63620,LOX,33,3,0,0,0.000544432,0.00156837,0.347133
63630,LOX,22,4,0,0,0.000540112,0.00164264,0.328808
63640,LOX,7,3,0,0,4.4721e-05,0.00122206,0.0365949
63650,LOX,0,3,1,3,4.3831e-05,0.00217334,0.0201676
63660,LOX,9,3,0,0,4.505e-05,0.00115997,0.0388373
63670,LOX,2,3,0,0,4.392e-05,0.00108395,0.0405183
63680,LOX,0,3,0,0,4.28e-05,0.00103334,0.0414189
63690,LOX,13,3,0,0,4.337e-05,0.00137397,0.0315656
63700,LOX,9,3,0,0,0.000548743,0.0013006,0.421917
63710,LOX,33,5,0,0,0.000545533,0.00198858,0.274333
63720,LOX,19,3,1,3,0.000550423,0.00243798,0.22577
63730,LOX,18,3,11,3,4.423e-05,0.00253816,0.017426
63740,LOX,6,3,5,3,0.000557113,0.00229577,0.242669
63750,LOX,40,3,0,0,0.000566003,0.00145592,0.38876
63760,LOX,1,3,8,3,4.4291e-05,0.00221966,0.019954
63770,LOX,0,3,1,3,4.478e-05,0.00210817,0.0212412
63780,LOX,0,3,4,3,4.555e-05,0.00214001,0.0212849
63790,LOX,1,3,0,0,4.296e-05,0.00107595,0.0399273
63800,LOX,6,3,5,3,4.4391e-05,0.00236585,0.0187632
63810,LOX,19,3,0,0,4.421e-05,0.00138297,0.0319675
63820,LOX,3,3,0,0,4.4261e-05,0.00108552,0.0407738
63830,LOX,38,4,0,0,0.000546133,0.00197669,0.276287
63840,LOX,23,3,0,0,0.000534272,0.00154948,0.344808
63850,LOX,37,3,0,0,0.000557832,0.00164507,0.339094
63860,LOX,1,3,0,0,4.424e-05,0.001081,0.0409249
63870,LOX,5,3,0,0,4.354e-05,0.00122533,0.0355334
63880,LOX,15,3,0,0,0.000564703,0.0013053,0.432624
63890,LOX,16,3,0,0,0.000565022,0.00136051,0.415303
63900,LOX,1,3,0,0,4.362e-05,0.00108406,0.0402374
63910,LOX,0,3,0,0,4.356e-05,0.00103764,0.0419801
63920,LOX,13,3,6,3,0.000556112,0.00233113,0.238559
63930,LOX,0,3,9,3,4.254e-05,0.00220187,0.0193199
63940,LOX,0,3,11,3,4.4131e-05,0.00215934,0.0204373
63950,LOX,0,3,1,3,4.4751e-05,0.00214645,0.0208488
63960,LOX,1,3,6,3,4.464e-05,0.00222485,0.0200643
63970,LOX,0,3,0,0,4.371e-05,0.00105119,0.0415812
63980,LOX,18,3,0,0,0.000551283,0.00135645,0.406417
63990,LOX,0,3,4,3,4.66e-05,0.00213169,0.0218606
64000,LOX,13,3,0,0,0.000550232,0.0013131,0.419034
64010,LOX,9,3,0,0,0.000544072,0.00131053,0.415155
64020,LOX,0,3,0,0,4.385e-05,0.00103784,0.042251
64030,LOX,3,3,0,0,0.000547923,0.00109979,0.498209
64040,LOX,3,3,0,0,4.36e-05,0.00123556,0.0352878
64050,LOX,46,3,0,0,4.474e-05,0.00174697,0.0256101
64060,LOX,38,3,0,0,0.000574323,0.00211158,0.271987
64070,LOX,22,3,0,0,4.405e-05,0.00147127,0.0299402
64080,LOX,45,4,0,0,0.000571683,0.00214608,0.266385
64090,LOX,72,3,0,0,0.000563152,0.00241481,0.233207
64100,LOX,44,4,3,3,0.000558303,0.00316713,0.17628
64110,LOX,3,3,0,0,4.566e-05,0.00112567,0.0405627
64120,LOX,28,3,0,0,0.000579043,0.00135376,0.427731
64130,LOX,51,3,12,3,0.000572123,0.00311926,0.183416
64140,LOX,46,3,0,0,0.000566213,0.00192312,0.294424
64150,LOX,41,3,0,0,0.000578373,0.00167075,0.346176
64160,LOX,30,3,0,0,0.000581923,0.00136251,0.427098
64170,LOX,30,3,0,0,0.000568343,0.00156461,0.36325
64180,LOX,27,3,0,0,0.000571682,0.00142534,0.401085
64190,LOX,18,3,8,3,0.000583913,0.00278467,0.209688
64200,LOX,54,3,9,3,0.000595052,0.00314626,0.18913
64210,LOX,19,3,1,3,0.000589883,0.00233776,0.252328
64220,LOX,46,3,0,0,0.000589263,0.00167858,0.351049
64230,LOX,51,3,4,3,0.000591573,0.00274981,0.215132
64240,LOX,23,5,1,3,4.535e-05,0.00292025,0.0155295
64250,LOX,27,3,3,3,0.000575403,0.00283135,0.203225
64260,LOX,17,4,4,3,4.742e-05,0.00275927,0.0171857
64270,LOX,3,3,1,3,4.39e-05,0.00214984,0.0204201
64280,LOX,48,3,4,3,0.000571173,0.00287406,0.198734
64290,LOX,68,4,0,0,0.000533373,0.00227869,0.23407
64300,LOX,39,3,0,0,0.000564202,0.00173109,0.325923
64310,LOX,79,3,0,0,0.000554662,0.00222158,0.24967
64320,LOX,7,4,0,0,4.2721e-05,0.00145927,0.0292757
64330,LOX,3,3,0,0,4.551e-05,0.00108406,0.0419813
64340,LOX,49,3,0,0,0.000527002,0.00217061,0.24279
64350,LOX,55,3,3,3,0.000550803,0.0031223,0.176409
64360,LOX,75,5,2,3,0.000570442,0.00369194,0.15451
64370,LOX,51,3,3,3,0.000580603,0.00280927,0.206674
64380,LOX,26,3,0,0,4.478e-05,0.00144699,0.0309471
64390,LOX,21,3,4,3,4.267e-05,0.0024551,0.0173801
64400,LOX,23,3,7,3,0.000550753,0.00246075,0.223815
64410,LOX,2,3,0,0,4.417e-05,0.00110666,0.0399127
64420,LOX,0,3,0,0,4.299e-05,0.00107388,0.0400322
64430,LOX,27,3,0,0,4.423e-05,0.00159106,0.0277991
64440,LOX,52,3,6,3,0.000553142,0.00308831,0.179108
64450,LOX,19,3,0,0,4.418e-05,0.00142576,0.0309871
64460,LOX,2,3,0,0,4.259e-05,0.00108494,0.0392554
64470,LOX,62,3,4,3,0.000561252,0.00309514,0.181333
64480,LOX,10,3,0,0,4.423e-05,0.00138705,0.0318879
64490,LOX,27,3,0,0,0.000547022,0.00156833,0.348793
64500,LOX,26,3,3,3,0.000553973,0.0031211,0.177493
64510,LOX,55,4,0,0,0.000526102,0.00215407,0.244236
64520,LOX,26,3,0,0,4.3121e-05,0.00133604,0.0322753
64530,LOX,11,3,1,3,4.373e-05,0.0022573,0.0193727
64540,LOX,19,4,4,3,0.000530852,0.00295244,0.179801
64550,LOX,88,3,0,0,0.000555243,0.00223047,0.248935
64560,LOX,83,3,0,0,0.000568312,0.00213217,0.266542
64570,LOX,21,3,0,0,4.437e-05,0.00151766,0.0292359
64580,LOX,58,3,1,3,0.000574163,0.00297503,0.192994
64590,LOX,34,3,0,0,4.504e-05,0.0016894,0.0266604
64600,LOX,45,4,0,0,0.000541663,0.00193865,0.279402
64610,LOX,68,5,0,0,0.000563993,0.00256918,0.219522
64620,LOX,44,3,0,0,0.000562743,0.00167437,0.336093
64630,LOX,24,3,2,3,0.000533852,0.00239932,0.222501
64640,LOX,16,3,0,0,0.000562613,0.00135752,0.414443
64650,LOX,25,3,0,0,0.000523383,0.00154701,0.33832
64660,LOX,44,3,0,0,0.000525052,0.00209935,0.250102
64670,LOX,23,3,0,0,0.000598133,0.00142129,0.420839
64680,LOX,45,3,0,0,4.429e-05,0.00177409,0.0249649
64690,LOX,50,4,20,3,0.000567902,0.00404171,0.14051
64700,LOX,20,3,0,0,4.418e-05,0.00146033,0.0302535
64710,LOX,32,3,0,0,0.000524152,0.00196027,0.267388
64720,LOX,88,4,0,0,0.000559803,0.00255,0.21953
64730,LOX,31,3,5,3,0.000546113,0.00316802,0.172383
64740,LOX,20,3,0,0,0.000548672,0.0016726,0.328036
64750,LOX,34,3,2,3,0.000544012,0.00275327,0.197587
64760,LOX,43,7,0,0,0.000544383,0.00278265,0.195635
64770,LOX,30,3,0,0,0.000544683,0.00159599,0.341283
64780,LOX,29,3,0,0,0.000573153,0.00136746,0.419138
64790,LOX,61,3,9,3,0.000554093,0.0033442,0.165688
64800,LOX,0,3,0,0,4.841e-05,0.00106806,0.045325
64810,LOX,18,3,0,0,0.000544732,0.00145025,0.375613
64820,LOX,19,3,0,0,4.64e-05,0.00169487,0.0273768
64830,LOX,57,3,0,0,0.000551963,0.00190691,0.289454
64840,LOX,10,3,4,3,4.459e-05,0.00265005,0.0168261
64850,LOX,12,3,0,0,5.0591e-05,0.00138805,0.0364476
64860,LOX,51,3,4,3,0.000565252,0.00302354,0.18695
64870,LOX,12,3,0,0,4.489e-05,0.00126711,0.0354272
64880,LOX,59,3,3,3,0.000547493,0.00294301,0.186031
64890,LOX,37,3,0,0,4.38e-05,0.00185558,0.0236045
64900,LOX,43,3,0,0,4.5321e-05,0.00166194,0.02727
64910,LOX,30,3,9,3,4.373e-05,0.00245879,0.0177852
64920,LOX,26,3,0,0,0.000570593,0.00159532,0.357667
64930,LOX,28,3,0,0,0.000550313,0.00168909,0.325805
64940,LOX,66,3,0,0,0.000555113,0.00202707,0.27385
64950,LOX,12,3,0,0,4.3311e-05,0.00128452,0.0337178
64960,LOX,3,3,0,0,4.522e-05,0.00112708,0.0401215
64970,LOX,77,4,0,0,0.000548412,0.00243821,0.224924
64980,LOX,2,3,0,0,4.508e-05,0.00112846,0.0399481
64990,LOX,49,5,25,5,0.000550812,0.00436033,0.126323
65000,LOX,0,3,0,0,4.3901e-05,0.0010701,0.0410253
65010,LOX,89,3,0,0,0.000555302,0.00238093,0.233229
65020,LOX,39,3,0,0,0.000566032,0.0014726,0.384377
65030,LOX,55,4,0,0,0.000535913,0.00242163,0.221303
65040,LOX,33,4,0,0,0.000551572,0.00192856,0.286002
65050,LOX,37,3,0,0,0.000559373,0.00171901,0.325405
65060,LOX,12,3,0,0,4.462e-05,0.00122419,0.0364487
65070,LOX,49,3,0,0,0.000536812,0.00175647,0.30562
65080,LOX,50,4,0,0,0.000555003,0.00237576,0.233611
65090,LOX,42,3,0,0,0.000556513,0.00162618,0.342222
65100,LOX,22,3,6,3,4.4801e-05,0.00275115,0.0162844
65110,LOX,0,3,0,0,4.451e-05,0.00105368,0.0422426
65120,LOX,31,3,0,0,4.377e-05,0.00174561,0.0250743
65130,LOX,74,4,3,3,0.000553583,0.00342283,0.161732
65140,LOX,59,4,0,0,0.000558723,0.00227467,0.245628
65150,LOX,49,3,0,0,0.000549442,0.00183508,0.299411
65160,LOX,21,3,6,3,0.000528302,0.00265857,0.198716
65170,LOX,17,3,0,0,0.000547522,0.00131203,0.41731
65180,LOX,45,3,0,0,0.000533763,0.00165716,0.322095
65190,LOX,67,3,0,0,0.000543532,0.00223875,0.242784
65200,LOX,35,3,0,0,0.000542462,0.00169384,0.320256
65210,LOX,19,3,0,0,0.000548303,0.00153555,0.357073
65220,LOX,16,4,0,0,0.000530852,0.00188437,0.281713
65230,LOX,56,4,0,0,0.000552273,0.00218079,0.253244
65240,LOX,69,3,0,0,0.000576463,0.00212714,0.271004
65250,LOX,17,3,0,0,0.000554152,0.00122734,0.451508
65260,LOX,6,3,0,0,4.4411e-05,0.00127996,0.0346973
65270,LOX,27,3,0,0,0.000573243,0.00154217,0.371713
65280,LOX,36,3,0,0,0.000565573,0.00162953,0.347078
65290,LOX,18,4,0,0,5.009e-05,0.00175628,0.0285205
65300,LOX,4,3,0,0,4.279e-05,0.00113043,0.037853
65310,LOX,13,3,3,3,0.000530523,0.00251494,0.210948
65320,LOX,10,3,0,0,4.4501e-05,0.00135208,0.0329131
65330,LOX,37,4,0,0,0.000560072,0.00230044,0.243463
65340,LOX,1,3,0,0,4.571e-05,0.00105785,0.0432101
65350,LOX,11,3,0,0,0.000555813,0.00131191,0.423668
65360,LOX,51,3,5,3,0.000558003,0.00302747,0.184313
65370,LOX,6,3,0,0,4.313e-05,0.00121638,0.0354578
65380,LOX,45,3,2,3,0.000540402,0.0030783,0.175552
65390,LOX,0,3,1,3,4.2491e-05,0.00213536,0.0198988
65400,LOX,0,3,0,0,4.3141e-05,0.00106248,0.0406042
65410,LOX,4,3,0,0,4.367e-05,0.00108244,0.0403442
65420,LOX,19,3,0,0,4.495e-05,0.00172545,0.0260512
65430,LOX,42,3,0,0,0.000554992,0.00181657,0.305517
65440,LOX,15,3,0,0,0.000536962,0.00130276,0.412174
65450,LOX,11,4,0,0,4.445e-05,0.00164198,0.027071
65460,LOX,9,3,0,0,4.373e-05,0.00131497,0.0332556
65470,LOX,21,3,0,0,0.000554033,0.00151206,0.36641
65480,LOX,8,3,0,0,4.417e-05,0.00118846,0.0371659
65490,LOX,0,3,0,0,4.4241e-05,0.00105422,0.0419654
65500,LOX,1,3,0,0,5.0941e-05,0.00108665,0.0468787
65510,LOX,33,3,0,0,0.000565063,0.0014772,0.382524
65520,LOX,7,3,7,3,4.3841e-05,0.0022724,0.0192928
65530,LOX,19,3,0,0,0.000557043,0.00151232,0.368337
65540,LOX,19,3,12,3,0.000564173,0.00272212,0.207255
65550,LOX,36,3,0,0,0.000559583,0.00152635,0.366616
65560,LOX,38,3,0,0,0.000557522,0.00145724,0.382588
65570,LOX,44,3,8,3,0.000537623,0.0027994,0.192049
65580,LOX,34,3,2,3,0.000553063,0.00286221,0.193229
65590,LOX,1,3,0,0,4.4561e-05,0.00106592,0.041805
65600,LOX,1,3,2,3,4.261e-05,0.00217407,0.0195992
65610,LOX,0,3,0,0,4.445e-05,0.00103338,0.0430144
65620,LOX,21,3,0,0,0.000545443,0.00150284,0.362942
65630,LOX,0,3,0,0,4.5001e-05,0.00104607,0.0430193
65640,LOX,3,3,0,0,4.42e-05,0.00110307,0.0400702
65650,LOX,13,3,0,0,0.000571883,0.00139454,0.410088
65660,LOX,88,4,0,0,0.000565342,0.00237421,0.238118
65670,LOX,8,4,0,0,0.000569472,0.00151346,0.376272
65680,LOX,28,4,2,3,0.000540733,0.00310604,0.174091
65690,LOX,64,5,0,0,0.000529142,0.00290075,0.182415
65700,LOX,53,3,0,0,0.000545772,0.00178199,0.306271
65710,LOX,26,3,3,3,0.000554283,0.00276347,0.200575
65720,LOX,12,3,1,3,0.000565212,0.00234046,0.241496
65730,LOX,31,3,0,0,0.000559923,0.00176881,0.316554
65740,LOX,21,3,2,3,0.000538472,0.0025171,0.213925
65750,LOX,1,3,0,0,4.983e-05,0.00109307,0.0455874
65760,LOX,5,3,0,0,4.5341e-05,0.00114361,0.0396471
65770,LOX,1,3,0,0,4.526e-05,0.00114565,0.0395061
65780,LOX,8,3,1,3,4.186e-05,0.00218876,0.019125
65790,LOX,1,3,2,3,4.45e-05,0.00211414,0.0210487
65800,LOX,46,4,0,0,0.000557772,0.00215091,0.259319
65810,LOX,0,3,0,0,4.495e-05,0.00105791,0.0424896
65820,LOX,16,3,0,0,0.000541322,0.00119671,0.452343
65830,LOX,16,3,0,0,0.000548882,0.00153741,0.357018
65840,LOX,4,3,0,0,4.3521e-05,0.00113013,0.0385099
65850,LOX,8,3,0,0,4.925e-05,0.00120523,0.0408637
65860,LOX,25,3,0,0,0.000520323,0.00157654,0.330042
65870,LOX,7,3,0,0,4.432e-05,0.00110903,0.039963
65880,LOX,0,3,0,0,4.402e-05,0.00103494,0.0425341
65890,LOX,2,3,0,0,5.0161e-05,0.00105454,0.0475665
65900,LOX,11,3,0,0,0.000556043,0.00130482,0.426147
65910,LOX,20,3,0,0,0.000549103,0.00133509,0.411287
65920,LOX,0,3,0,0,4.3341e-05,0.00103938,0.0416987
65930,LOX,22,3,0,0,0.000568462,0.00137765,0.412633
65940,LOX,1,3,0,0,4.8951e-05,0.0010776,0.0454258
65950,LOX,20,3,0,0,0.000553742,0.00138383,0.400153
65960,LOX,36,5,1,3,0.000561853,0.00342741,0.16393
65970,LOX,24,3,0,0,0.000539212,0.00144276,0.373737
65980,LOX,31,3,0,0,0.000548863,0.00142085,0.386293
65990,LOX,58,4,0,0,0.000560443,0.00249517,0.224611
66000,LOX,30,4,0,0,0.000537163,0.00170756,0.31458
66010,LOX,2,3,0,0,4.424e-05,0.00109545,0.040385
66020,LOX,19,3,22,4,0.000543182,0.0034782,0.156168
66030,LOX,12,3,0,0,0.000542882,0.00130963,0.414532
66040,LOX,84,4,6,3,0.000541983,0.00332279,0.163111
66050,LOX,6,3,0,0,5.1001e-05,0.00115467,0.0441691
66060,LOX,23,3,0,0,4.489e-05,0.00140761,0.031891
66070,LOX,1,3,1,3,4.46e-05,0.00212498,0.0209884
66080,LOX,0,3,7,3,4.509e-05,0.00228714,0.0197146
66090,LOX,0,3,9,3,4.372e-05,0.00214564,0.0203762
66100,LOX,0,3,0,0,4.509e-05,0.00107712,0.0418615
66110,LOX,2,3,0,0,5.0591e-05,0.00107653,0.0469947
66120,LOX,15,3,0,0,0.000552973,0.00121768,0.454122
66130,LOX,20,3,0,0,0.000555843,0.00130344,0.426444
66140,LOX,12,3,0,0,0.000549672,0.00115261,0.476895
66150,LOX,36,3,5,3,0.000553292,0.00255354,0.216676
66160,LOX,1,3,1,3,4.381e-05,0.00212299,0.020636
66170,LOX,17,3,6,3,0.000540182,0.00246022,0.219566
66180,LOX,12,3,11,3,0.000544892,0.0025329,0.215125
66190,LOX,11,3,7,3,0.000561682,0.00261748,0.214589
66200,LOX,15,3,8,3,4.426e-05,0.00280045,0.0158046
66210,LOX,1,3,0,0,4.456e-05,0.00107986,0.0412644
66220,LOX,17,3,0,0,4.3561e-05,0.00155633,0.0279896
66230,LOX,6,3,0,0,4.408e-05,0.00113525,0.0388286
66240,LOX,2,3,0,0,4.4001e-05,0.0010996,0.0400156
66250,LOX,47,3,11,3,0.000547092,0.00369628,0.148012
66260,LOX,1,3,0,0,4.485e-05,0.00106349,0.0421727
66270,LOX,0,3,0,0,4.506e-05,0.00106405,0.0423478
66280,LOX,49,3,0,0,0.000546043,0.00144783,0.377147
66290,LOX,44,3,0,0,0.000547182,0.0018404,0.297317
66300,LOX,54,3,0,0,0.000558942,0.00180634,0.309434
66310,LOX,17,3,2,3,0.000555542,0.00240868,0.230642
66320,LOX,10,3,9,3,0.000564603,0.00244373,0.231041
66330,LOX,3,3,0,0,4.418e-05,0.00110671,0.0399203
66340,LOX,4,3,0,0,4.3171e-05,0.00109679,0.0393614
66350,LOX,18,3,0,0,0.000545853,0.00139023,0.392636
66360,LOX,19,3,0,0,4.37e-05,0.00155294,0.0281402
66370,LOX,57,4,3,3,0.000550683,0.00314032,0.175359
66380,LOX,37,3,11,3,0.000567602,0.00270771,0.209624
66390,LOX,41,5,0,0,0.000548872,0.00228887,0.2398
66400,LOX,22,3,0,0,0.000563992,0.0015322,0.368094
66410,LOX,5,3,0,0,4.377e-05,0.00115672,0.0378399
66420,LOX,39,4,0,0,0.000550472,0.00193963,0.283803
66430,LOX,6,3,0,0,4.354e-05,0.00112957,0.0385458
66440,LOX,1,3,5,3,4.394e-05,0.00230114,0.0190949
66450,LOX,2,3,0,0,4.418e-05,0.00111403,0.039658
66460,LOX,29,3,0,0,0.000557213,0.00130686,0.426377
66470,LOX,0,3,0,0,4.7941e-05,0.00104568,0.0458465
66480,LOX,1,3,0,0,4.584e-05,0.0011167,0.0410497
66490,LOX,18,3,3,3,0.000546693,0.00253149,0.215957
66500,LOX,14,3,0,0,0.000568952,0.00148685,0.382657
66510,LOX,13,3,1,3,0.000546643,0.00231918,0.235705
66520,LOX,42,3,0,0,0.000553022,0.0015325,0.360863
66530,LOX,27,3,0,0,0.000548213,0.00165144,0.331961
66540,LOX,2,3,2,3,4.521e-05,0.00214883,0.0210394
66550,LOX,0,3,8,3,4.478e-05,0.00217898,0.0205509
66560,LOX,1,3,5,3,4.55e-05,0.00229237,0.0198484
66570,LOX,1,3,0,0,4.464e-05,0.00107697,0.0414494
66580,LOX,22,3,0,0,0.000570063,0.00136548,0.417483
66590,LOX,0,3,0,0,4.406e-05,0.00103364,0.0426259
66600,LOX,1,3,1,3,4.522e-05,0.00217302,0.0208097
66610,LOX,24,3,0,0,0.000559402,0.0015851,0.352913
66620,LOX,1,3,0,0,4.353e-05,0.00107365,0.0405438
66630,LOX,0,3,0,0,4.4401e-05,0.0010552,0.0420781
66640,LOX,25,3,11,3,0.000554453,0.00297856,0.186148
66650,LOX,12,3,0,0,4.705e-05,0.00124905,0.0376687
66660,LOX,30,3,0,0,4.455e-05,0.00162005,0.0274992
66670,LOX,7,3,0,0,4.528e-05,0.00112211,0.0403524
66680,LOX,27,3,0,0,0.000540782,0.00149747,0.361131
66690,LOX,31,3,0,0,0.000534233,0.00148134,0.360643
66700,LOX,17,3,0,0,0.000555563,0.00149061,0.372709
66710,LOX,31,5,1,3,0.000549953,0.00345097,0.159362
66720,LOX,0,3,0,0,4.632e-05,0.00103396,0.0447984
66730,LOX,4,3,0,0,4.405e-05,0.0010811,0.0407453
66740,LOX,1,3,11,3,4.475e-05,0.00226092,0.0197928
66750,LOX,15,3,14,4,0.000558123,0.00284233,0.196361
66760,LOX,4,3,6,3,4.463e-05,0.00247121,0.01806
66770,LOX,25,3,9,3,0.000544662,0.00248881,0.218844
66780,LOX,24,3,0,0,0.000560262,0.00161093,0.347788
66790,LOX,4,3,0,0,4.516e-05,0.00119499,0.037791
66800,LOX,13,3,0,0,0.000553973,0.00128717,0.430382
66810,LOX,1,3,0,0,4.62e-05,0.00105588,0.0437548
66820,LOX,22,3,0,0,0.000564902,0.0015206,0.3715
66830,LOX,4,3,0,0,4.3871e-05,0.00109584,0.0400343
66840,LOX,0,3,0,0,4.37e-05,0.00104495,0.04182
66850,LOX,2,3,0,0,4.384e-05,0.00111206,0.0394222
66860,LOX,0,3,0,0,4.457e-05,0.00106482,0.0418566
66870,LOX,2,3,0,0,4.403e-05,0.00117118,0.0375944
66880,LOX,0,3,0,0,4.305e-05,0.00104839,0.0410628
66890,LOX,1,3,0,0,4.521e-05,0.00107722,0.0419693
66900,LOX,18,3,0,0,0.000567943,0.00160174,0.354579
66910,LOX,1,3,0,0,4.4801e-05,0.0011305,0.0396295
66920,LOX,17,3,2,3,4.464e-05,0.00260407,0.0171424
66930,LOX,1,3,5,3,4.5741e-05,0.00225675,0.0202685
66940,LOX,7,3,0,0,4.5501e-05,0.00112104,0.0405884
66950,LOX,32,3,9,3,0.000552533,0.00277853,0.198858
66960,LOX,16,4,1,3,4.381e-05,0.00260146,0.0168405
66970,LOX,50,4,8,3,0.000555632,0.00331929,0.167395
66980,LOX,4,3,0,0,4.384e-05,0.00108819,0.0402869
66990,LOX,18,3,0,0,0.000555033,0.00125523,0.442178
67000,LOX,26,3,0,0,0.000573862,0.00150162,0.382163
67010,LOX,14,3,1,3,0.000537723,0.00236965,0.226921
67020,LOX,3,3,0,0,0.000542702,0.00107965,0.502662
67030,LOX,2,3,0,0,4.4821e-05,0.00109982,0.0407532
67040,LOX,27,3,0,0,0.000553492,0.00147261,0.375859
67050,LOX,0,3,0,0,4.401e-05,0.00106799,0.0412084
67060,LOX,66,3,0,0,0.000560473,0.00202953,0.276159
67070,LOX,16,3,0,0,0.000544202,0.00130055,0.418441
67080,LOX,2,3,0,0,4.563e-05,0.00108676,0.041987
67090,LOX,1,3,0,0,4.552e-05,0.0011486,0.039631
67100,LOX,31,5,0,0,0.000553133,0.00206376,0.268022
67110,LOX,25,3,0,0,0.000558773,0.00149429,0.37394
67120,LOX,0,3,0,0,4.315e-05,0.00103309,0.0417677
67130,LOX,29,3,0,0,0.000547863,0.00152095,0.360212
67140,LOX,45,3,0,0,0.000547122,0.00165127,0.331334
67150,LOX,4,3,9,3,4.41e-05,0.00251878,0.0175085
67160,LOX,0,3,2,3,4.5501e-05,0.00212833,0.0213787
67170,LOX,0,3,2,3,4.361e-05,0.00208943,0.0208717
67180,LOX,0,3,0,0,4.425e-05,0.0010394,0.0425724
67190,LOX,15,3,0,0,4.583e-05,0.00141599,0.0323661
67200,LOX,11,4,0,0,4.446e-05,0.00165402,0.02688
67210,LOX,0,3,0,0,4.403e-05,0.00104651,0.0420734
67220,LOX,0,3,0,0,4.475e-05,0.00103228,0.0433509
67230,LOX,0,3,0,0,4.331e-05,0.00103962,0.0416597
67240,LOX,0,3,0,0,4.33e-05,0.00105437,0.0410674
67250,LOX,27,3,0,0,0.000551713,0.00155936,0.353808
67260,LOX,14,3,0,0,0.000569753,0.0013317,0.42784
67270,LOX,4,3,0,0,4.461e-05,0.00112797,0.0395491
67280,LOX,17,3,0,0,0.000556102,0.00136162,0.408413
67290,LOX,0,3,0,0,4.249e-05,0.00106902,0.0397465
67300,LOX,43,3,0,0,0.000565922,0.00179369,0.315507
67310,LOX,0,3,0,0,4.3211e-05,0.00102232,0.0422674
67320,LOX,1,3,2,3,4.828e-05,0.00213213,0.022644
67330,LOX,17,3,0,0,0.000564333,0.00142518,0.395974
67340,LOX,0,3,0,0,4.358e-05,0.00106245,0.0410182
67350,LOX,0,3,5,3,4.523e-05,0.00225171,0.0200869
67360,LOX,0,3,7,3,4.353e-05,0.00220731,0.0197208
67370,LOX,18,3,2,3,0.000566762,0.00247396,0.229091
67380,LOX,10,3,0,0,4.5601e-05,0.00140153,0.0325367
67390,LOX,11,3,0,0,4.47e-05,0.00124288,0.035965
67400,LOX,2,3,2,3,4.3961e-05,0.00221999,0.0198023
67410,LOX,10,3,0,0,0.000548303,0.00127863,0.428822
67420,LOX,0,3,0,0,4.54e-05,0.00103578,0.0438319
67430,LOX,26,3,0,0,0.000564102,0.00126648,0.445411
67440,LOX,39,3,0,0,0.000548222,0.0016042,0.341742
67450,LOX,0,3,0,0,4.503e-05,0.00106334,0.0423479
67460,LOX,2,3,0,0,4.401e-05,0.00108665,0.0405008
67470,LOX,1,3,0,0,4.427e-05,0.00108095,0.0409545
67480,LOX,1,3,0,0,4.456e-05,0.00108255,0.0411623
67490,LOX,27,3,0,0,0.000575462,0.0014463,0.397886
67500,LOX,47,3,0,0,0.000538232,0.00171718,0.31344
67510,LOX,1,3,0,0,4.571e-05,0.00106325,0.0429906
67520,LOX,1,3,0,0,4.316e-05,0.00105609,0.0408679
67530,LOX,5,3,0,0,4.395e-05,0.00111509,0.039414
67540,LOX,1,3,0,0,4.375e-05,0.00105761,0.0413671
67550,LOX,29,3,0,0,0.000547242,0.00149887,0.365104
67560,LOX,1,3,0,0,4.475e-05,0.00106164,0.042152
67570,LOX,7,3,0,0,4.512e-05,0.00114982,0.0392408
67580,LOX,23,3,0,0,0.000569203,0.00138477,0.411046
67590,LOX,2,3,0,0,4.932e-05,0.00107767,0.0457652
67600,LOX,0,3,6,3,4.368e-05,0.00227217,0.0192239
67610,LOX,0,3,0,0,4.417e-05,0.00103604,0.0426333
67620,LOX,3,3,0,0,4.549e-05,0.00109519,0.041536
67630,LOX,5,3,0,0,4.311e-05,0.00123073,0.0350281
67640,LOX,14,3,0,0,0.000548743,0.00126559,0.433588
67650,LOX,8,3,0,0,4.413e-05,0.00123685,0.0356795
67660,LOX,13,3,0,0,0.000560703,0.0012146,0.461634
67670,LOX,2,3,0,0,5.02e-05,0.00105958,0.0473775
67680,LOX,0,3,0,0,4.47e-05,0.00104911,0.0426077
67690,LOX,0,3,0,0,4.398e-05,0.00105215,0.0417999
67700,LOX,4,3,0,0,4.397e-05,0.00109668,0.0400939
67710,LOX,2,3,0,0,4.375e-05,0.00106288,0.0411619
67720,LOX,2,3,0,0,4.653e-05,0.00109558,0.0424708
67730,LOX,59,4,0,0,0.000553943,0.0020579,0.269179
67740,LOX,0,3,0,0,4.445e-05,0.00104894,0.0423759
67750,LOX,10,3,0,0,4.396e-05,0.001598,0.0275094
67760,LOX,1,3,0,0,4.371e-05,0.00106188,0.041163
67770,LOX,7,3,0,0,4.5601e-05,0.00128716,0.0354277
67780,LOX,2,3,0,0,4.451e-05,0.00108826,0.0409
67790,LOX,2,3,0,0,4.3451e-05,0.00106777,0.0406931
67800,LOX,1,3,0,0,4.356e-05,0.00109865,0.0396488
67810,LOX,15,3,2,3,0.000569523,0.00243041,0.234332
67820,LOX,44,3,8,3,0.000563633,0.00266729,0.211313
67830,LOX,18,4,13,3,0.000550792,0.00269088,0.204688
67840,LOX,11,3,0,0,4.637e-05,0.00118668,0.0390755
67850,LOX,22,3,2,3,0.000566003,0.00262639,0.215506
67860,LOX,2,3,1,3,4.522e-05,0.00214224,0.0211087
67870,LOX,2,3,0,0,4.43e-05,0.00112176,0.0394917
67880,LOX,0,3,1,3,5.19e-05,0.00210891,0.0246099
67890,LOX,1,3,2,3,4.4e-05,0.00217872,0.0201953
67900,LOX,26,3,0,0,0.000551643,0.00137756,0.40045
67910,LOX,3,3,0,0,4.522e-05,0.00113909,0.0396982
67920,LOX,13,3,0,0,4.298e-05,0.00118084,0.036398
67930,LOX,20,4,0,0,4.752e-05,0.00167603,0.0283527
67940,LOX,11,3,0,0,0.000549772,0.00119666,0.459424
67950,LOX,43,3,0,0,0.000573563,0.00183112,0.313231
67960,LOX,3,3,0,0,5.16e-05,0.00112499,0.0458673
67970,LOX,1,3,0,0,4.4001e-05,0.00106766,0.0412124
67980,LOX,8,3,0,0,4.4101e-05,0.00119623,0.0368665
67990,LOX,16,3,0,0,4.458e-05,0.00133556,0.0333794
68000,LOX,29,3,0,0,0.000545473,0.00171979,0.317175
68010,LOX,0,3,2,3,4.497e-05,0.00214293,0.0209853
68020,LOX,1,3,0,0,4.293e-05,0.00107818,0.0398173
68030,LOX,4,3,1,3,0.000548022,0.00229941,0.238331
68040,LOX,2,3,0,0,4.5901e-05,0.00107892,0.0425433
68050,LOX,9,3,2,3,0.000568282,0.00231174,0.245824
68060,LOX,1,3,0,0,4.5591e-05,0.00105072,0.0433901
68070,LOX,1,3,9,3,4.404e-05,0.0022619,0.0194704
68080,LOX,14,3,15,3,0.000537762,0.00314733,0.170863
68090,LOX,1,3,0,0,4.352e-05,0.00108218,0.0402153
68100,LOX,4,3,7,3,4.401e-05,0.00227028,0.0193853
68110,LOX,20,3,0,0,0.000565443,0.00133429,0.423779
68120,LOX,27,3,0,0,0.000562562,0.00154807,0.363396
68130,LOX,0,3,0,0,4.41e-05,0.00105291,0.0418841
68140,LOX,1,3,0,0,4.434e-05,0.00108032,0.0410436
68150,LOX,2,3,0,0,4.498e-05,0.00113834,0.0395139
68160,LOX,0,3,0,0,4.3481e-05,0.00105383,0.0412598
68170,LOX,31,3,0,0,0.000544712,0.00148976,0.365638
68180,LOX,3,3,0,0,4.427e-05,0.00121148,0.0365419
68190,LOX,32,3,0,0,0.000559092,0.00154707,0.361388
68200,LOX,60,5,0,0,0.000577153,0.00252406,0.22866
68210,LOX,9,3,2,3,4.333e-05,0.00227668,0.0190321
68220,LOX,0,3,0,0,4.367e-05,0.00104264,0.0418843
68230,LOX,5,3,0,0,4.443e-05,0.00109464,0.0405889
68240,LOX,1,3,0,0,4.4841e-05,0.00106179,0.0422314
68250,LOX,23,4,8,3,0.000559873,0.00321741,0.174013
68260,LOX,7,3,0,0,4.366e-05,0.00122704,0.0355817
68270,LOX,10,3,0,0,0.000544023,0.00130524,0.4168
68280,LOX,3,3,0,0,4.619e-05,0.00110286,0.0418822
68290,LOX,25,5,7,3,0.000590893,0.00312707,0.18896
68300,LOX,0,3,0,0,4.5501e-05,0.00107614,0.0422815
68310,LOX,14,3,0,0,4.5021e-05,0.00137637,0.03271
68320,LOX,0,3,0,0,4.423e-05,0.00105785,0.041811
68330,LOX,36,4,1,3,0.000563892,0.00317629,0.177532
68340,LOX,40,4,0,0,0.000560463,0.00185969,0.301375
68350,LOX,1,3,0,0,4.5221e-05,0.00111954,0.0403927
68360,LOX,25,5,0,0,4.439e-05,0.00195709,0.0226816
68370,LOX,0,3,0,0,4.485e-05,0.00104558,0.0428946
68380,LOX,9,3,0,0,4.529e-05,0.00123585,0.036647
68390,LOX,13,3,0,0,0.000535373,0.00124899,0.428646
68400,LOX,9,3,0,0,4.463e-05,0.00135679,0.0328939
68410,LOX,51,4,9,3,0.000561562,0.00332021,0.169134
68420,LOX,1,3,0,0,4.458e-05,0.00106817,0.0417347
68430,LOX,5,3,1,3,4.5e-05,0.00217636,0.0206767
68440,LOX,1,3,0,0,4.506e-05,0.00107997,0.0417236
68450,LOX,1,3,2,3,4.375e-05,0.00215583,0.0202938
68460,LOX,23,3,1,3,0.000543292,0.00247608,0.219416
68470,LOX,12,3,8,3,0.000546243,0.00255664,0.213656
68480,LOX,21,3,7,3,0.000558022,0.00272309,0.204922
68490,LOX,1,3,2,3,4.412e-05,0.00214237,0.020594
68500,LOX,0,3,0,0,4.517e-05,0.00106922,0.0422459
68510,LOX,11,3,0,0,4.81e-05,0.00127192,0.037817
68520,LOX,11,3,0,0,0.000554933,0.00124434,0.445967
68530,LOX,7,3,0,0,4.404e-05,0.00116786,0.0377101
68540,LOX,26,3,0,0,0.000562353,0.00164429,0.342004
68550,LOX,9,3,0,0,0.000549923,0.00118683,0.463356
68560,LOX,1,3,0,0,4.524e-05,0.00105109,0.0430408
68570,LOX,38,4,3,3,0.000556833,0.00300444,0.185336
68580,LOX,30,3,0,0,0.000553193,0.00156248,0.354049
68590,LOX,1,3,0,0,4.5081e-05,0.00107262,0.0420291
68600,LOX,0,3,0,0,4.303e-05,0.00107478,0.0400359
68610,LOX,0,3,9,3,4.391e-05,0.00222555,0.01973
68620,LOX,17,3,0,0,4.424e-05,0.00130444,0.033915
68630,LOX,3,3,0,0,4.506e-05,0.00116844,0.0385644
68640,LOX,7,3,0,0,0.000570132,0.00115076,0.495441
68650,LOX,1,3,9,3,4.3751e-05,0.00222055,0.0197028
68660,LOX,1,3,0,0,4.48e-05,0.00107913,0.0415151
68670,LOX,24,4,0,0,0.000559633,0.00179471,0.311824
68680,LOX,1,3,0,0,4.501e-05,0.00107439,0.0418933
68690,LOX,0,3,8,3,4.349e-05,0.00225106,0.0193198
68700,LOX,0,3,0,0,4.43e-05,0.00104596,0.0423536
68710,LOX,0,3,0,0,4.4161e-05,0.00105521,0.0418503
68720,LOX,77,4,0,0,0.000556842,0.00244986,0.227295
68730,LOX,36,3,0,0,0.000547233,0.00135142,0.404933
68740,LOX,11,3,0,0,4.402e-05,0.00151887,0.0289821
68750,LOX,4,3,0,0,4.5731e-05,0.00112009,0.0408282
68760,LOX,0,3,0,0,4.299e-05,0.00106346,0.0404245
68770,LOX,21,4,0,0,0.000556453,0.0020431,0.272357
68780,LOX,19,3,0,0,0.000558493,0.00128059,0.436123
68790,LOX,34,3,0,0,0.000543842,0.00159906,0.340102
68800,LOX,12,3,0,0,0.000538793,0.00139684,0.385724
68810,LOX,42,4,0,0,0.000554993,0.00199353,0.278397
68820,LOX,17,3,0,0,4.486e-05,0.00139081,0.0322547
68830,LOX,1,3,1,3,4.452e-05,0.00214639,0.0207418
68840,LOX,2,3,2,3,4.469e-05,0.00212156,0.0210647
68850,LOX,11,3,0,0,0.000572583,0.00162507,0.352344
68860,LOX,1,3,6,3,4.425e-05,0.00229146,0.0193108
68870,LOX,28,3,1,3,0.000547272,0.00263932,0.207353
68880,LOX,18,3,0,0,0.000547643,0.00131081,0.417791
68890,LOX,11,3,2,3,0.000550173,0.002287,0.240565
68900,LOX,1,3,11,3,4.5211e-05,0.0023112,0.0195617
68910,LOX,6,3,0,0,0.000555143,0.00115711,0.479769
68920,LOX,0,3,0,0,4.55e-05,0.00105327,0.043199
68930,LOX,6,3,0,0,4.3491e-05,0.00129192,0.033664
68940,LOX,2,3,0,0,4.4101e-05,0.00109535,0.0402618
68950,LOX,1,3,0,0,4.4491e-05,0.00106478,0.0417844
68960,LOX,3,3,0,0,4.301e-05,0.00113331,0.0379506
68970,LOX,5,4,0,0,4.558e-05,0.00143899,0.0316751
68980,LOX,45,4,0,0,0.000566972,0.00198921,0.285024
68990,LOX,0,3,0,0,4.601e-05,0.00103791,0.0443293
69000,LOX,22,3,0,0,0.000558963,0.00136035,0.410897
69010,LOX,13,3,6,3,0.000571383,0.0025484,0.224212
69020,LOX,16,3,2,3,0.000557943,0.00238531,0.233908
69030,LOX,3,3,8,3,4.391e-05,0.00228678,0.0192017
69040,LOX,1,3,1,3,5.21e-05,0.00214802,0.0242549
69050,LOX,0,3,0,0,4.9761e-05,0.00105659,0.0470961
69060,LOX,45,3,0,0,0.000554752,0.00171982,0.322564
69070,LOX,0,3,0,0,4.507e-05,0.00104214,0.0432473
69080,LOX,0,3,0,0,4.346e-05,0.00107095,0.040581
69090,LOX,0,3,0,0,4.368e-05,0.00104149,0.0419397
69100,LOX,13,3,0,0,0.000554822,0.00137371,0.403887
69110,LOX,3,3,0,0,4.521e-05,0.0010949,0.0412913
69120,LOX,0,3,1,3,5.082e-05,0.00213789,0.0237711
69130,LOX,4,3,0,0,4.549e-05,0.00120302,0.0378133
69140,LOX,1,3,0,0,4.577e-05,0.0010738,0.0426241
69150,LOX,0,3,0,0,4.319e-05,0.00107674,0.040112
69160,LOX,41,5,0,0,0.000571153,0.00222482,0.256719
69170,LOX,24,4,0,0,0.000562823,0.00164503,0.342136
69180,LOX,3,3,0,0,4.667e-05,0.00110147,0.0423705
69190,LOX,0,3,0,0,4.362e-05,0.00102913,0.0423855
69200,LOX,21,3,1,3,0.000554523,0.00274709,0.201858
69210,LOX,4,3,6,3,4.3671e-05,0.00230329,0.0189603
69220,LOX,1,3,1,3,4.478e-05,0.00212253,0.0210975
69230,LOX,1,3,2,3,4.574e-05,0.00217146,0.0210642
69240,LOX,26,3,0,0,0.000572343,0.00141265,0.405156
69250,LOX,11,3,0,0,4.496e-05,0.0012452,0.0361068
69260,LOX,11,3,0,0,4.4751e-05,0.00129387,0.034587
69270,LOX,9,3,7,3,4.555e-05,0.00256003,0.0177927
69280,LOX,6,3,0,0,4.511e-05,0.00115409,0.0390872
69290,LOX,30,3,2,3,0.000550553,0.00260093,0.211675
69300,LOX,1,3,8,3,4.603e-05,0.00220231,0.0209008
69310,LOX,0,3,0,0,4.397e-05,0.00104359,0.0421336
69320,LOX,1,3,0,0,4.412e-05,0.00105611,0.0417761
69330,LOX,14,4,0,0,0.000556603,0.0013983,0.398058
69340,LOX,5,3,0,0,0.000547773,0.0010983,0.498744
69350,LOX,1,3,0,0,4.4441e-05,0.00110629,0.0401714
69360,LOX,57,4,0,0,0.000552153,0.00248871,0.221863
69370,LOX,1,3,0,0,4.3271e-05,0.00107029,0.0404294
69380,LOX,2,3,0,0,4.5331e-05,0.00111188,0.0407695
69390,LOX,26,3,0,0,0.000540372,0.00133732,0.404072
69400,LOX,2,3,0,0,4.38e-05,0.00110747,0.0395494
69410,LOX,0,3,0,0,4.5e-05,0.00103611,0.0434319
69420,LOX,10,3,0,0,0.000547413,0.00129974,0.421172
69430,LOX,1,3,0,0,4.339e-05,0.00111814,0.0388057
69440,LOX,43,4,16,3,0.000559793,0.00406905,0.137573
69450,LOX,1,3,0,0,4.5911e-05,0.00109687,0.0418562
69460,LOX,14,3,0,0,4.427e-05,0.00120461,0.0367506
69470,LOX,3,3,0,0,4.532e-05,0.00110198,0.0411258
69480,LOX,2,3,0,0,4.4501e-05,0.00117687,0.0378132
69490,LOX,1,3,0,0,4.501e-05,0.00109312,0.0411755
69500,LOX,21,3,0,0,0.000539612,0.00151159,0.356984
69510,LOX,8,3,0,0,0.000578782,0.00114971,0.503417
69520,LOX,4,3,0,0,4.401e-05,0.00115138,0.0382235
69530,LOX,10,3,0,0,0.000554423,0.00124598,0.444971
69540,LOX,1,3,1,3,4.431e-05,0.00212394,0.0208622
69550,LOX,4,3,8,3,4.44e-05,0.00229865,0.0193157
69560,LOX,21,3,0,0,0.000550543,0.00144624,0.380673
69570,LOX,41,3,0,0,0.000568183,0.00151615,0.374755
69580,LOX,25,3,9,3,0.000548272,0.00278421,0.196922
69590,LOX,2,3,1,3,4.231e-05,0.00211049,0.0200475
69600,LOX,10,3,0,0,4.4101e-05,0.00130179,0.0338773
69610,LOX,0,3,0,0,4.392e-05,0.00105128,0.0417774
69620,LOX,1,3,0,0,4.452e-05,0.00109388,0.040699
69630,LOX,7,3,0,0,0.000555752,0.00114435,0.48565
69640,LOX,13,3,0,0,0.000559132,0.00132744,0.421212
69650,LOX,5,3,0,0,4.561e-05,0.00129512,0.0352169
69660,LOX,20,3,0,0,0.000570292,0.00141034,0.404366
69670,LOX,1,3,0,0,4.273e-05,0.00107942,0.0395859
69680,LOX,17,3,0,0,5.211e-05,0.00139232,0.0374268
69690,LOX,1,3,0,0,4.445e-05,0.00109744,0.0405035
69700,LOX,13,3,3,3,4.4031e-05,0.0023291,0.0189047
69710,LOX,12,3,8,3,0.000551173,0.00240245,0.229421
69720,LOX,15,3,0,0,0.000557172,0.00131261,0.424478
69730,LOX,1,3,0,0,4.4791e-05,0.00107763,0.0415642
69740,LOX,28,3,1,3,0.000566473,0.00253753,0.223238
69750,LOX,16,3,3,3,0.000563723,0.00261832,0.215299
69760,LOX,0,3,0,0,4.342e-05,0.00104901,0.0413912
69770,LOX,12,3,2,3,4.477e-05,0.00234958,0.0190545
69780,LOX,10,3,0,0,4.527e-05,0.00139583,0.0324324
69790,LOX,0,3,0,0,4.374e-05,0.0010487,0.041709
69800,LOX,13,4,10,3,0.000555742,0.00292645,0.189903
69810,LOX,57,3,0,0,0.000571583,0.0016035,0.35646
69820,LOX,6,3,0,0,0.000563303,0.00132378,0.425527
69830,LOX,0,3,0,0,4.442e-05,0.00104408,0.0425444
69840,LOX,5,3,0,0,0.000558382,0.00113071,0.493835
69850,LOX,2,3,0,0,4.274e-05,0.00111346,0.0383847
69860,LOX,0,3,0,0,4.46e-05,0.00103411,0.0431291
69870,LOX,27,3,0,0,0.000565243,0.00140449,0.402455
69880,LOX,14,3,0,0,0.000550313,0.00135398,0.406442
69890,LOX,0,3,0,0,4.374e-05,0.00102315,0.0427501
69900,LOX,10,3,5,3,0.000560323,0.00250279,0.223879
69910,LOX,1,3,0,0,4.705e-05,0.00110911,0.0424212
69920,LOX,56,4,0,0,0.000550942,0.0019539,0.281971
69930,LOX,24,3,12,3,0.000556243,0.00269706,0.20624
69940,LOX,0,3,0,0,4.505e-05,0.00105481,0.0427093
69950,LOX,0,3,0,0,4.392e-05,0.00108029,0.0406559
69960,LOX,19,3,0,0,4.552e-05,0.00149674,0.0304128
69970,LOX,30,3,0,0,0.000561633,0.00169706,0.330945
69980,LOX,11,3,0,0,0.000546893,0.00120875,0.452447
69990,LOX,3,3,0,0,4.424e-05,0.00110392,0.0400755
70000,LOX,17,3,7,3,4.308e-05,0.00255235,0.0168785
70010,LOX,1,3,0,0,4.917e-05,0.00108716,0.0452281
70020,LOX,15,3,0,0,4.51e-05,0.00149145,0.0302391
70030,LOX,1,3,0,0,4.396e-05,0.00107917,0.0407348
70040,LOX,1,3,0,0,5.015e-05,0.00103235,0.0485787
70050,LOX,15,3,0,0,4.536e-05,0.00141582,0.032038
70060,LOX,12,3,0,0,0.000542962,0.001372,0.395746
70070,LOX,5,3,0,0,4.317e-05,0.00108952,0.0396231
70080,LOX,0,3,0,0,4.387e-05,0.00105627,0.0415327
70090,LOX,1,3,0,0,4.335e-05,0.00107278,0.0404088
70100,LOX,22,3,0,0,0.000557453,0.00141307,0.394499
70110,LOX,0,3,6,3,4.412e-05,0.00233886,0.0188639
70120,LOX,1,3,0,0,4.493e-05,0.00107748,0.041699
70130,LOX,7,3,2,3,4.399e-05,0.0023489,0.0187279
70140,LOX,2,3,3,3,4.436e-05,0.00221436,0.0200329
70150,LOX,36,3,0,0,0.000551192,0.00152178,0.362203
70160,LOX,8,3,0,0,0.000544142,0.00113144,0.48093
70170,LOX,1,3,0,0,4.437e-05,0.00107383,0.0413192
70180,LOX,7,3,0,0,4.3561e-05,0.00113668,0.0383228
70190,LOX,13,3,1,3,0.000558712,0.00251524,0.222131
70200,LOX,1,3,0,0,4.42e-05,0.00109118,0.0405068
70210,LOX,19,3,0,0,4.49e-05,0.00154659,0.0290316
70220,LOX,3,3,0,0,4.4331e-05,0.00114026,0.0388778
70230,LOX,0,3,0,0,4.498e-05,0.00105324,0.0427061
70240,LOX,2,3,0,0,4.431e-05,0.00110146,0.0402286
70250,LOX,0,3,11,3,4.409e-05,0.00241983,0.0182203
70260,LOX,6,3,0,0,4.409e-05,0.00114015,0.0386705
70270,LOX,9,3,0,0,4.3321e-05,0.00124105,0.0349069
70280,LOX,47,3,0,0,0.000550062,0.00196512,0.279913
70290,LOX,34,3,0,0,0.000548073,0.00186167,0.294399
70300,LOX,0,3,0,0,4.3321e-05,0.00108077,0.0400833
70310,LOX,0,3,0,0,4.511e-05,0.00104984,0.0429687
70320,LOX,0,3,0,0,4.4591e-05,0.00106175,0.0419978
70330,LOX,5,3,7,3,4.4881e-05,0.00238215,0.0188405
70340,LOX,18,3,7,3,0.000566673,0.00263568,0.215001
70350,LOX,5,3,0,0,4.3021e-05,0.00122052,0.0352482
70360,LOX,9,3,0,0,4.452e-05,0.00124631,0.0357216
70370,LOX,3,3,9,3,4.436e-05,0.00226873,0.0195528
70380,LOX,3,3,1,3,4.507e-05,0.00221586,0.0203397
70390,LOX,4,3,0,0,4.388e-05,0.00111184,0.0394663
70400,LOX,0,3,0,0,4.562e-05,0.00107926,0.0422699
70410,LOX,0,3,0,0,4.694e-05,0.00107083,0.0438354
70420,LOX,3,3,0,0,4.47e-05,0.00121448,0.036806
70430,LOX,40,3,0,0,0.000555042,0.00175035,0.317104
70440,LOX,6,3,0,0,4.638e-05,0.00111652,0.0415396
70450,LOX,1,3,0,0,4.426e-05,0.00109567,0.0403956
70460,LOX,3,3,0,0,4.402e-05,0.00111972,0.0393136
70470,LOX,27,4,0,0,0.000554663,0.00194633,0.284979
70480,LOX,0,3,0,0,4.312e-05,0.00105427,0.0409001
70490,LOX,0,3,0,0,4.354e-05,0.00104218,0.0417776
70500,LOX,0,3,0,0,4.646e-05,0.0010774,0.0431225
70510,LOX,3,3,0,0,4.371e-05,0.0010816,0.0404125
70520,LOX,2,3,7,3,4.4561e-05,0.00218877,0.0203589
70530,LOX,2,3,0,0,4.511e-05,0.0010773,0.041873
70540,LOX,8,3,0,0,4.454e-05,0.00137942,0.032289
70550,LOX,11,3,0,0,0.000538293,0.00128606,0.418561
70560,LOX,15,3,0,0,0.000542173,0.00124448,0.435664
70570,LOX,8,3,6,3,4.421e-05,0.00234339,0.0188658
70580,LOX,23,4,5,3,0.000548523,0.00300927,0.182278
70590,LOX,30,3,0,0,0.000552903,0.00137809,0.401211
70600,LOX,41,3,6,3,0.000566663,0.003132,0.180927
70610,LOX,1,3,0,0,4.4041e-05,0.00107071,0.0411324
70620,LOX,0,3,0,0,4.475e-05,0.00104659,0.0427581
70630,LOX,3,3,0,0,4.39e-05,0.00111315,0.0394378
70640,LOX,0,3,0,0,4.331e-05,0.00104196,0.0415661
70650,LOX,8,3,0,0,4.414e-05,0.00123197,0.0358289
70660,LOX,34,3,0,0,0.000559323,0.00151739,0.368609
70670,LOX,3,3,0,0,4.432e-05,0.00112492,0.0393982
70680,LOX,1,3,0,0,4.4941e-05,0.00109384,0.0410857
70690,LOX,5,3,0,0,4.42e-05,0.00107434,0.0411413
70700,LOX,1,3,0,0,4.4161e-05,0.00112853,0.0391316
70710,LOX,19,4,0,0,0.000555292,0.00172564,0.321789
70720,LOX,1,3,0,0,4.403e-05,0.00105945,0.0415595
70730,LOX,8,3,0,0,4.578e-05,0.00115967,0.0394769
70740,LOX,0,3,0,0,4.559e-05,0.00105697,0.0431325
70750,LOX,26,3,2,3,0.000551833,0.00277629,0.198766
70760,LOX,47,5,8,3,0.000550503,0.00371782,0.148072
70770,LOX,21,3,0,0,0.000553092,0.00138273,0.400001
70780,LOX,1,3,0,0,4.518e-05,0.00109366,0.041311
70790,LOX,1,3,4,3,4.409e-05,0.00211812,0.0208156
70800,LOX,16,3,7,3,4.402e-05,0.00255704,0.0172152
70810,LOX,0,3,0,0,4.468e-05,0.001037,0.0430856
70820,LOX,1,3,0,0,4.4561e-05,0.00107141,0.0415912
70830,LOX,2,3,0,0,4.806e-05,0.00111937,0.0429347
70840,LOX,37,4,0,0,0.000557533,0.00218258,0.255447
70850,LOX,1,3,0,0,4.419e-05,0.00108001,0.0409161
70860,LOX,20,4,0,0,0.000537513,0.00185016,0.290523
70870,LOX,22,3,0,0,0.000560143,0.00129647,0.432054
70880,LOX,1,3,0,0,4.341e-05,0.00109476,0.0396523
70890,LOX,0,3,0,0,4.382e-05,0.00103786,0.0422217
70900,LOX,1,3,0,0,4.494e-05,0.00108106,0.0415701
70910,LOX,15,3,3,3,0.000566973,0.0025302,0.224082
70920,LOX,1,3,8,3,4.351e-05,0.00218161,0.019944
70930,LOX,8,3,10,3,4.4831e-05,0.00249772,0.0179488
70940,LOX,2,3,0,0,4.523e-05,0.00113959,0.0396895
70950,LOX,0,3,0,0,4.3461e-05,0.00107638,0.0403772
70960,LOX,11,3,2,3,0.000553053,0.00245495,0.225281
70970,LOX,17,3,8,3,0.000544252,0.00250142,0.217577
70980,LOX,0,3,2,3,4.368e-05,0.00209415,0.0208581
70990,LOX,1,3,0,0,4.362e-05,0.00106486,0.0409629
71000,LOX,2,3,3,3,4.424e-05,0.00232497,0.0190282
71010,LOX,9,3,0,0,4.487e-05,0.0012633,0.0355182
71020,LOX,32,4,0,0,0.000560822,0.00205259,0.273227
71030,LOX,3,3,0,0,4.469e-05,0.00115397,0.0387273
71040,LOX,8,3,0,0,4.4341e-05,0.00121909,0.0363721
71050,LOX,18,3,0,0,0.000554142,0.00148579,0.372962
71060,LOX,2,3,0,0,4.402e-05,0.00106456,0.0413506
71070,LOX,18,3,0,0,4.32e-05,0.00142829,0.030246
71080,LOX,2,3,0,0,4.46e-05,0.00106575,0.0418487
71090,LOX,1,3,0,0,4.45e-05,0.00105799,0.0420607
71100,LOX,26,3,0,0,0.000545573,0.00164246,0.332169
71110,LOX,3,3,6,3,4.373e-05,0.00239322,0.0182724
71120,LOX,45,4,6,3,0.000553453,0.00327799,0.168839
71130,LOX,4,3,7,3,4.4481e-05,0.00230494,0.0192981
71140,LOX,25,3,0,0,0.000545943,0.00139366,0.391734
71150,LOX,1,3,1,3,4.3551e-05,0.00212745,0.020471
71160,LOX,4,3,0,0,4.416e-05,0.00115533,0.0382227
71170,LOX,1,3,2,3,4.3811e-05,0.00209287,0.0209335
71180,LOX,1,3,0,0,4.358e-05,0.00108598,0.0401298
71190,LOX,1,3,0,0,4.4751e-05,0.00107664,0.0415656
71200,LOX,5,3,13,3,4.306e-05,0.0023563,0.0182744
71210,LOX,9,3,0,0,0.000538242,0.00132092,0.407476
71220,LOX,24,3,0,0,0.000562293,0.00168813,0.333087
71230,LOX,26,5,0,0,0.000546283,0.00205262,0.26614
71240,LOX,0,3,0,0,4.338e-05,0.00104162,0.0416469
71250,LOX,4,3,0,0,4.4551e-05,0.00118225,0.0376831
71260,LOX,26,3,0,0,0.000552433,0.00155216,0.355913
71270,LOX,0,3,0,0,4.3791e-05,0.00105547,0.0414894
71280,LOX,1,3,0,0,5.094e-05,0.00107953,0.047187
71290,LOX,0,3,0,0,4.536e-05,0.0010521,0.043114
71300,LOX,2,3,0,0,4.455e-05,0.00110974,0.0401447
71310,LOX,4,3,0,0,4.42e-05,0.00114066,0.0387496
71320,LOX,1,3,0,0,4.402e-05,0.00108628,0.0405238
71330,LOX,1,3,0,0,4.4061e-05,0.00105792,0.0416485
71340,LOX,20,3,0,0,0.000552872,0.00141036,0.392009
71350,LOX,6,3,0,0,4.427e-05,0.00132534,0.0334029
71360,LOX,0,3,0,0,4.459e-05,0.0010448,0.0426778
71370,LOX,4,3,0,0,4.472e-05,0.00113952,0.0392448
71380,LOX,10,3,0,0,0.000559143,0.0012511,0.446919
71390,LOX,1,3,0,0,4.428e-05,0.0010489,0.0422155
71400,LOX,12,3,0,0,5.1311e-05,0.00119183,0.0430524
71410,LOX,0,3,0,0,4.4441e-05,0.00103713,0.0428502
71420,LOX,1,3,0,0,4.538e-05,0.00109208,0.0415539
71430,LOX,4,3,0,0,4.53e-05,0.00112594,0.0402329
71440,LOX,0,3,0,0,4.422e-05,0.00107008,0.0413238
71450,LOX,49,4,4,3,0.000560823,0.00322186,0.174068
71460,LOX,1,3,5,3,4.561e-05,0.00223119,0.020442
71470,LOX,0,3,2,3,4.497e-05,0.00212819,0.0211306
71480,LOX,33,3,0,0,0.000552663,0.00162712,0.339658
71490,LOX,3,3,0,0,4.5411e-05,0.00121678,0.0373208
71500,LOX,11,3,0,0,0.000550083,0.00125088,0.439758
71510,LOX,2,3,0,0,4.454e-05,0.00106802,0.0417035
71520,LOX,16,3,0,0,0.000566082,0.00138393,0.40904
71530,LOX,5,3,0,0,4.736e-05,0.00120562,0.0392828
71540,LOX,16,3,0,0,0.000555053,0.00129447,0.428789
71550,LOX,1,3,0,0,4.506e-05,0.00110511,0.0407744
71560,LOX,22,3,0,0,0.000555213,0.00135935,0.408441
71570,LOX,5,3,0,0,4.362e-05,0.00116701,0.0373774
71580,LOX,1,3,0,0,4.491e-05,0.00106269,0.0422609
71590,LOX,5,3,0,0,4.363e-05,0.001172,0.0372271
71600,LOX,1,3,0,0,4.4541e-05,0.00106568,0.041796
71610,LOX,14,3,0,0,4.351e-05,0.00139207,0.0312557
71620,LOX,27,4,2,3,0.000540662,0.0030129,0.179449
71630,LOX,2,3,2,3,4.433e-05,0.00218426,0.0202952
71640,LOX,9,3,0,0,4.4021e-05,0.00121279,0.0362974
71650,LOX,0,3,0,0,4.533e-05,0.00107128,0.0423137
71660,LOX,6,3,0,0,0.000542213,0.00116847,0.464039
71670,LOX,2,3,3,3,4.395e-05,0.00218318,0.0201312
71680,LOX,19,3,1,3,0.000555903,0.00237577,0.233988
71690,LOX,0,3,4,3,4.3781e-05,0.00219959,0.0199042
71700,LOX,8,3,3,3,4.501e-05,0.00243565,0.0184797
71710,LOX,12,3,0,0,0.000557083,0.0013654,0.408001
71720,LOX,22,3,0,0,0.000573643,0.00125958,0.455425
71730,LOX,44,3,0,0,0.000552543,0.00150519,0.367093
71740,LOX,13,3,0,0,0.000544363,0.00128179,0.424691
71750,LOX,22,3,0,0,0.000545762,0.00131333,0.415557
71760,LOX,16,3,0,0,0.000545752,0.00126034,0.433021
71770,LOX,6,3,1,3,4.334e-05,0.00223006,0.0194345
71780,LOX,4,3,0,0,4.526e-05,0.00110458,0.0409747
71790,LOX,4,3,0,0,4.445e-05,0.00116459,0.0381681
71800,LOX,0,3,0,0,4.369e-05,0.00107134,0.0407809
71810,LOX,6,3,0,0,4.4501e-05,0.00114945,0.0387149
71820,LOX,1,3,0,0,4.524e-05,0.00105482,0.0428886
71830,LOX,1,3,0,0,4.5531e-05,0.00107291,0.0424371
71840,LOX,11,3,3,3,0.000555732,0.00233126,0.238383
71850,LOX,1,3,8,3,4.575e-05,0.00226599,0.0201898
71860,LOX,24,3,11,3,0.000539783,0.00262234,0.20584
71870,LOX,17,3,0,0,0.000538483,0.00140653,0.382846
71880,LOX,34,3,5,3,0.000550383,0.00257106,0.214068
71890,LOX,36,3,1,3,0.000552563,0.00254892,0.216783
71900,LOX,36,3,0,0,0.000551443,0.00155688,0.354198
71910,LOX,11,3,0,0,4.5961e-05,0.00123745,0.0371416
71920,LOX,1,3,0,0,4.4261e-05,0.00108464,0.0408073
71930,LOX,7,4,0,0,4.4511e-05,0.00149951,0.0296838
71940,LOX,13,3,0,0,4.4161e-05,0.00157692,0.0280046
71950,LOX,1,3,0,0,4.47e-05,0.00109783,0.0407165
71960,LOX,23,3,0,0,0.000547643,0.00136639,0.400797
71970,LOX,25,3,0,0,0.000554033,0.00167828,0.33012
71980,LOX,0,3,0,0,4.534e-05,0.00102902,0.0440616
71990,LOX,15,3,0,0,4.3861e-05,0.00141418,0.0310152
72000,LOX,7,3,0,0,4.4441e-05,0.00123513,0.0359809
72010,LOX,6,3,0,0,4.3671e-05,0.00123106,0.0354742
72020,LOX,6,3,0,0,4.192e-05,0.00113554,0.0369165
72030,LOX,21,3,8,3,0.000552082,0.00298548,0.184922
72040,LOX,30,3,4,3,0.000544922,0.00259102,0.210312
72050,LOX,22,3,2,3,0.000561072,0.00260194,0.215636
72060,LOX,2,3,0,0,4.346e-05,0.00107223,0.0405325
72070,LOX,2,3,0,0,4.462e-05,0.00106497,0.0418977
72080,LOX,33,3,8,3,0.000557592,0.00266827,0.208971
72090,LOX,0,3,3,3,4.575e-05,0.00214466,0.0213321
72100,LOX,25,3,2,3,0.000555623,0.00246514,0.225392
72110,LOX,57,4,0,0,0.000570503,0.00197289,0.289171
72120,LOX,0,3,0,0,4.278e-05,0.00105273,0.0406374
72130,LOX,3,3,0,0,4.3981e-05,0.00116067,0.0378926
72140,LOX,0,3,3,3,4.3521e-05,0.00214085,0.0203288
72150,LOX,3,3,0,0,4.469e-05,0.00109928,0.0406541
72160,LOX,12,3,0,0,0.000564373,0.00134035,0.421065
72170,LOX,0,3,0,0,4.386e-05,0.00103002,0.0425815
72180,LOX,1,3,0,0,4.484e-05,0.00104412,0.042945
72190,LOX,40,3,0,0,0.000551463,0.00174132,0.316693
72200,LOX,0,3,0,0,4.5e-05,0.00105276,0.042745
72210,LOX,1,3,11,3,4.483e-05,0.00232473,0.019284
72220,LOX,18,4,0,0,0.000552132,0.00170742,0.323372
72230,LOX,2,3,2,3,4.483e-05,0.00217611,0.020601
72240,LOX,13,3,8,3,0.000544283,0.00247748,0.219692
72250,LOX,0,3,6,3,4.4421e-05,0.00224177,0.0198151
72260,LOX,0,3,0,0,4.483e-05,0.00106455,0.0421119
72270,LOX,0,3,0,0,4.373e-05,0.00104922,0.0416788
72280,LOX,1,3,0,0,4.4e-05,0.00108774,0.040451
72290,LOX,1,3,2,3,4.546e-05,0.00208543,0.0217989
72300,LOX,29,3,0,0,0.000562472,0.00146155,0.384847
72310,LOX,23,3,3,3,0.000552433,0.00270482,0.20424
72320,LOX,1,3,0,0,4.634e-05,0.00109789,0.042208
72330,LOX,1,3,0,0,4.4791e-05,0.00119249,0.0375611
72340,LOX,2,3,0,0,4.3671e-05,0.00111334,0.039225
72350,LOX,22,3,6,3,4.515e-05,0.00279655,0.0161449
72360,LOX,8,3,0,0,4.521e-05,0.00117412,0.0385056
72370,LOX,22,3,0,0,0.000556183,0.00163167,0.340868
72380,LOX,9,3,0,0,0.000541212,0.00112209,0.482327
72390,LOX,11,3,0,0,0.000549763,0.00121079,0.454051
72400,LOX,3,3,0,0,4.398e-05,0.00111765,0.0393506
72410,LOX,0,3,1,3,4.482e-05,0.00206155,0.0217409
72420,LOX,4,3,8,3,4.37e-05,0.00252059,0.0173372
72430,LOX,2,3,10,3,4.41e-05,0.00229827,0.0191883
72440,LOX,0,3,2,3,4.46e-05,0.00211194,0.021118
72450,LOX,3,3,0,0,4.3021e-05,0.0011036,0.0389826
72460,LOX,1,3,9,3,4.499e-05,0.00219585,0.0204886
72470,LOX,24,3,10,3,0.000553573,0.00266592,0.207648
72480,LOX,5,3,0,0,4.4161e-05,0.00118406,0.0372964
72490,LOX,0,3,2,3,4.573e-05,0.0021464,0.0213054
72500,LOX,2,3,1,3,4.4491e-05,0.0022395,0.0198665
72510,LOX,2,3,0,0,4.351e-05,0.00107948,0.0403066
72520,LOX,40,3,0,0,0.000548932,0.0016077,0.34144
72530,LOX,14,3,0,0,0.000555172,0.00136982,0.405289
72540,LOX,0,3,0,0,4.398e-05,0.00104743,0.0419887
72550,LOX,29,3,0,0,0.000545082,0.00138149,0.394562
72560,LOX,1,3,0,0,4.411e-05,0.00108715,0.0405742
72570,LOX,11,3,0,0,0.000553313,0.00138454,0.399638
72580,LOX,1,3,4,3,4.491e-05,0.00219214,0.0204868
72590,LOX,3,3,0,0,4.427e-05,0.00108156,0.0409318
72600,LOX,10,3,0,0,4.43e-05,0.00121814,0.0363668
72610,LOX,0,3,0,0,4.496e-05,0.00108128,0.0415805
72620,LOX,14,3,0,0,0.000550592,0.00139683,0.394174
72630,LOX,1,3,2,3,4.366e-05,0.00212794,0.0205175
72640,LOX,1,3,1,3,5.0461e-05,0.00215648,0.0233997
72650,LOX,0,3,0,0,4.378e-05,0.00106376,0.0411557
72660,LOX,4,3,2,3,4.421e-05,0.00224448,0.0196972
72670,LOX,2,3,7,3,4.412e-05,0.00228016,0.0193495
72680,LOX,40,5,2,3,0.000552483,0.00295239,0.187131
72690,LOX,0,3,0,0,4.499e-05,0.00107128,0.0419967
72700,LOX,0,3,0,0,4.462e-05,0.00107142,0.0416459
72710,LOX,28,3,5,3,0.000546043,0.00312978,0.174467
72720,LOX,2,3,0,0,4.45e-05,0.00115234,0.0386172
72730,LOX,0,3,0,0,4.398e-05,0.00105845,0.0415515
72740,LOX,28,4,0,0,0.000552012,0.00184017,0.299979
72750,LOX,4,3,0,0,4.5511e-05,0.00112089,0.0406027
72760,LOX,22,3,0,0,0.000560173,0.0014113,0.396921
72770,LOX,2,3,0,0,4.412e-05,0.00110399,0.0399643
72780,LOX,11,3,0,0,0.000558732,0.00139901,0.399378
72790,LOX,46,4,0,0,0.000546293,0.00208798,0.261637
72800,LOX,26,3,0,0,0.000556543,0.00147033,0.378516
72810,LOX,3,3,1,3,0.000559162,0.00224486,0.249085
72820,LOX,6,3,0,0,4.575e-05,0.00112451,0.0406842
72830,LOX,25,3,0,0,0.000567503,0.001514,0.374838
72840,LOX,0,3,5,3,4.5e-05,0.0021642,0.0207929
72850,LOX,0,3,5,3,4.39e-05,0.00217921,0.0201449
72860,LOX,28,3,9,3,0.000555163,0.00282817,0.196297
72870,LOX,3,3,2,3,4.579e-05,0.00214603,0.0213371
72880,LOX,19,3,9,3,0.000549363,0.00256032,0.214568
72890,LOX,15,3,0,0,0.000534113,0.00143848,0.371305
72900,LOX,0,3,6,3,4.518e-05,0.0022414,0.020157
72910,LOX,3,3,0,0,4.406e-05,0.00112591,0.0391326
72920,LOX,2,3,0,0,4.382e-05,0.00111487,0.0393052
72930,LOX,28,4,0,0,0.000562093,0.0017243,0.325984
72940,LOX,1,3,0,0,4.631e-05,0.00111144,0.0416669
72950,LOX,1,3,0,0,4.493e-05,0.00108555,0.041389
72960,LOX,9,3,0,0,0.000557413,0.00129917,0.429054
72970,LOX,21,3,0,0,0.000539072,0.00153898,0.350279
72980,LOX,1,3,0,0,4.474e-05,0.00107931,0.0414526
72990,LOX,3,3,0,0,4.39e-05,0.00110709,0.0396537
73000,LOX,71,3,0,0,0.000546783,0.00190228,0.287436
73010,LOX,3,3,0,0,4.44e-05,0.00123284,0.0360146
73020,LOX,26,3,3,3,0.000571932,0.00241847,0.236485
73030,LOX,7,3,0,0,4.481e-05,0.00108197,0.041415
73040,LOX,0,3,0,0,4.419e-05,0.00103754,0.0425909
73050,LOX,3,3,0,0,4.356e-05,0.00124707,0.03493
73060,LOX,22,3,0,0,0.000543362,0.00159826,0.339971
73070,LOX,11,3,0,0,0.000543672,0.00122045,0.44547
73080,LOX,3,3,0,0,4.395e-05,0.00109264,0.0402238
73090,LOX,1,3,0,0,4.574e-05,0.00106506,0.0429461
73100,LOX,17,3,0,0,0.000563823,0.0015662,0.359995
73110,LOX,0,3,0,0,4.45e-05,0.00104134,0.0427336
73120,LOX,39,3,0,0,0.000565893,0.00162961,0.347257
73130,LOX,29,3,2,3,0.000566572,0.0028351,0.199842
73140,LOX,23,3,0,0,0.000548843,0.00159861,0.343326
73150,LOX,48,3,2,3,0.000563232,0.00260798,0.215965
73160,LOX,19,3,1,3,0.000548773,0.00259766,0.211257
73170,LOX,31,3,0,0,0.000541203,0.00141448,0.382617
73180,LOX,8,3,0,0,4.471e-05,0.00145468,0.0307353
73190,LOX,8,3,0,0,0.000554842,0.00115323,0.481122
73200,LOX,0,3,0,0,4.4981e-05,0.00107445,0.041864
73210,LOX,13,3,0,0,4.445e-05,0.00152099,0.0292244
73220,LOX,0,3,0,0,4.4621e-05,0.00106214,0.0420107
73230,LOX,5,3,0,0,4.555e-05,0.00117897,0.0386356
73240,LOX,27,3,0,0,0.000550702,0.0017253,0.319192
73250,LOX,11,3,0,0,0.000553363,0.00127052,0.435542
73260,LOX,12,3,0,0,4.517e-05,0.00125,0.0361361
73270,LOX,24,3,0,0,0.000554823,0.00136607,0.406147
73280,LOX,29,3,0,0,0.000554562,0.00174825,0.31721
73290,LOX,0,3,0,0,4.5021e-05,0.00104466,0.0430965
73300,LOX,1,3,0,0,4.378e-05,0.00110977,0.0394494
73310,LOX,25,3,2,3,0.000549693,0.00232265,0.236666
73320,LOX,10,3,7,3,4.481e-05,0.00260731,0.0171863
73330,LOX,25,3,0,0,0.000550933,0.00157212,0.35044
73340,LOX,1,3,0,0,4.556e-05,0.00105185,0.0433144
73350,LOX,11,3,0,0,4.567e-05,0.0014126,0.0323305
73360,LOX,29,3,0,0,0.000552782,0.00157348,0.351312
73370,LOX,18,3,6,3,0.000543652,0.0025242,0.215376
73380,LOX,5,3,0,0,4.4711e-05,0.0011102,0.0402727
73390,LOX,7,3,0,0,0.000551802,0.00110632,0.498775
73400,LOX,7,3,0,0,4.59e-05,0.00110772,0.0414367
73410,LOX,1,3,0,0,4.524e-05,0.00108088,0.0418546
73420,LOX,14,3,0,0,0.000552622,0.0013704,0.403257
73430,LOX,9,3,0,0,0.000555992,0.00120538,0.46126
73440,LOX,1,3,0,0,4.445e-05,0.00112139,0.0396384
73450,LOX,1,3,0,0,4.428e-05,0.00109015,0.0406181
73460,LOX,1,3,0,0,4.451e-05,0.0010536,0.0422458
73470,LOX,0,3,0,0,4.341e-05,0.00104539,0.041525
73480,LOX,2,3,0,0,4.438e-05,0.00108034,0.0410795
73490,LOX,1,3,0,0,4.334e-05,0.00113934,0.0380397
73500,LOX,1,3,0,0,4.493e-05,0.00107763,0.0416935
73510,LOX,6,3,7,3,4.436e-05,0.00241945,0.0183347
73520,LOX,1,3,0,0,4.518e-05,0.00108881,0.0414947
73530,LOX,4,3,0,0,4.441e-05,0.00107536,0.041298
73540,LOX,5,3,0,0,4.475e-05,0.00115731,0.0386674
73550,LOX,0,3,0,0,4.4961e-05,0.00107215,0.0419356
73560,LOX,21,3,0,0,0.000561592,0.00133149,0.421778
73570,LOX,38,3,0,0,0.000566592,0.00199437,0.284096
73580,LOX,3,3,0,0,4.423e-05,0.00110508,0.0400244
73590,LOX,1,3,0,0,4.522e-05,0.00107003,0.0422607
73600,LOX,30,3,2,3,0.000566213,0.00274806,0.206041
73610,LOX,1,3,0,0,4.537e-05,0.0011017,0.0411816
73620,LOX,1,3,0,0,4.4411e-05,0.00107124,0.0414574
73630,LOX,0,3,0,0,4.56e-05,0.001046,0.0435949
73640,LOX,1,3,0,0,4.384e-05,0.00105471,0.0415657
73650,LOX,0,3,0,0,4.52e-05,0.00106747,0.0423433
73660,LOX,1,3,0,0,5.309e-05,0.00110318,0.0481247
73670,LOX,5,3,0,0,4.305e-05,0.00129385,0.0332729
73680,LOX,50,3,0,0,0.000554013,0.00204035,0.271529
73690,LOX,34,3,0,0,0.000557673,0.00150362,0.370888
73700,LOX,6,3,0,0,4.53e-05,0.00121232,0.0373662
73710,LOX,19,3,12,3,0.000555693,0.00256843,0.216355
73720,LOX,10,3,0,0,0.000556753,0.00114703,0.485389
73730,LOX,18,3,1,3,0.000551962,0.00244527,0.225726
73740,LOX,3,3,0,0,4.409e-05,0.00111394,0.0395804
73750,LOX,83,3,0,0,0.000547912,0.00209196,0.261913
73760,LOX,12,3,0,0,4.397e-05,0.00118917,0.0369752
73770,LOX,25,3,0,0,0.000569763,0.00153216,0.37187
73780,LOX,2,3,0,0,4.503e-05,0.00111926,0.0402318
73790,LOX,0,3,2,3,4.4521e-05,0.00213346,0.020868
73800,LOX,16,3,0,0,0.000541733,0.00144268,0.375505
73810,LOX,16,3,0,0,0.000550453,0.00124054,0.443722
73820,LOX,32,3,0,0,0.000534463,0.00178704,0.299078
73830,LOX,17,3,0,0,0.000552212,0.00122971,0.44906
73840,LOX,34,3,0,0,0.000550542,0.00164544,0.334587
73850,LOX,23,3,0,0,0.000534312,0.00172379,0.309964
73860,LOX,36,3,0,0,0.000564473,0.001467,0.384781
73870,LOX,12,4,0,0,4.323e-05,0.00153426,0.0281765
73880,LOX,1,3,0,0,4.245e-05,0.00105947,0.0400674
73890,LOX,6,3,0,0,4.39e-05,0.0011118,0.0394857
73900,LOX,5,3,0,0,4.5421e-05,0.00115145,0.039447
73910,LOX,2,3,0,0,4.404e-05,0.00106794,0.0412385
73920,LOX,4,3,0,0,4.327e-05,0.00110132,0.0392894
73930,LOX,1,3,6,3,4.501e-05,0.0021537,0.0208989
73940,LOX,0,3,5,3,4.35e-05,0.00214434,0.020286
73950,LOX,28,3,2,3,0.000547983,0.0025449,0.215326
73960,LOX,0,3,0,0,4.5761e-05,0.00103651,0.0441489
73970,LOX,3,3,0,0,4.449e-05,0.00109124,0.0407703
73980,LOX,31,3,2,3,0.000562723,0.00268737,0.209395
73990,LOX,9,3,0,0,4.521e-05,0.00118429,0.0381746
74000,LOX,8,3,0,0,4.381e-05,0.00133735,0.0327589
74010,LOX,0,3,0,0,4.6081e-05,0.00106597,0.043229
74020,LOX,2,3,0,0,4.431e-05,0.00112412,0.0394173
74030,LOX,53,3,0,0,0.000564543,0.00178858,0.315638
74040,LOX,0,3,8,3,4.639e-05,0.00224691,0.0206461
74050,LOX,24,3,0,0,0.000548373,0.00158627,0.3457
74060,LOX,16,3,0,0,0.000541943,0.00135928,0.3987
74070,LOX,1,3,0,0,4.353e-05,0.00108019,0.0402983
74080,LOX,0,3,0,0,4.3351e-05,0.00105667,0.0410259
74090,LOX,19,3,0,0,0.000571273,0.00162917,0.350653
74100,LOX,1,3,0,0,4.444e-05,0.00108753,0.0408631
74110,LOX,14,3,0,0,4.517e-05,0.0014302,0.0315831
74120,LOX,24,4,0,0,0.000568312,0.00179371,0.316836
74130,LOX,1,3,2,3,4.381e-05,0.00213802,0.0204909
74140,LOX,0,3,0,0,4.4521e-05,0.00103683,0.0429394
74150,LOX,63,4,1,3,0.000554193,0.00380387,0.145692
74160,LOX,3,3,0,0,4.457e-05,0.00113747,0.0391836
74170,LOX,0,3,7,3,4.508e-05,0.00237789,0.018958
74180,LOX,14,3,0,0,4.3911e-05,0.00155563,0.0282272
74190,LOX,36,3,0,0,0.000551002,0.00165747,0.332436
74200,LOX,37,3,0,0,0.000563633,0.00172375,0.326981
74210,LOX,4,3,0,0,4.719e-05,0.00114598,0.0411789
74220,LOX,9,3,0,0,4.405e-05,0.00116763,0.0377262
74230,LOX,2,3,0,0,4.4781e-05,0.00114266,0.0391903
74240,LOX,0,3,0,0,4.53e-05,0.00106026,0.0427252
74250,LOX,1,3,0,0,4.437e-05,0.00109085,0.0406745
74260,LOX,2,3,0,0,4.3711e-05,0.00108325,0.0403519
74270,LOX,0,3,0,0,4.498e-05,0.00105131,0.0427845
74280,LOX,23,3,0,0,0.000562203,0.00151019,0.372274
74290,LOX,4,3,0,0,4.3241e-05,0.00109855,0.0393617
74300,LOX,0,3,0,0,4.467e-05,0.00107804,0.0414361
74310,LOX,1,3,0,0,4.67e-05,0.0010673,0.0437551
74320,LOX,1,3,0,0,4.422e-05,0.00105555,0.0418927
74330,LOX,9,3,2,3,4.622e-05,0.00232133,0.019911
74340,LOX,1,3,1,3,4.519e-05,0.00211659,0.0213504
74350,LOX,11,3,11,3,0.000550583,0.00258614,0.212897
74360,LOX,23,3,7,3,0.000555133,0.00277586,0.199986
74370,LOX,1,3,0,0,4.585e-05,0.00105839,0.0433207
74380,LOX,2,3,0,0,4.477e-05,0.00106698,0.0419594
74390,LOX,0,3,0,0,4.426e-05,0.00107679,0.0411035
74400,LOX,5,3,3,3,4.282e-05,0.00224586,0.0190662
74410,LOX,1,3,0,0,4.425e-05,0.00109114,0.0405541
74420,LOX,0,3,0,0,5.027e-05,0.0010608,0.047389
74430,LOX,17,3,0,0,0.000550982,0.00135884,0.405481
74440,LOX,0,3,0,0,4.5691e-05,0.00103359,0.0442059
74450,LOX,3,3,0,0,4.52e-05,0.00109885,0.0411337
74460,LOX,10,3,0,0,0.000547062,0.00117044,0.467397
74470,LOX,0,3,0,0,4.428e-05,0.00104448,0.0423945
74480,LOX,11,3,0,0,4.723e-05,0.00120885,0.0390704
74490,LOX,0,3,0,0,4.558e-05,0.00105583,0.0431696
74500,LOX,22,4,0,0,0.000557772,0.00171191,0.325819
74510,LOX,28,3,0,0,0.000553912,0.00154767,0.357901
74520,LOX,11,3,1,3,4.505e-05,0.00260837,0.0172713
74530,LOX,0,3,3,3,4.463e-05,0.00212503,0.0210021
74540,LOX,17,3,3,3,0.000557262,0.00234887,0.237247
74550,LOX,0,3,1,3,4.284e-05,0.00215801,0.0198516
74560,LOX,1,3,8,3,4.497e-05,0.0022596,0.0199018
74570,LOX,7,3,0,0,4.478e-05,0.00116004,0.0386023
74580,LOX,0,3,0,0,5.105e-05,0.00103579,0.0492858
74590,LOX,1,3,10,3,4.478e-05,0.00227404,0.0196918
74600,LOX,1,3,3,3,4.534e-05,0.00219322,0.0206728
74610,LOX,3,3,0,0,4.496e-05,0.00111067,0.0404803
74620,LOX,13,3,0,0,0.000550933,0.00123079,0.447627
74630,LOX,3,3,0,0,4.4041e-05,0.0010899,0.0404081
74640,LOX,5,3,0,0,4.411e-05,0.00124191,0.035518
74650,LOX,16,3,0,0,0.000573973,0.00131306,0.437128
74660,LOX,1,3,0,0,4.386e-05,0.00108102,0.0405726
74670,LOX,2,3,0,0,4.422e-05,0.00106747,0.0414252
74680,LOX,0,3,0,0,4.538e-05,0.00103944,0.0436579
74690,LOX,4,3,0,0,4.446e-05,0.00110356,0.0402876
74700,LOX,30,3,0,0,0.000572913,0.00133099,0.430443
74710,LOX,4,3,0,0,4.499e-05,0.00111393,0.0403884
74720,LOX,20,3,0,0,0.000564772,0.00154224,0.366203
74730,LOX,17,4,0,0,0.000559713,0.0016547,0.338257
74740,LOX,16,3,0,0,4.471e-05,0.00126621,0.0353102
74750,LOX,22,3,0,0,0.000559353,0.00159525,0.350637
74760,LOX,5,3,0,0,4.511e-05,0.00113564,0.0397223
74770,LOX,15,3,0,0,0.000563682,0.00143051,0.394044
74780,LOX,53,4,0,0,0.000572673,0.00213727,0.267946
74790,LOX,61,3,0,0,0.000580452,0.00177046,0.327854
74800,LOX,2,3,0,0,4.467e-05,0.00111706,0.039989
74810,LOX,0,3,0,0,4.3691e-05,0.00105783,0.0413027
74820,LOX,29,3,8,3,0.000566892,0.00269716,0.210181
74830,LOX,0,3,4,3,5.147e-05,0.00210468,0.024455
74840,LOX,13,3,0,0,4.396e-05,0.00138155,0.0318194
74850,LOX,1,3,0,0,4.3351e-05,0.00109943,0.0394303
74860,LOX,1,3,1,3,4.561e-05,0.0021283,0.0214302
74870,LOX,10,3,11,3,0.000545163,0.00238382,0.228693
74880,LOX,0,3,2,3,4.467e-05,0.00210048,0.0212666
74890,LOX,17,3,10,3,0.000564553,0.00270459,0.208739
74900,LOX,0,3,1,3,4.4771e-05,0.00212069,0.0211115
74910,LOX,0,3,0,0,4.367e-05,0.00104641,0.041733
74920,LOX,40,6,0,0,4.41e-05,0.00242603,0.0181778
74930,LOX,3,3,0,0,4.5601e-05,0.00114022,0.039993
74940,LOX,1,3,0,0,4.31e-05,0.00107786,0.0399865
74950,LOX,0,3,0,0,4.345e-05,0.00108764,0.0399487
74960,LOX,5,3,0,0,4.411e-05,0.00116528,0.0378537
74970,LOX,2,3,0,0,4.466e-05,0.001137,0.0392786
74980,LOX,19,3,0,0,0.000546823,0.00136756,0.399854
74990,LOX,0,3,0,0,4.302e-05,0.00103042,0.0417502
75000,LOX,10,3,0,0,0.000545793,0.00132307,0.412521
75010,LOX,12,3,0,0,0.000542792,0.00118738,0.457136
75020,LOX,0,3,8,3,4.3891e-05,0.00222868,0.0196937
75030,LOX,3,3,0,0,4.3951e-05,0.00111184,0.0395298
75040,LOX,1,3,0,0,4.379e-05,0.00110482,0.0396356
75050,LOX,0,3,1,3,4.4171e-05,0.00219531,0.0201206
75060,LOX,0,3,4,3,4.441e-05,0.00211088,0.0210386
75070,LOX,1,3,5,3,4.4861e-05,0.00218367,0.0205439
75080,LOX,4,3,3,3,0.000566403,0.0021981,0.257678
75090,LOX,10,3,0,0,4.533e-05,0.001425,0.0318106
75100,LOX,16,3,0,0,0.000549812,0.00146641,0.374938
75110,LOX,0,3,0,0,4.472e-05,0.00108599,0.0411788
75120,LOX,1,3,0,0,4.516e-05,0.00109765,0.0411423
75130,LOX,9,3,0,0,0.000549402,0.00128559,0.427355
75140,LOX,0,3,0,0,4.377e-05,0.0010608,0.0412615
75150,LOX,1,3,0,0,4.476e-05,0.0010896,0.0410795
75160,LOX,6,3,0,0,4.517e-05,0.00121134,0.0372894
75170,LOX,38,3,0,0,0.000550082,0.00165706,0.331963
75180,LOX,1,3,0,0,4.418e-05,0.00110289,0.0400586
75190,LOX,1,3,0,0,4.3921e-05,0.00107113,0.0410042
75200,LOX,3,3,0,0,4.374e-05,0.00113112,0.0386698
75210,LOX,13,3,10,3,4.384e-05,0.00251298,0.0174454
75220,LOX,0,3,7,3,4.52e-05,0.0022825,0.0198028
75230,LOX,29,3,0,0,0.000566372,0.00136304,0.415522
75240,LOX,32,4,2,3,0.000560452,0.00289466,0.193616
75250,LOX,5,3,0,0,4.599e-05,0.00114977,0.0399995
75260,LOX,28,3,8,3,0.000573442,0.00248288,0.230958
75270,LOX,12,3,0,0,4.399e-05,0.00137433,0.0320084
75280,LOX,21,3,0,0,0.000563773,0.00141799,0.397587
75290,LOX,3,3,0,0,4.429e-05,0.00110572,0.0400552
75300,LOX,3,3,0,0,4.462e-05,0.00112002,0.0398388
75310,LOX,1,3,0,0,4.323e-05,0.00104207,0.0414849
75320,LOX,17,3,0,0,0.000556282,0.00133201,0.417627
75330,LOX,45,4,0,0,0.000570482,0.00192806,0.295884
75340,LOX,14,3,0,0,0.000553322,0.00145201,0.381074
75350,LOX,46,4,0,0,0.000555962,0.00213258,0.260699
75360,LOX,11,3,0,0,0.000561332,0.0011838,0.47418
75370,LOX,8,3,0,0,4.433e-05,0.00127405,0.0347947
75380,LOX,2,3,0,0,5.131e-05,0.00110917,0.04626
75390,LOX,25,3,0,0,0.000562973,0.00165674,0.339808
75400,LOX,7,3,0,0,0.000557073,0.00124161,0.448668
75410,LOX,18,3,0,0,0.000559023,0.00146178,0.382427
75420,LOX,10,3,0,0,4.356e-05,0.00124781,0.0349093
75430,LOX,32,4,1,3,0.000559662,0.00304687,0.183685
75440,LOX,6,3,0,0,4.361e-05,0.00108989,0.0400134
75450,LOX,7,3,5,3,4.578e-05,0.00244114,0.0187535
75460,LOX,3,3,7,3,4.4331e-05,0.00221829,0.0199843
75470,LOX,1,3,0,0,4.4011e-05,0.00106327,0.0413923
75480,LOX,11,3,0,0,0.000559852,0.00120551,0.464412
75490,LOX,32,3,0,0,0.000559752,0.00153314,0.365102
75500,LOX,46,4,0,0,0.000565373,0.00212398,0.266186
75510,LOX,28,3,0,0,0.000554192,0.00152903,0.362447
75520,LOX,42,4,0,0,0.000560073,0.00215041,0.260449
75530,LOX,3,3,0,0,5.291e-05,0.00110221,0.0480033
75540,LOX,0,3,0,0,4.308e-05,0.00106806,0.0403346
75550,LOX,36,4,0,0,0.000574253,0.00210318,0.27304
75560,LOX,1,3,0,0,4.508e-05,0.00107709,0.0418533
75570,LOX,0,3,0,0,4.4001e-05,0.00105206,0.0418239
75580,LOX,35,3,0,0,0.000563222,0.00151687,0.371306
75590,LOX,0,3,0,0,4.378e-05,0.00105795,0.0413817
75600,LOX,4,3,0,0,4.382e-05,0.00119855,0.036561
75610,LOX,0,3,3,3,4.357e-05,0.00215807,0.0201893
75620,LOX,34,3,0,0,0.000552902,0.00175361,0.315294
75630,LOX,0,3,0,0,4.4871e-05,0.00105692,0.0424543
75640,LOX,17,3,0,0,0.000550613,0.00136886,0.402243
75650,LOX,5,3,0,0,4.386e-05,0.00121412,0.036125
75660,LOX,9,3,9,3,4.321e-05,0.00230807,0.0187213
75670,LOX,11,3,0,0,0.000567352,0.0011721,0.484049
75680,LOX,0,3,5,3,4.3841e-05,0.00216382,0.0202609
75690,LOX,1,3,0,0,4.532e-05,0.00107722,0.0420715
75700,LOX,1,3,0,0,4.325e-05,0.00107517,0.0402263
75710,LOX,17,3,0,0,0.000557853,0.00143518,0.3887
75720,LOX,7,3,0,0,4.364e-05,0.00138238,0.0315688
75730,LOX,13,3,0,0,4.566e-05,0.00122206,0.0373633
75740,LOX,5,3,0,0,4.411e-05,0.0012285,0.0359057
75750,LOX,13,3,0,0,4.401e-05,0.00128269,0.0343108
75760,LOX,1,3,0,0,4.339e-05,0.00106116,0.0408894
75770,LOX,2,3,0,0,4.421e-05,0.00107663,0.0410635
75780,LOX,3,3,0,0,4.5731e-05,0.00114554,0.0399207
75790,LOX,14,3,0,0,0.000549313,0.00124185,0.442336
75800,LOX,5,3,0,0,0.000555453,0.0013515,0.410991
75810,LOX,12,3,0,0,4.356e-05,0.00118388,0.0367944
75820,LOX,1,3,0,0,4.495e-05,0.00110465,0.0406914
75830,LOX,1,3,0,0,4.562e-05,0.0010627,0.0429286
75840,LOX,3,3,7,3,4.483e-05,0.00218326,0.0205335
75850,LOX,11,3,2,3,0.000547182,0.00231001,0.236874
75860,LOX,1,3,10,3,4.431e-05,0.00233161,0.019004
75870,LOX,8,3,8,3,0.000558232,0.00238703,0.23386
75880,LOX,0,3,1,3,4.251e-05,0.00207558,0.020481
75890,LOX,24,3,3,3,0.000560622,0.00264449,0.211996
75900,LOX,5,3,0,0,4.49e-05,0.00113476,0.039568
75910,LOX,1,3,0,0,4.512e-05,0.00108658,0.0415246
75920,LOX,22,3,0,0,0.000545162,0.00139131,0.391834
75930,LOX,44,5,0,0,0.000564823,0.0025975,0.217449
75940,LOX,22,3,0,0,0.000574963,0.00133009,0.432275
75950,LOX,0,3,0,0,4.4e-05,0.00107415,0.0409628
75960,LOX,3,3,0,0,4.404e-05,0.00110355,0.0399078
75970,LOX,2,3,0,0,4.5691e-05,0.00114543,0.0398896
75980,LOX,34,3,0,0,0.000565443,0.00148886,0.379783
75990,LOX,15,3,0,0,0.000556213,0.00131454,0.423125
76000,LOX,7,3,0,0,4.4371e-05,0.00120433,0.036843
76010,LOX,12,3,0,0,0.000562292,0.00132037,0.425861
76020,LOX,6,3,2,3,4.4691e-05,0.00216041,0.0206864
76030,LOX,3,3,2,3,4.476e-05,0.00216209,0.0207022
76040,LOX,4,3,7,3,4.428e-05,0.00227086,0.0194992
76050,LOX,2,3,0,0,4.488e-05,0.00108012,0.0415507
76060,LOX,15,3,0,0,0.000561753,0.00160038,0.351013
76070,LOX,32,4,1,3,0.000558282,0.00300122,0.186018
76080,LOX,0,3,0,0,4.3591e-05,0.0010704,0.0407238
76090,LOX,31,3,0,0,0.000550372,0.00146072,0.376782
76100,LOX,4,3,1,3,4.549e-05,0.0021997,0.0206801
76110,LOX,4,3,0,0,4.424e-05,0.00113029,0.0391402
76120,LOX,9,3,0,0,0.000552122,0.00116065,0.475702
76130,LOX,15,3,0,0,0.000555823,0.0012736,0.43642
76140,LOX,9,3,0,0,0.000543123,0.0012535,0.433287
76150,LOX,4,3,0,0,4.374e-05,0.00117179,0.0373276
76160,LOX,30,3,0,0,0.000562013,0.00146638,0.383266
76170,LOX,1,3,0,0,4.559e-05,0.00109874,0.0414928
76180,LOX,16,3,0,0,0.000562953,0.00130065,0.432826
76190,LOX,8,3,0,0,0.000557222,0.00118218,0.471353
76200,LOX,2,3,0,0,4.237e-05,0.00111621,0.0379589
76210,LOX,17,3,0,0,0.000555792,0.00131514,0.422612
76220,LOX,1,3,3,3,5.1121e-05,0.00217215,0.0235347
76230,LOX,3,3,0,0,4.4151e-05,0.00111965,0.039433
76240,LOX,0,3,2,3,4.3861e-05,0.00210487,0.0208379
76250,LOX,21,3,3,3,0.000555153,0.00256133,0.216744
76260,LOX,20,3,1,3,0.000560003,0.00261911,0.213814
76270,LOX,24,4,0,0,0.000553383,0.00193997,0.285254
76280,LOX,0,3,0,0,4.419e-05,0.00106659,0.0414313
76290,LOX,8,3,0,0,4.506e-05,0.00113819,0.0395893
76300,LOX,0,3,1,3,4.5441e-05,0.00214971,0.0211382
76310,LOX,2,3,0,0,4.569e-05,0.00108165,0.0422412
76320,LOX,2,3,0,0,4.5541e-05,0.00108898,0.0418197
76330,LOX,28,3,0,0,0.000565663,0.00199143,0.284049
76340,LOX,17,3,0,0,0.000557103,0.00131463,0.423773
76350,LOX,1,3,0,0,4.4711e-05,0.00108811,0.0410907
76360,LOX,1,3,0,0,4.43e-05,0.00106893,0.0414435
76370,LOX,4,3,0,0,4.36e-05,0.00113575,0.0383889
76380,LOX,1,3,0,0,4.506e-05,0.00107303,0.0419934
76390,LOX,10,3,0,0,0.000552093,0.00113089,0.488196
76400,LOX,23,3,0,0,0.000570773,0.00175718,0.324824
76410,LOX,1,3,0,0,5.15e-05,0.00107015,0.0481239
76420,LOX,32,3,0,0,0.000558952,0.00152308,0.366989
76430,LOX,22,3,0,0,4.369e-05,0.00141184,0.0309455
76440,LOX,16,3,0,0,0.000540132,0.00137192,0.393706
76450,LOX,11,3,0,0,0.000570233,0.00143008,0.398743
76460,LOX,1,3,0,0,4.522e-05,0.00106236,0.0425658
76470,LOX,24,3,0,0,0.000547703,0.00148445,0.368961
76480,LOX,9,3,0,0,4.875e-05,0.00130133,0.0374618
76490,LOX,15,3,0,0,0.000560593,0.00139901,0.400708
76500,LOX,1,3,0,0,4.409e-05,0.00110028,0.0400714
76510,LOX,23,3,0,0,0.000559142,0.00132643,0.42154
76520,LOX,6,3,2,3,4.552e-05,0.00235445,0.0193336
76530,LOX,1,3,6,3,4.448e-05,0.00220138,0.0202055
76540,LOX,6,3,8,3,4.482e-05,0.00233234,0.0192167
76550,LOX,36,3,1,3,0.000552742,0.00284434,0.19433
76560,LOX,1,3,8,3,4.423e-05,0.00231897,0.0190731
76570,LOX,20,3,0,0,0.000541702,0.00163054,0.332223
76580,LOX,47,4,0,0,0.000565913,0.00195162,0.289971
76590,LOX,27,3,0,0,0.000563393,0.00137146,0.410799
76600,LOX,18,3,7,3,0.000567213,0.00238322,0.238003
76610,LOX,3,3,0,0,4.629e-05,0.00112575,0.0411191
76620,LOX,1,3,0,0,4.391e-05,0.0010467,0.0419511
76630,LOX,5,3,0,0,4.424e-05,0.00110274,0.0401184
76640,LOX,2,3,0,0,4.565e-05,0.00106734,0.0427697
76650,LOX,15,3,0,0,4.457e-05,0.00151972,0.0293278
76660,LOX,0,3,0,0,4.456e-05,0.00106916,0.0416778
76670,LOX,1,3,0,0,4.538e-05,0.00107653,0.0421542
76680,LOX,11,3,0,0,4.47e-05,0.00114638,0.0389925
76690,LOX,5,3,0,0,4.4271e-05,0.00126006,0.0351342
76700,LOX,2,3,0,0,4.398e-05,0.0011378,0.0386534
76710,LOX,0,3,0,0,4.422e-05,0.0010523,0.042022
76720,LOX,4,3,2,3,4.373e-05,0.00227528,0.0192196
76730,LOX,23,3,3,3,0.000560153,0.00255266,0.219439
76740,LOX,1,3,0,0,5.2281e-05,0.00109048,0.0479433
76750,LOX,28,3,0,0,0.000571542,0.00189754,0.301202
76760,LOX,0,3,2,3,4.355e-05,0.00209723,0.0207655
76770,LOX,1,3,7,3,4.468e-05,0.00225247,0.019836
76780,LOX,1,3,8,3,4.658e-05,0.00217732,0.0213933
76790,LOX,1,3,0,0,4.727e-05,0.00109275,0.043258
76800,LOX,1,3,0,0,4.542e-05,0.00109691,0.041407
76810,LOX,30,3,0,0,0.000580313,0.00163218,0.355545
76820,LOX,46,5,0,0,0.000567273,0.00224284,0.252926
76830,LOX,18,3,0,0,0.000551642,0.00146557,0.376402
76840,LOX,0,3,0,0,4.461e-05,0.00106602,0.041847
76850,LOX,0,3,0,0,4.576e-05,0.00106562,0.0429419
76860,LOX,18,4,0,0,0.000561763,0.00175181,0.320676
76870,LOX,1,3,0,0,4.5081e-05,0.00108823,0.0414258
76880,LOX,1,3,0,0,4.509e-05,0.00108544,0.0415406
76890,LOX,6,3,0,0,4.431e-05,0.00112577,0.0393599
76900,LOX,0,3,0,0,4.36e-05,0.00107866,0.0404203
76910,LOX,1,3,8,3,4.487e-05,0.00226258,0.0198313
76920,LOX,33,3,8,3,0.000556942,0.00252771,0.220334
76930,LOX,5,3,0,0,4.44e-05,0.00124864,0.0355588
76940,LOX,0,3,2,3,4.435e-05,0.0021307,0.0208148
76950,LOX,2,3,0,0,4.355e-05,0.00112226,0.0388055
76960,LOX,35,3,8,3,0.000560652,0.00275931,0.203185
76970,LOX,28,3,6,3,0.000538133,0.00270309,0.19908
76980,LOX,3,3,0,0,4.277e-05,0.00111619,0.0383177
76990,LOX,52,4,8,3,0.000559573,0.00314374,0.177996
77000,LOX,11,3,0,0,0.000545343,0.00125306,0.43521
77010,LOX,33,3,0,0,0.000545022,0.00133456,0.408392
77020,LOX,44,3,0,0,0.000558003,0.00173621,0.321392
77030,LOX,1,3,0,0,4.371e-05,0.00107197,0.0407752
77040,LOX,1,3,0,0,4.34e-05,0.0010716,0.0405004
77050,LOX,1,3,0,0,4.405e-05,0.00121151,0.0363597
77060,LOX,0,3,0,0,4.348e-05,0.00107423,0.0404757
77070,LOX,14,3,0,0,4.4681e-05,0.00136835,0.0326533
77080,LOX,0,3,0,0,4.369e-05,0.00106821,0.0409004
77090,LOX,3,3,0,0,4.3941e-05,0.0011091,0.0396184
77100,LOX,5,3,0,0,4.5311e-05,0.00112677,0.040213
77110,LOX,21,3,15,3,0.000530882,0.00303637,0.174841
77120,LOX,18,4,2,3,4.396e-05,0.00293009,0.0150029
77130,LOX,0,3,0,0,4.4671e-05,0.00105915,0.0421765
77140,LOX,8,3,0,0,4.619e-05,0.00137191,0.0336685
77150,LOX,39,4,0,0,0.000555382,0.00208247,0.266694
77160,LOX,2,3,6,3,4.393e-05,0.00225261,0.0195018
77170,LOX,29,3,0,0,0.000553493,0.00132974,0.416243
77180,LOX,25,3,0,0,0.000557213,0.00136017,0.409665
77190,LOX,38,3,11,3,0.000548912,0.00278518,0.197083
77200,LOX,9,3,9,3,4.329e-05,0.00234429,0.0184661
77210,LOX,4,3,0,0,4.29e-05,0.00115095,0.0372734
77220,LOX,26,3,0,0,0.000548452,0.00137425,0.399093
77230,LOX,4,3,0,0,4.394e-05,0.00107935,0.0407095
77240,LOX,0,3,0,0,4.3821e-05,0.00105529,0.0415249
77250,LOX,9,3,0,0,4.449e-05,0.00151285,0.0294081
77260,LOX,8,3,0,0,0.000546093,0.00134446,0.406181
77270,LOX,0,3,0,0,4.3471e-05,0.0010553,0.0411929
77280,LOX,6,3,0,0,4.436e-05,0.00112418,0.0394597
77290,LOX,1,3,0,0,4.6e-05,0.00107862,0.0426469
77300,LOX,6,3,0,0,4.469e-05,0.00128754,0.0347097
77310,LOX,20,3,0,0,0.000557273,0.00170315,0.327202
77320,LOX,22,3,0,0,0.000560383,0.00161578,0.346819
77330,LOX,25,3,2,3,0.000543342,0.00269291,0.201767
77340,LOX,4,3,0,0,4.4281e-05,0.00111535,0.0397016
77350,LOX,1,3,1,3,4.397e-05,0.00219955,0.0199904
77360,LOX,42,4,0,0,0.000546362,0.00199534,0.273819
77370,LOX,3,3,6,3,4.414e-05,0.00234481,0.0188245
77380,LOX,0,3,0,0,4.373e-05,0.00106759,0.0409612
77390,LOX,6,3,0,0,4.483e-05,0.00134764,0.0332656
77400,LOX,1,3,2,3,4.399e-05,0.00213873,0.0205683
77410,LOX,0,3,0,0,4.466e-05,0.0010517,0.0424648
77420,LOX,30,3,0,0,0.000567963,0.00165129,0.343952
77430,LOX,15,3,1,3,4.42e-05,0.00260574,0.0169625
77440,LOX,1,3,0,0,4.37e-05,0.00108252,0.040369
77450,LOX,1,3,0,0,4.342e-05,0.00109983,0.0394786
77460,LOX,0,3,0,0,4.381e-05,0.00106186,0.041258
77470,LOX,0,3,0,0,4.935e-05,0.0010421,0.0473565
77480,LOX,4,3,0,0,4.314e-05,0.0012549,0.0343774
77490,LOX,9,3,0,0,0.000546132,0.00119732,0.45613
77500,LOX,17,3,0,0,4.4e-05,0.00136046,0.0323421
77510,LOX,1,3,7,3,4.349e-05,0.00215544,0.0201769
77520,LOX,0,3,0,0,4.478e-05,0.00104838,0.0427133
77530,LOX,15,3,2,3,0.000559353,0.00265269,0.210862
77540,LOX,22,3,2,3,0.000553143,0.00256078,0.216006
77550,LOX,20,3,1,3,0.000567793,0.0023128,0.2455
77560,LOX,12,3,0,0,0.000555982,0.00130695,0.425405
77570,LOX,47,3,0,0,0.000550793,0.00164489,0.334852
77580,LOX,20,3,0,0,0.000565883,0.0015845,0.357137
77590,LOX,13,4,2,3,4.314e-05,0.00269222,0.0160239
77600,LOX,7,3,0,0,4.516e-05,0.00128645,0.0351045
77610,LOX,6,3,0,0,4.501e-05,0.00120177,0.0374532
77620,LOX,36,5,0,0,0.000553862,0.00262466,0.211022
77630,LOX,2,3,0,0,4.448e-05,0.00113117,0.0393223
77640,LOX,0,3,0,0,4.463e-05,0.00107197,0.0416334
77650,LOX,1,3,0,0,4.413e-05,0.0010988,0.0401622
77660,LOX,27,4,0,0,0.000538522,0.00177214,0.303882
77670,LOX,39,3,0,0,0.000561463,0.00178164,0.315139
77680,LOX,1,3,0,0,4.356e-05,0.00107587,0.0404884
77690,LOX,11,3,0,0,4.495e-05,0.00138183,0.0325294
77700,LOX,0,3,0,0,4.265e-05,0.00107087,0.0398276
77710,LOX,2,3,7,3,4.396e-05,0.00229723,0.0191361
77720,LOX,1,3,2,3,4.387e-05,0.00219406,0.0199949
77730,LOX,10,3,8,3,4.415e-05,0.00250985,0.0175907
77740,LOX,14,3,8,3,0.000549432,0.00269307,0.204017
77750,LOX,4,3,0,0,4.438e-05,0.00118492,0.0374541
77760,LOX,13,3,0,0,0.000561132,0.00142761,0.393058
77770,LOX,0,3,5,3,4.464e-05,0.00214631,0.0207985
77780,LOX,3,3,2,3,4.3221e-05,0.00218756,0.0197576
77790,LOX,14,3,6,3,4.448e-05,0.00261873,0.0169853
77800,LOX,3,3,0,0,4.489e-05,0.0011183,0.0401414
77810,LOX,11,3,0,0,5.1191e-05,0.00138209,0.0370389
77820,LOX,3,3,0,0,4.4411e-05,0.00108314,0.0410019
77830,LOX,7,3,0,0,0.000553522,0.00140848,0.392993
77840,LOX,0,3,0,0,4.472e-05,0.00107022,0.041786
77850,LOX,21,3,0,0,4.299e-05,0.00141013,0.0304866
77860,LOX,6,3,0,0,4.388e-05,0.00121264,0.0361857
77870,LOX,24,3,0,0,0.000549062,0.00154795,0.354703
77880,LOX,10,3,0,0,4.437e-05,0.00128686,0.0344794
77890,LOX,2,3,0,0,4.427e-05,0.00110395,0.0401016
77900,LOX,1,3,0,0,4.3351e-05,0.00111735,0.0387982
77910,LOX,17,3,1,3,0.000567963,0.00250243,0.226964
77920,LOX,6,3,0,0,0.000559613,0.00113809,0.491715
77930,LOX,14,3,0,0,4.604e-05,0.0012119,0.0379901
77940,LOX,2,3,0,0,4.493e-05,0.00109717,0.040951
77950,LOX,37,3,0,0,0.000570112,0.00157678,0.361568
77960,LOX,3,3,0,0,0.000549013,0.00110926,0.494934
77970,LOX,2,3,0,0,4.494e-05,0.00108975,0.041239
77980,LOX,48,3,0,0,0.000546523,0.00155642,0.351142
77990,LOX,0,3,0,0,4.475e-05,0.00106285,0.0421036
78000,LOX,18,3,0,0,0.000575393,0.00151151,0.380675
78010,LOX,1,3,0,0,4.461e-05,0.00108807,0.040999
78020,LOX,5,3,0,0,4.423e-05,0.00110114,0.0401673
78030,LOX,2,3,0,0,4.601e-05,0.00108468,0.0424178
78040,LOX,3,3,0,0,4.518e-05,0.00108481,0.041648
78050,LOX,12,3,0,0,4.563e-05,0.00116782,0.0390726
78060,LOX,54,3,0,0,0.000560943,0.00172954,0.324331
78070,LOX,22,3,0,0,4.5181e-05,0.00148502,0.0304246
78080,LOX,15,3,0,0,0.000563582,0.00127164,0.443194
78090,LOX,19,3,0,0,0.000548192,0.00149388,0.366959
78100,LOX,7,3,0,0,4.496e-05,0.00120348,0.0373585
78110,LOX,7,3,0,0,4.957e-05,0.0012456,0.0397962
78120,LOX,0,3,0,0,4.3791e-05,0.00105112,0.0416611
78130,LOX,1,3,0,0,4.464e-05,0.00106094,0.0420761
78140,LOX,17,3,0,0,0.000557923,0.00138263,0.403524
78150,LOX,13,3,0,0,0.000540243,0.00125115,0.431799
78160,LOX,1,3,0,0,4.39e-05,0.00107508,0.040834
78170,LOX,1,3,0,0,4.4231e-05,0.00110122,0.0401656
78180,LOX,10,3,0,0,4.351e-05,0.00125331,0.0347162
78190,LOX,11,3,0,0,0.000560322,0.0012558,0.446189
78200,LOX,0,3,0,0,4.38e-05,0.00106211,0.0412389
78210,LOX,4,3,8,3,4.419e-05,0.00227851,0.0193943
78220,LOX,13,3,0,0,0.000558863,0.00134636,0.415093
78230,LOX,14,3,8,3,4.513e-05,0.00276994,0.0162928
78240,LOX,23,3,0,0,0.000545842,0.00147728,0.369492
78250,LOX,5,3,8,3,4.4141e-05,0.00245038,0.0180139
78260,LOX,1,3,0,0,4.3401e-05,0.00105323,0.0412074
78270,LOX,3,3,6,3,5.04e-05,0.00220451,0.0228622
78280,LOX,0,3,0,0,4.407e-05,0.00105513,0.0417676
78290,LOX,1,3,0,0,4.423e-05,0.00106109,0.0416834
78300,LOX,30,5,1,3,4.6271e-05,0.0034711,0.0133304
78310,LOX,1,3,0,0,4.397e-05,0.00106941,0.0411159
78320,LOX,0,3,0,0,4.387e-05,0.00106121,0.0413394
78330,LOX,1,3,0,0,4.534e-05,0.00110433,0.0410564
78340,LOX,0,3,0,0,4.383e-05,0.00105846,0.0414094
78350,LOX,24,4,7,3,0.000562852,0.00371913,0.15134
78360,LOX,1,3,0,0,4.4021e-05,0.00107985,0.040766
78370,LOX,28,3,0,0,0.000541123,0.00157832,0.342848
78380,LOX,10,3,0,0,4.543e-05,0.0014489,0.0313549
78390,LOX,1,3,0,0,4.422e-05,0.00108686,0.0406862
78400,LOX,16,3,0,0,0.000551673,0.00149316,0.369468
78410,LOX,15,3,0,0,4.447e-05,0.0014246,0.0312158
78420,LOX,6,3,0,0,0.000558773,0.00126508,0.441691
78430,LOX,0,3,0,0,4.8791e-05,0.00105725,0.0461488
78440,LOX,6,3,1,3,4.507e-05,0.00219785,0.0205064
78450,LOX,1,3,2,3,4.4671e-05,0.00222691,0.0200596
78460,LOX,2,3,0,0,4.4871e-05,0.00112776,0.0397875
78470,LOX,1,3,9,3,4.482e-05,0.00235257,0.0190515
78480,LOX,1,3,11,3,4.492e-05,0.00220563,0.0203661
78490,LOX,1,3,0,0,4.3001e-05,0.00107964,0.0398292
78500,LOX,1,3,6,3,4.339e-05,0.0023867,0.0181799
78510,LOX,4,3,0,0,4.372e-05,0.00119845,0.0364806
78520,LOX,21,4,0,0,4.429e-05,0.00173328,0.0255527
78530,LOX,2,3,0,0,4.462e-05,0.00107912,0.0413487
78540,LOX,1,3,0,0,4.3931e-05,0.00107631,0.0408161
78550,LOX,0,3,0,0,4.4e-05,0.00105392,0.0417491
78560,LOX,23,3,0,0,0.000563513,0.00175652,0.320813
78570,LOX,13,3,0,0,4.477e-05,0.00134308,0.0333339
78580,LOX,58,4,0,0,0.000538883,0.0026012,0.207167
78590,LOX,6,3,0,0,4.465e-05,0.00114357,0.0390442
78600,LOX,0,3,0,0,4.411e-05,0.00107096,0.0411872
78610,LOX,26,4,0,0,0.000549102,0.00192354,0.285464
78620,LOX,21,3,0,0,0.000556493,0.00143919,0.386672
78630,LOX,7,3,8,3,4.5601e-05,0.00235244,0.0193846
78640,LOX,2,3,6,3,4.432e-05,0.00227217,0.0195056
78650,LOX,1,3,0,0,4.453e-05,0.00112813,0.0394725
78660,LOX,2,3,0,0,4.388e-05,0.0012332,0.0355823
78670,LOX,28,3,0,0,0.000555873,0.00148689,0.37385
78680,LOX,16,5,0,0,4.449e-05,0.00232723,0.0191171
78690,LOX,13,3,0,0,4.374e-05,0.00152775,0.0286304
78700,LOX,1,3,1,3,4.4971e-05,0.00219713,0.0204681
78710,LOX,13,4,0,0,0.000552613,0.00153296,0.360488
78720,LOX,1,3,0,0,4.514e-05,0.00110151,0.0409803
78730,LOX,7,3,0,0,5.08e-05,0.00109716,0.0463016
78740,LOX,1,3,0,0,4.373e-05,0.00108482,0.040311
78750,LOX,1,3,0,0,4.4341e-05,0.00108175,0.0409899
78760,LOX,8,3,0,0,4.418e-05,0.00116412,0.0379516
78770,LOX,1,3,0,0,4.5261e-05,0.00106662,0.0424339
78780,LOX,0,3,0,0,4.49e-05,0.00105178,0.0426893
78790,LOX,5,3,0,0,4.638e-05,0.0010999,0.0421677
78800,LOX,29,3,0,0,0.000561093,0.0016629,0.337419
78810,LOX,8,3,11,3,0.000538823,0.00244205,0.220644
78820,LOX,1,3,8,3,4.87e-05,0.00224321,0.02171
78830,LOX,0,3,1,3,4.739e-05,0.00211919,0.0223623
78840,LOX,8,3,0,0,4.42e-05,0.00134956,0.0327515
78850,LOX,38,3,0,0,0.000569152,0.00163586,0.347923
78860,LOX,1,3,4,3,4.423e-05,0.00214424,0.0206274
78870,LOX,0,3,3,3,4.516e-05,0.00219347,0.0205884
78880,LOX,1,3,7,3,4.2951e-05,0.002212,0.0194173
78890,LOX,1,3,3,3,4.552e-05,0.00211708,0.0215013
78900,LOX,32,3,9,3,0.000568093,0.00286928,0.197991
78910,LOX,8,3,0,0,4.506e-05,0.00114105,0.0394901
78920,LOX,9,3,0,0,4.4851e-05,0.00119183,0.0376322
78930,LOX,22,3,0,0,0.000548443,0.00132688,0.413334
78940,LOX,17,4,0,0,0.000548492,0.00156932,0.34951
78950,LOX,24,5,0,0,0.000548852,0.00189994,0.288879
78960,LOX,5,3,0,0,4.541e-05,0.00117532,0.0386364
78970,LOX,20,3,0,0,0.000572983,0.00150349,0.381103
78980,LOX,2,3,0,0,4.596e-05,0.00112213,0.040958
78990,LOX,1,3,0,0,4.368e-05,0.00107643,0.0405784
79000,LOX,26,3,0,0,0.000577533,0.00158644,0.364044
79010,LOX,17,3,0,0,4.497e-05,0.00150354,0.0299095
79020,LOX,31,4,1,3,0.000540652,0.00291893,0.185222
79030,LOX,6,3,4,3,4.494e-05,0.00241254,0.0186277
79040,LOX,1,3,0,0,4.464e-05,0.00109676,0.0407019
79050,LOX,33,3,1,3,0.000548712,0.00267099,0.205434
79060,LOX,31,4,0,0,0.000554753,0.00183581,0.302185
79070,LOX,3,3,0,0,4.548e-05,0.00110195,0.0412725
79080,LOX,7,3,0,0,4.562e-05,0.00127145,0.0358804
79090,LOX,38,3,1,3,0.000561342,0.00288918,0.194291
79100,LOX,21,3,3,3,4.402e-05,0.00257158,0.0171179
79110,LOX,26,3,0,0,0.000559913,0.00135866,0.412108
79120,LOX,14,3,0,0,0.000549193,0.00121651,0.451451
79130,LOX,15,3,0,0,0.000564533,0.00144779,0.389928
79140,LOX,1,3,0,0,4.564e-05,0.00108094,0.0422227
79150,LOX,0,3,0,0,4.412e-05,0.00108347,0.0407208
79160,LOX,1,3,0,0,5.079e-05,0.00111185,0.0456804
79170,LOX,17,3,0,0,0.000565663,0.00145521,0.388717
79180,LOX,1,3,0,0,4.3451e-05,0.00108773,0.0399467
79190,LOX,15,3,0,0,0.000558512,0.00157944,0.353614
79200,LOX,20,3,0,0,0.000561522,0.00147027,0.381918
79210,LOX,1,3,5,3,4.287e-05,0.00223378,0.0191917
79220,LOX,0,3,0,0,4.359e-05,0.0010399,0.0419177
79230,LOX,10,3,0,0,4.4081e-05,0.00118837,0.0370935
79240,LOX,12,3,0,0,0.000543433,0.00126424,0.429848
79250,LOX,15,3,1,3,0.000562622,0.00225938,0.249016
79260,LOX,24,3,7,3,0.000545592,0.00255135,0.213844
79270,LOX,1,3,0,0,4.34e-05,0.00104418,0.0415635
79280,LOX,11,3,0,0,4.434e-05,0.00124554,0.0355991
79290,LOX,4,3,0,0,4.568e-05,0.00117271,0.0389523
79300,LOX,12,3,0,0,0.000548863,0.00122337,0.44865
79310,LOX,9,3,0,0,4.382e-05,0.00118184,0.0370779
79320,LOX,1,3,0,0,4.3061e-05,0.00107592,0.0400223
79330,LOX,0,3,0,0,4.434e-05,0.00105999,0.0418304
79340,LOX,1,3,0,0,4.437e-05,0.00114551,0.038734
79350,LOX,9,3,0,0,4.485e-05,0.00130101,0.0344733
79360,LOX,4,3,0,0,4.501e-05,0.00113148,0.0397799
79370,LOX,41,3,0,0,0.000566083,0.00158669,0.35677
79380,LOX,4,3,0,0,0.000555242,0.00114863,0.483397
79390,LOX,0,3,0,0,4.324e-05,0.00106676,0.0405338
79400,LOX,11,3,0,0,0.000563272,0.00137878,0.40853
79410,LOX,29,3,0,0,0.000577283,0.00161145,0.358239
79420,LOX,9,3,0,0,0.000580172,0.00126357,0.459154
79430,LOX,5,3,2,3,4.427e-05,0.00222128,0.0199299
79440,LOX,9,3,2,3,0.000553272,0.00232753,0.237708
79450,LOX,10,3,0,0,0.000552143,0.00124058,0.44507
79460,LOX,4,3,1,3,4.5001e-05,0.00220351,0.0204224
79470,LOX,10,3,0,0,4.377e-05,0.00130676,0.0334952
79480,LOX,0,3,5,3,4.31e-05,0.00217169,0.0198463
79490,LOX,1,3,2,3,4.255e-05,0.00214662,0.0198219
79500,LOX,41,3,0,0,0.000559562,0.00215847,0.25924
79510,LOX,19,3,0,0,0.000563573,0.00123054,0.45799
79520,LOX,2,3,0,0,4.598e-05,0.00111304,0.0413105
79530,LOX,4,3,0,0,4.386e-05,0.00113339,0.0386982
79540,LOX,27,3,0,0,0.000569603,0.00169241,0.336564
79550,LOX,22,3,0,0,0.000563362,0.0013775,0.408975
79560,LOX,32,6,0,0,0.000560323,0.00229497,0.244153
79570,LOX,12,3,0,0,0.000558103,0.00115738,0.48221
79580,LOX,12,3,0,0,4.562e-05,0.00125232,0.0364285
79590,LOX,90,5,0,0,0.000560743,0.0028922,0.193881
79600,LOX,39,3,2,3,0.000566343,0.00298379,0.189806
79610,LOX,35,3,0,0,0.000562503,0.00187267,0.300375
79620,LOX,4,3,2,3,4.411e-05,0.00219868,0.020062
79630,LOX,0,3,2,3,4.378e-05,0.00213269,0.0205281
79640,LOX,3,3,0,0,4.319e-05,0.00109793,0.0393375
79650,LOX,78,4,7,3,0.000551753,0.00370918,0.148753
79660,LOX,9,3,0,0,4.419e-05,0.00119349,0.037026
79670,LOX,0,3,0,0,5.0361e-05,0.00104703,0.0480987
79680,LOX,1,3,4,3,4.537e-05,0.00210395,0.0215642
79690,LOX,32,3,4,3,0.000552713,0.00290095,0.190528
79700,LOX,29,4,2,3,0.000554843,0.00321331,0.17267
79710,LOX,0,3,0,0,4.375e-05,0.00104695,0.0417883
79720,LOX,0,3,0,0,4.465e-05,0.00105528,0.0423108
79730,LOX,3,3,0,0,4.438e-05,0.00107935,0.0411171
79740,LOX,12,3,0,0,0.000571863,0.00117639,0.486119
79750,LOX,5,3,0,0,4.623e-05,0.00118745,0.0389323
79760,LOX,1,3,0,0,4.353e-05,0.00108163,0.040245
79770,LOX,14,3,0,0,0.000565823,0.00139208,0.40646
79780,LOX,4,3,0,0,4.402e-05,0.00113547,0.0387679
79790,LOX,43,3,0,0,0.000560673,0.00159198,0.352187
79800,LOX,13,3,0,0,0.000564092,0.00134327,0.419941
79810,LOX,4,3,0,0,4.405e-05,0.00113656,0.0387571
79820,LOX,35,3,13,3,0.000574062,0.00319627,0.179604
79830,LOX,19,4,2,3,0.000571113,0.00266827,0.214038
79840,LOX,2,3,0,0,4.4081e-05,0.00106931,0.0412236
79850,LOX,0,3,0,0,4.408e-05,0.00106945,0.0412173
79860,LOX,44,4,0,0,0.000551293,0.00222798,0.247441
79870,LOX,1,3,4,3,4.5011e-05,0.00214129,0.0210205
79880,LOX,26,4,6,3,0.000559892,0.00278601,0.200965
79890,LOX,1,3,7,3,4.5971e-05,0.00223935,0.0205287
79900,LOX,1,3,0,0,4.277e-05,0.00108526,0.0394101
79910,LOX,1,3,0,0,4.283e-05,0.00105251,0.040693
79920,LOX,1,3,0,0,4.408e-05,0.00108373,0.0406745
79930,LOX,22,5,0,0,4.559e-05,0.00201097,0.0226707
79940,LOX,8,3,0,0,4.43e-05,0.00120967,0.0366217
79950,LOX,36,3,0,0,0.000562013,0.00178341,0.315134
79960,LOX,24,3,0,0,0.000554033,0.00142503,0.388788
79970,LOX,27,3,0,0,0.000566923,0.00153276,0.369871
79980,LOX,1,3,0,0,4.3661e-05,0.00105346,0.0414452
79990,LOX,0,3,0,0,4.457e-05,0.00104859,0.0425049
80000,LOX,72,5,0,0,0.000560292,0.00292213,0.191741
80010,LOX,0,3,0,0,4.428e-05,0.00105156,0.0421091
80020,LOX,6,3,0,0,4.396e-05,0.00118443,0.0371151
80030,LOX,30,3,0,0,0.000546503,0.00143518,0.380792
80040,LOX,19,3,2,3,0.000527163,0.00279141,0.188852
80050,LOX,22,4,0,0,4.6471e-05,0.00181498,0.0256042
80060,LOX,38,4,0,0,0.000551243,0.00184738,0.298392
80070,LOX,14,3,0,0,4.604e-05,0.0014577,0.0315841
80080,LOX,3,3,0,0,4.365e-05,0.0011849,0.0368384
80090,LOX,4,3,0,0,4.416e-05,0.00107624,0.0410315
80100,LOX,2,3,0,0,4.303e-05,0.0011434,0.0376332
80110,LOX,0,3,0,0,4.434e-05,0.0010497,0.0422404
80120,LOX,21,3,0,0,0.000559682,0.00153861,0.363759
80130,LOX,45,3,13,3,0.000573793,0.00313241,0.183179
80140,LOX,2,3,2,3,4.526e-05,0.00215441,0.0210081
80150,LOX,15,3,0,0,4.365e-05,0.0014034,0.0311031
80160,LOX,0,3,10,3,4.447e-05,0.00230155,0.0193218
80170,LOX,4,3,0,0,4.45e-05,0.00112221,0.0396541
80180,LOX,5,3,7,3,4.384e-05,0.00236859,0.0185089
80190,LOX,5,3,1,3,0.000568083,0.00216986,0.261806
80200,LOX,11,3,1,3,0.000558172,0.00230967,0.241667
80210,LOX,4,3,0,0,4.447e-05,0.00122588,0.0362761
80220,LOX,1,3,0,0,4.482e-05,0.00105525,0.0424735
80230,LOX,1,3,0,0,4.499e-05,0.00108088,0.0416237
80240,LOX,1,3,0,0,4.427e-05,0.00107825,0.0410571
80250,LOX,13,3,0,0,4.3931e-05,0.00118238,0.0371548
80260,LOX,0,3,0,0,4.878e-05,0.00104283,0.0467768
80270,LOX,16,4,0,0,4.47e-05,0.0018106,0.024688
80280,LOX,3,3,0,0,4.375e-05,0.00110096,0.0397379
80290,LOX,32,3,0,0,0.000559453,0.00171503,0.326206
80300,LOX,5,3,0,0,4.354e-05,0.00113634,0.0383158
80310,LOX,21,3,2,3,0.000548872,0.00253189,0.216783
80320,LOX,0,3,0,0,4.434e-05,0.00104254,0.0425309
80330,LOX,21,3,0,0,0.000557322,0.001432,0.389192
80340,LOX,3,3,0,0,4.252e-05,0.00108419,0.0392184
80350,LOX,51,4,0,0,0.000579302,0.0022836,0.253679
80360,LOX,2,3,2,3,4.587e-05,0.0022795,0.0201228
80370,LOX,1,3,2,3,4.306e-05,0.00217551,0.0197931
80380,LOX,2,3,8,3,4.431e-05,0.00228436,0.0193971
80390,LOX,0,3,0,0,4.377e-05,0.00106102,0.041253
80400,LOX,40,3,0,0,0.000564503,0.00159349,0.354256
80410,LOX,3,3,0,0,0.000550923,0.00109895,0.50132
80420,LOX,0,3,0,0,4.406e-05,0.00104152,0.0423038
80430,LOX,0,3,0,0,4.319e-05,0.00104828,0.0412006
80440,LOX,20,3,0,0,0.000553262,0.00134335,0.411854
80450,LOX,1,3,0,0,4.6361e-05,0.00112104,0.0413552
80460,LOX,0,3,0,0,4.247e-05,0.00103301,0.0411131
80470,LOX,0,3,0,0,4.608e-05,0.00105215,0.0437958
80480,LOX,6,3,0,0,5.063e-05,0.00130091,0.038919
80490,LOX,4,3,0,0,4.62e-05,0.0011964,0.038616
80500,LOX,7,3,0,0,0.000561073,0.00124,0.45248
80510,LOX,3,3,0,0,4.283e-05,0.00108375,0.0395204
80520,LOX,25,3,5,3,0.000547013,0.00251609,0.217406
80530,LOX,21,3,8,3,0.000546102,0.00264301,0.206621
80540,LOX,1,3,0,0,4.422e-05,0.00109036,0.0405556
80550,LOX,10,3,0,0,0.000572072,0.00131422,0.435295
80560,LOX,7,3,0,0,4.7391e-05,0.00112053,0.0422932
80570,LOX,7,3,3,3,4.5121e-05,0.00225429,0.0200156
80580,LOX,2,3,0,0,4.367e-05,0.00112079,0.0389637
80590,LOX,0,3,0,0,4.32e-05,0.00106963,0.040388
80600,LOX,7,3,0,0,4.603e-05,0.00116622,0.0394692
80610,LOX,16,3,0,0,0.000561132,0.00127129,0.441389
80620,LOX,0,3,0,0,4.44e-05,0.00106843,0.0415565
80630,LOX,29,4,0,0,0.000566932,0.00200867,0.282242
80640,LOX,27,3,0,0,0.000560872,0.00166038,0.337798
80650,LOX,0,3,0,0,4.4221e-05,0.00107758,0.0410375
80660,LOX,8,3,0,0,4.425e-05,0.00127348,0.0347474
80670,LOX,6,3,0,0,4.504e-05,0.0011281,0.0399254
80680,LOX,23,4,0,0,0.000555932,0.00169629,0.327734
80690,LOX,20,3,0,0,0.000580483,0.00154862,0.37484
80700,LOX,0,3,0,0,4.4551e-05,0.00107456,0.04146
80710,LOX,1,3,6,3,4.3631e-05,0.00219232,0.0199017
80720,LOX,25,3,1,3,0.000590533,0.00262058,0.225344
80730,LOX,11,3,12,3,4.378e-05,0.00239756,0.0182602
80740,LOX,11,3,7,3,4.39e-05,0.00240001,0.0182916
80750,LOX,1,3,2,3,4.365e-05,0.00216791,0.0201346
80760,LOX,1,3,0,0,4.3821e-05,0.00105246,0.0416366
80770,LOX,9,3,0,0,4.508e-05,0.00149628,0.0301281
80780,LOX,39,3,0,0,0.000556173,0.00193209,0.287861
80790,LOX,21,3,4,3,0.000560663,0.00274245,0.204439
80800,LOX,1,3,1,3,4.473e-05,0.00215726,0.0207346
80810,LOX,2,3,0,0,4.461e-05,0.00108362,0.0411678
80820,LOX,4,3,0,0,4.5611e-05,0.00115371,0.0395344
80830,LOX,2,3,0,0,4.3601e-05,0.00108792,0.0400776
80840,LOX,42,3,0,0,0.000547363,0.00143922,0.38032
80850,LOX,34,3,0,0,0.000568842,0.0015097,0.376792
80860,LOX,0,3,0,0,4.4431e-05,0.00105855,0.0419733
80870,LOX,3,3,0,0,4.45e-05,0.00117188,0.0379733
80880,LOX,6,3,0,0,4.74e-05,0.00115051,0.0411993
80890,LOX,11,3,0,0,0.000557253,0.00136214,0.409102
80900,LOX,27,3,0,0,0.000567772,0.00150493,0.377275
80910,LOX,17,4,0,0,4.566e-05,0.00178259,0.0256144
80920,LOX,5,3,8,3,4.4971e-05,0.00244986,0.0183566
80930,LOX,4,3,2,3,4.562e-05,0.00215445,0.0211748
80940,LOX,9,3,7,3,4.406e-05,0.00236943,0.0185952
80950,LOX,0,3,0,0,4.491e-05,0.00106849,0.0420315
80960,LOX,1,3,7,3,4.3521e-05,0.00216331,0.0201178
80970,LOX,45,4,12,3,0.000567973,0.00289569,0.196144
80980,LOX,6,3,0,0,4.3731e-05,0.0012497,0.0349933
80990,LOX,0,3,3,3,4.385e-05,0.00213802,0.0205096
81000,LOX,1,3,8,3,4.566e-05,0.00225381,0.020259
81010,LOX,1,3,0,0,5.299e-05,0.00107518,0.049285
81020,LOX,4,3,0,0,4.511e-05,0.00109429,0.0412232
81030,LOX,3,3,0,0,0.000549732,0.00117698,0.467072
81040,LOX,20,3,0,0,4.347e-05,0.00138481,0.0313907
81050,LOX,13,3,0,0,4.299e-05,0.0012435,0.0345719
81060,LOX,1,3,0,0,4.476e-05,0.00105871,0.0422781
81070,LOX,30,3,0,0,0.000543843,0.00145521,0.373722
81080,LOX,8,3,0,0,4.379e-05,0.00143047,0.0306124
81090,LOX,8,3,0,0,4.4321e-05,0.00113032,0.0392112
81100,LOX,21,3,0,0,0.000570343,0.00150811,0.378185
81110,LOX,36,5,3,3,0.000566162,0.00320405,0.176702
81120,LOX,0,3,0,0,4.665e-05,0.00105149,0.0443654
81130,LOX,12,3,0,0,4.435e-05,0.0011466,0.0386797
81140,LOX,1,3,2,3,4.429e-05,0.00220929,0.0200472
81150,LOX,0,3,0,0,4.531e-05,0.00104667,0.0432895
81160,LOX,2,3,0,0,4.4361e-05,0.00109121,0.0406529
81170,LOX,1,3,0,0,4.4021e-05,0.00107383,0.0409946
81180,LOX,20,4,2,3,4.4791e-05,0.00291759,0.015352
81190,LOX,3,3,0,0,4.5381e-05,0.00109362,0.0414963
81200,LOX,3,3,11,3,4.47e-05,0.00233383,0.0191531
81210,LOX,2,3,0,0,4.359e-05,0.00109334,0.0398685
81220,LOX,0,3,0,0,4.352e-05,0.00104381,0.0416936
81230,LOX,0,3,0,0,4.357e-05,0.00105123,0.0414469
81240,LOX,25,3,0,0,0.000558093,0.00141006,0.395795
81250,LOX,8,3,0,0,4.425e-05,0.00139293,0.0317677
81260,LOX,30,3,0,0,0.000558422,0.00163841,0.340832
81270,LOX,8,3,0,0,4.3411e-05,0.00116589,0.0372341
81280,LOX,6,3,0,0,4.358e-05,0.00121637,0.035828
81290,LOX,0,3,0,0,4.546e-05,0.00104669,0.0434324
81300,LOX,1,3,0,0,4.452e-05,0.00107482,0.0414207
81310,LOX,1,3,4,3,4.9371e-05,0.00220596,0.0223807
81320,LOX,0,3,0,0,4.304e-05,0.00104874,0.0410399
81330,LOX,9,3,0,0,0.000535773,0.0012796,0.418705
81340,LOX,2,3,5,3,4.617e-05,0.00217436,0.0212338
81350,LOX,8,3,2,3,0.000547082,0.00223183,0.245127
81360,LOX,1,3,0,0,4.391e-05,0.00108807,0.040356
81370,LOX,2,3,1,3,4.452e-05,0.0021439,0.0207659
81380,LOX,0,3,0,0,4.356e-05,0.00103572,0.0420575
81390,LOX,18,3,7,3,0.000538222,0.00235218,0.228818
81400,LOX,4,3,1,3,4.3551e-05,0.00223826,0.0194575
81410,LOX,11,3,0,0,0.000547212,0.00118763,0.460761
81420,LOX,2,3,0,0,4.3601e-05,0.0011101,0.0392765
81430,LOX,21,4,25,4,0.000557432,0.00359951,0.154863
81440,LOX,18,3,0,0,0.000559943,0.00147293,0.380157
81450,LOX,0,3,0,0,4.3791e-05,0.00105774,0.0414003
81460,LOX,11,3,0,0,4.344e-05,0.00131292,0.0330866
81470,LOX,10,3,0,0,0.000560933,0.00126136,0.444706
81480,LOX,26,3,0,0,0.000553143,0.00149173,0.370807
81490,LOX,1,3,0,0,4.344e-05,0.0010784,0.0402817
81500,LOX,1,3,0,0,4.456e-05,0.00105572,0.0422084
81510,LOX,2,3,7,3,4.507e-05,0.00240351,0.0187517
81520,LOX,3,3,9,3,4.338e-05,0.00230587,0.0188129
81530,LOX,3,3,0,0,4.425e-05,0.00110607,0.0400067
81540,LOX,0,3,0,0,4.4631e-05,0.00104806,0.0425842
81550,LOX,1,3,2,3,4.3e-05,0.00219806,0.0195627
81560,LOX,14,3,4,3,0.000569533,0.00237221,0.240085
81570,LOX,7,3,0,0,4.532e-05,0.00141683,0.031987
81580,LOX,1,3,8,3,4.49e-05,0.00221228,0.0202958
81590,LOX,1,3,2,3,4.3701e-05,0.00212604,0.0205551
81600,LOX,0,3,0,0,4.476e-05,0.00109117,0.0410204
81610,LOX,1,3,0,0,4.477e-05,0.0010749,0.0416502
81620,LOX,0,3,0,0,4.429e-05,0.00103491,0.0427958
81630,LOX,2,3,0,0,4.433e-05,0.00107073,0.0414015
81640,LOX,1,3,0,0,4.62e-05,0.00107851,0.0428371
81650,LOX,21,3,0,0,0.000552323,0.00132369,0.417261
81660,LOX,0,3,0,0,4.582e-05,0.00105079,0.0436055
81670,LOX,0,3,0,0,4.303e-05,0.00104695,0.0411005
81680,LOX,14,3,0,0,4.526e-05,0.00131683,0.0343705
81690,LOX,11,3,0,0,0.000560813,0.00148275,0.378226
81700,LOX,7,4,0,0,0.000567183,0.00162062,0.349979
81710,LOX,42,3,0,0,0.000563552,0.00151844,0.37114
81720,LOX,13,3,0,0,0.000536593,0.00134392,0.399276
81730,LOX,17,3,0,0,0.000558883,0.00149534,0.373751
81740,LOX,3,3,0,0,4.499e-05,0.00107117,0.042001
81750,LOX,12,3,0,0,0.000545662,0.00123629,0.441372
81760,LOX,0,3,0,0,4.372e-05,0.00105269,0.0415319
81770,LOX,1,3,0,0,4.459e-05,0.00109255,0.040813
81780,LOX,0,3,0,0,4.373e-05,0.00103199,0.0423742
81790,LOX,0,3,0,0,4.384e-05,0.00105119,0.0417049
81800,LOX,29,3,0,0,0.000571902,0.00166015,0.344489
81810,LOX,4,3,0,0,4.44e-05,0.00107223,0.0414088
81820,LOX,7,3,0,0,4.388e-05,0.00121724,0.0360489
81830,LOX,27,3,10,3,0.000566402,0.00274637,0.206236
81840,LOX,4,3,0,0,0.000552723,0.00112386,0.491806
81850,LOX,24,4,0,0,4.4061e-05,0.00166713,0.0264293
81860,LOX,7,3,0,0,0.000573863,0.00135045,0.424943
81870,LOX,7,3,6,3,4.555e-05,0.00233931,0.0194716
81880,LOX,30,3,0,0,0.000560672,0.00174591,0.321135
81890,LOX,22,3,2,3,0.000555543,0.00271445,0.204661
81900,LOX,13,3,3,3,4.506e-05,0.00233316,0.0193128
81910,LOX,27,3,0,0,0.000559453,0.00175255,0.319223
81920,LOX,1,3,9,3,4.344e-05,0.0022811,0.0190434
81930,LOX,5,3,0,0,4.339e-05,0.00135898,0.0319285
81940,LOX,27,3,0,0,0.000549823,0.00142393,0.386131
81950,LOX,2,3,0,0,4.326e-05,0.00113302,0.0381813
81960,LOX,1,3,0,0,4.4921e-05,0.00105539,0.0425633
81970,LOX,1,3,0,0,4.346e-05,0.00106205,0.0409207
81980,LOX,13,3,0,0,4.793e-05,0.00133547,0.0358901
81990,LOX,48,5,0,0,0.000553113,0.002428,0.227806
82000,LOX,19,3,0,0,0.000553292,0.00148537,0.372495
82010,LOX,4,3,0,0,4.451e-05,0.00107596,0.0413675
82020,LOX,14,3,10,3,0.000560582,0.00256137,0.21886
82030,LOX,1,3,0,0,4.4421e-05,0.00108947,0.0407728
82040,LOX,3,3,0,0,4.433e-05,0.0011137,0.0398044
82050,LOX,10,3,0,0,0.000565823,0.00123291,0.458934
82060,LOX,13,3,2,3,0.000542153,0.00235811,0.22991
82070,LOX,0,3,6,3,4.356e-05,0.00217585,0.0200198
82080,LOX,3,3,1,3,4.404e-05,0.00220219,0.0199983
82090,LOX,1,3,0,0,4.482e-05,0.00104134,0.0430405
82100,LOX,0,3,0,0,4.4331e-05,0.00106913,0.0414644
82110,LOX,39,3,0,0,0.000565993,0.0017943,0.31544
82120,LOX,18,3,0,0,4.311e-05,0.00162161,0.0265847
82130,LOX,19,3,0,0,0.000559563,0.00148687,0.376337
82140,LOX,10,3,0,0,0.000558423,0.0012488,0.447169
82150,LOX,3,3,0,0,4.4071e-05,0.00114057,0.0386396
82160,LOX,4,3,0,0,4.333e-05,0.00127279,0.0340434
82170,LOX,1,3,0,0,4.355e-05,0.00107383,0.0405556
82180,LOX,17,3,0,0,0.000557492,0.00161196,0.345848
82190,LOX,10,3,0,0,4.361e-05,0.00152316,0.0286313
82200,LOX,1,3,0,0,4.4841e-05,0.00107937,0.0415439
82210,LOX,1,3,2,3,4.3851e-05,0.00214894,0.0204059
82220,LOX,0,3,9,3,4.3321e-05,0.00213152,0.020324
82230,LOX,31,3,5,3,0.000560062,0.00299917,0.186739
82240,LOX,18,3,2,3,0.000565863,0.00234484,0.241323
82250,LOX,18,3,0,0,0.000544062,0.00136456,0.39871
82260,LOX,18,3,0,0,0.000544803,0.00134966,0.403661
82270,LOX,44,5,2,3,0.000564682,0.00340178,0.165996
82280,LOX,1,3,5,3,4.4551e-05,0.00229348,0.0194251
82290,LOX,1,3,1,3,4.506e-05,0.00217238,0.0207422
82300,LOX,16,3,1,3,5.0221e-05,0.00252977,0.019852
82310,LOX,1,3,0,0,4.4131e-05,0.00105383,0.0418766
82320,LOX,1,3,0,0,4.402e-05,0.00108391,0.040612
82330,LOX,1,3,0,0,4.474e-05,0.00105758,0.0423039
82340,LOX,44,3,0,0,0.000562162,0.00183885,0.305714
82350,LOX,0,3,0,0,4.309e-05,0.00107437,0.0401074
82360,LOX,1,3,0,0,4.503e-05,0.0010818,0.0416249
82370,LOX,0,3,0,0,4.347e-05,0.00105525,0.0411942
82380,LOX,8,3,0,0,0.000556033,0.00114101,0.487314
82390,LOX,8,3,0,0,0.000565863,0.00115141,0.491454
82400,LOX,2,3,0,0,4.449e-05,0.00113375,0.0392416
82410,LOX,9,3,0,0,0.000547912,0.00145573,0.376384
82420,LOX,1,3,6,3,4.371e-05,0.00215919,0.0202437
82430,LOX,38,3,0,0,0.000562503,0.00169385,0.332086
82440,LOX,0,3,0,0,4.437e-05,0.00105251,0.0421562
82450,LOX,17,3,10,3,0.000558353,0.00270288,0.206577
82460,LOX,37,5,1,3,0.000565423,0.00335346,0.168609
82470,LOX,26,3,0,0,0.000565323,0.00164314,0.344051
82480,LOX,20,3,0,0,0.000559492,0.00154857,0.361297
82490,LOX,1,3,0,0,4.477e-05,0.00105784,0.0423223
82500,LOX,3,3,0,0,4.527e-05,0.00107774,0.0420044
82510,LOX,29,3,0,0,0.000571662,0.00168542,0.339181
82520,LOX,0,3,0,0,4.3231e-05,0.00104501,0.0413688
82530,LOX,3,3,0,0,4.444e-05,0.00112551,0.0394841
82540,LOX,9,3,0,0,4.49e-05,0.00125768,0.0357008
82550,LOX,35,3,0,0,0.000556792,0.00161228,0.345345
82560,LOX,5,3,0,0,4.575e-05,0.00129402,0.035355
82570,LOX,3,3,0,0,4.378e-05,0.00112045,0.0390737
82580,LOX,17,3,0,0,0.000551903,0.00137377,0.401745
82590,LOX,6,3,10,3,4.332e-05,0.00229068,0.0189114
82600,LOX,1,3,0,0,4.2961e-05,0.00110896,0.0387397
82610,LOX,1,3,6,3,4.556e-05,0.00222488,0.0204775
82620,LOX,15,3,1,3,0.000571523,0.00250737,0.227937
82630,LOX,13,3,0,0,4.3821e-05,0.00131402,0.0333489
82640,LOX,20,3,7,3,0.000561453,0.00267613,0.2098
82650,LOX,1,3,7,3,4.871e-05,0.00221446,0.0219963
82660,LOX,4,3,0,0,4.316e-05,0.00120017,0.0359614
82670,LOX,1,3,2,3,4.658e-05,0.00217728,0.0213937
82680,LOX,2,3,2,3,4.4031e-05,0.00211607,0.0208079
82690,LOX,38,3,2,3,0.000552073,0.00288905,0.191091
82700,LOX,0,3,0,0,4.34e-05,0.00106613,0.0407082
82710,LOX,0,3,0,0,4.4531e-05,0.00105844,0.0420721
82720,LOX,2,3,0,0,4.4511e-05,0.00116348,0.0382566
82730,LOX,30,4,0,0,0.000560533,0.00166606,0.336443
82740,LOX,4,3,0,0,0.000537402,0.00127349,0.421993
82750,LOX,5,3,0,0,4.46e-05,0.00125621,0.0355035
82760,LOX,16,3,0,0,4.373e-05,0.00135533,0.0322653
82770,LOX,0,3,0,0,4.467e-05,0.00105295,0.0424235
82780,LOX,0,3,0,0,4.43e-05,0.00105668,0.0419236
82790,LOX,0,3,0,0,4.6181e-05,0.00106529,0.0433505
82800,LOX,1,3,0,0,4.31e-05,0.00108457,0.0397394
82810,LOX,7,3,0,0,4.53e-05,0.00124917,0.0362642
82820,LOX,1,3,5,3,4.514e-05,0.00220877,0.0204367
82830,LOX,6,3,0,0,4.392e-05,0.00132092,0.0332497
82840,LOX,6,3,0,0,4.457e-05,0.00121174,0.036782
82850,LOX,19,3,7,3,0.000539483,0.00276864,0.194855
82860,LOX,2,3,8,3,4.548e-05,0.00227091,0.0200272
82870,LOX,11,3,7,3,4.385e-05,0.00239398,0.0183168
82880,LOX,1,3,0,0,4.483e-05,0.00108208,0.0414297
82890,LOX,2,3,11,3,4.323e-05,0.00221964,0.0194761
82900,LOX,31,3,0,0,0.000561122,0.00154368,0.363497
82910,LOX,0,3,0,0,4.511e-05,0.00105876,0.0426062
82920,LOX,56,4,0,0,0.000569743,0.00213607,0.266725
82930,LOX,6,3,0,0,4.41e-05,0.00126836,0.0347694
82940,LOX,4,3,0,0,4.485e-05,0.00116289,0.0385675
82950,LOX,4,3,0,0,4.479e-05,0.00118012,0.0379539
82960,LOX,20,3,0,0,0.000575353,0.0017403,0.330606
82970,LOX,17,3,0,0,0.000551632,0.00154458,0.357141
82980,LOX,0,3,0,0,4.496e-05,0.00104963,0.0428339
82990,LOX,0,3,0,0,4.474e-05,0.0010506,0.0425854
83000,LOX,34,4,0,0,0.000552692,0.00165052,0.33486
83010,LOX,2,3,11,3,4.397e-05,0.00225724,0.0194795
83020,LOX,35,3,0,0,0.000556972,0.00153377,0.36314
83030,LOX,1,3,0,0,4.4e-05,0.00106196,0.041433
83040,LOX,17,3,0,0,0.000558033,0.00142631,0.391244
83050,LOX,8,3,0,0,4.5421e-05,0.00131395,0.0345684
83060,LOX,1,3,6,3,4.571e-05,0.00224107,0.0203965
83070,LOX,6,3,0,0,0.000559292,0.00120811,0.462949
83080,LOX,0,3,3,3,4.484e-05,0.00220825,0.0203057
83090,LOX,14,3,0,0,4.765e-05,0.00134216,0.0355026
83100,LOX,24,3,0,0,0.000560342,0.00156482,0.358088
83110,LOX,19,4,0,0,0.000555623,0.0014829,0.374688
83120,LOX,16,3,0,0,0.000548773,0.00148008,0.370774
83130,LOX,5,3,0,0,4.359e-05,0.00113184,0.0385127
83140,LOX,7,3,0,0,4.3681e-05,0.00130826,0.0333887
83150,LOX,20,3,0,0,0.000550982,0.00156162,0.352828
83160,LOX,5,3,0,0,4.664e-05,0.00121721,0.0383173
83170,LOX,1,3,0,0,4.622e-05,0.00105291,0.0438972
83180,LOX,1,3,0,0,4.416e-05,0.0010554,0.0418418
83190,LOX,38,3,0,0,0.000566183,0.00190971,0.296476
83200,LOX,0,3,0,0,4.482e-05,0.0010822,0.0414154
83210,LOX,0,3,0,0,4.32e-05,0.00104112,0.0414936
83220,LOX,23,3,0,0,0.000546533,0.0015306,0.357072
83230,LOX,7,3,0,0,0.000548542,0.00119195,0.460207
83240,LOX,0,3,0,0,4.386e-05,0.00106243,0.0412829
83250,LOX,5,3,8,3,4.415e-05,0.00236937,0.0186336
83260,LOX,15,4,0,0,4.461e-05,0.00175858,0.0253671
83270,LOX,20,3,0,0,0.000531673,0.00140745,0.377757
83280,LOX,2,3,0,0,4.456e-05,0.00107121,0.0415976
83290,LOX,1,3,5,3,4.499e-05,0.0022356,0.0201244
83300,LOX,24,3,0,0,0.000556413,0.00147574,0.377041
83310,LOX,12,3,6,3,0.000547542,0.00231406,0.236615
83320,LOX,14,3,0,0,0.000553932,0.00126715,0.437149
83330,LOX,0,3,0,0,4.4281e-05,0.0010442,0.0424065
83340,LOX,0,3,0,0,4.547e-05,0.00105028,0.0432934
83350,LOX,0,3,0,0,4.409e-05,0.00108209,0.040745
83360,LOX,33,3,0,0,0.000561843,0.00143013,0.392862
83370,LOX,3,3,0,0,4.447e-05,0.00115128,0.0386264
83380,LOX,33,4,0,0,4.52e-05,0.00194922,0.0231888
83390,LOX,14,3,0,0,0.000555642,0.00124699,0.445588
83400,LOX,13,3,0,0,0.000547943,0.00127506,0.42974
83410,LOX,6,3,0,0,4.302e-05,0.00109761,0.0391941
83420,LOX,1,3,0,0,4.386e-05,0.00107785,0.0406919
83430,LOX,15,3,0,0,0.000568003,0.001536,0.369794
83440,LOX,1,3,0,0,4.513e-05,0.0010527,0.0428705
83450,LOX,20,3,1,3,0.000547902,0.00251993,0.217427
83460,LOX,10,3,0,0,0.000551232,0.00123343,0.446911
83470,LOX,1,3,0,0,4.4081e-05,0.00105569,0.0417558
83480,LOX,30,3,0,0,0.000572703,0.0015583,0.367519
83490,LOX,5,3,0,0,4.355e-05,0.00136184,0.0319789
83500,LOX,6,3,0,0,4.366e-05,0.00114613,0.0380932
83510,LOX,2,3,0,0,4.521e-05,0.00104634,0.043208
83520,LOX,1,3,2,3,4.64e-05,0.00210983,0.0219923
83530,LOX,1,3,0,0,4.497e-05,0.00109046,0.0412396
83540,LOX,6,3,0,0,0.000555783,0.00123429,0.450287
83550,LOX,1,3,1,3,4.435e-05,0.00212283,0.0208919
83560,LOX,1,3,7,3,4.42e-05,0.0022731,0.0194448
83570,LOX,24,3,0,0,0.000533743,0.00150373,0.354947
83580,LOX,1,3,11,3,4.474e-05,0.00217155,0.0206028
83590,LOX,5,3,0,0,4.338e-05,0.00116006,0.0373947
83600,LOX,15,3,9,3,0.000566272,0.0024752,0.228778
83610,LOX,0,3,3,3,4.524e-05,0.00210759,0.0214653
83620,LOX,0,3,0,0,4.53e-05,0.00104429,0.0433785
83630,LOX,1,3,0,0,4.347e-05,0.00109264,0.0397846
83640,LOX,0,3,0,0,4.743e-05,0.00104995,0.0451734
83650,LOX,1,3,0,0,4.47e-05,0.00111645,0.0400374
83660,LOX,1,3,0,0,4.444e-05,0.00119293,0.0372529
83670,LOX,1,3,0,0,4.458e-05,0.00112322,0.0396896
83680,LOX,15,3,0,0,0.000563913,0.0014355,0.392835
83690,LOX,0,3,0,0,5.2371e-05,0.00104122,0.050298
83700,LOX,17,3,0,0,0.000562762,0.00177431,0.317173
83710,LOX,11,3,1,3,5.0631e-05,0.00230802,0.021937
83720,LOX,0,3,0,0,4.36e-05,0.00105896,0.0411727
83730,LOX,1,3,1,3,4.4321e-05,0.00209324,0.0211734
83740,LOX,28,3,5,3,0.000554282,0.00273489,0.20267
83750,LOX,44,4,2,3,0.000524703,0.00320246,0.163843
83760,LOX,21,4,0,0,0.000563082,0.00169396,0.332406
83770,LOX,44,4,3,3,0.000552383,0.00323478,0.170763
83780,LOX,1,3,9,3,4.4481e-05,0.00223133,0.0199347
83790,LOX,0,3,1,3,4.47e-05,0.00209417,0.021345
83800,LOX,2,3,2,3,4.395e-05,0.00219284,0.0200425
83810,LOX,31,3,0,0,0.000561522,0.00187344,0.299728
83820,LOX,2,3,0,0,4.283e-05,0.0011055,0.0387428
83830,LOX,1,3,0,0,4.371e-05,0.0010635,0.0411003
83840,LOX,11,3,0,0,5.1301e-05,0.00113189,0.0453231
83850,LOX,0,3,0,0,4.4881e-05,0.0010586,0.0423968
83860,LOX,1,3,0,0,4.479e-05,0.00106383,0.0421028
83870,LOX,26,3,0,0,0.000574623,0.00137546,0.417769
83880,LOX,1,3,0,0,4.442e-05,0.0010707,0.0414867
83890,LOX,23,3,0,0,0.000552072,0.00128713,0.428918
83900,LOX,3,3,0,0,4.379e-05,0.00119648,0.0365989
83910,LOX,13,3,0,0,0.000540403,0.00129293,0.417969
83920,LOX,4,3,3,3,4.414e-05,0.00220946,0.0199777
83930,LOX,28,3,5,3,0.000555373,0.0027951,0.198695
83940,LOX,42,5,0,0,0.000551912,0.00236955,0.232918
83950,LOX,1,3,0,0,4.5181e-05,0.00109165,0.0413876
83960,LOX,41,4,0,0,0.000549833,0.00190558,0.288539
83970,LOX,25,3,0,0,0.000544692,0.00144844,0.376055
83980,LOX,0,3,1,3,4.519e-05,0.00210862,0.0214311
83990,LOX,29,3,0,0,0.000551362,0.00156826,0.351576
84000,LOX,1,3,0,0,4.414e-05,0.00108939,0.0405183
84010,LOX,19,3,0,0,4.484e-05,0.00187556,0.0239075
84020,LOX,1,3,0,0,4.346e-05,0.00108233,0.0401543
84030,LOX,0,3,0,0,4.349e-05,0.00105053,0.0413983
84040,LOX,7,3,0,0,4.538e-05,0.00119522,0.037968
84050,LOX,2,3,0,0,4.462e-05,0.00110752,0.0402884
84060,LOX,6,3,0,0,0.000541993,0.00124677,0.434719
84070,LOX,4,3,0,0,4.57e-05,0.0011006,0.041523
84080,LOX,13,4,0,0,4.431e-05,0.00164318,0.026966
84090,LOX,44,3,0,0,0.000568903,0.0018242,0.311865
84100,LOX,42,4,18,4,0.000564742,0.00392942,0.143722
84110,LOX,1,3,0,0,4.563e-05,0.00109321,0.0417397
84120,LOX,1,3,0,0,4.481e-05,0.00106986,0.0418838
84130,LOX,49,4,0,0,0.000568192,0.00221004,0.257096
84140,LOX,33,4,2,3,0.000554953,0.00305769,0.181494
84150,LOX,33,3,0,0,0.000562592,0.00155427,0.361966
84160,LOX,0,3,0,0,4.371e-05,0.00107778,0.0405558
84170,LOX,1,3,0,0,4.348e-05,0.00107559,0.0404241
84180,LOX,37,4,0,0,0.000560483,0.00190929,0.293556
84190,LOX,0,3,9,3,4.363e-05,0.00214906,0.0203019
84200,LOX,1,3,2,3,4.4681e-05,0.00214518,0.0208286
84210,LOX,0,3,0,0,4.461e-05,0.00104984,0.042492
84220,LOX,24,4,0,0,0.000563163,0.00168189,0.33484
84230,LOX,27,3,0,0,0.000548223,0.00141642,0.387049
84240,LOX,2,3,0,0,4.424e-05,0.00108971,0.0405981
84250,LOX,29,3,0,0,0.000560422,0.00151026,0.371077
84260,LOX,1,3,0,0,4.527e-05,0.00112938,0.0400838
84270,LOX,0,3,0,0,4.356e-05,0.00104294,0.0417667
84280,LOX,21,3,0,0,0.000551912,0.00139319,0.396151
84290,LOX,3,3,0,0,4.267e-05,0.00114156,0.0373788
84300,LOX,18,3,0,0,0.000549293,0.00141273,0.388818
84310,LOX,25,3,2,3,0.000544693,0.00237378,0.229462
84320,LOX,0,3,0,0,4.3951e-05,0.0010411,0.0422158
84330,LOX,35,4,1,3,0.000559313,0.00315299,0.177392
84340,LOX,5,3,0,0,5.268e-05,0.00111322,0.0473224
84350,LOX,14,3,5,3,0.000556032,0.00281143,0.197775
84360,LOX,4,3,7,3,5.166e-05,0.00244849,0.0210987
84370,LOX,3,3,12,3,4.515e-05,0.00224946,0.0200715
84380,LOX,37,3,0,0,0.000540972,0.00158888,0.340474
84390,LOX,24,3,10,3,0.000534442,0.00260009,0.205547
84400,LOX,0,3,0,0,4.396e-05,0.00106338,0.0413401
84410,LOX,1,3,0,0,4.371e-05,0.00106474,0.0410525
84420,LOX,1,3,0,0,4.3701e-05,0.00107113,0.0407992
84430,LOX,8,3,0,0,4.432e-05,0.00138128,0.0320863
84440,LOX,1,3,0,0,4.3991e-05,0.00111262,0.039538
84450,LOX,7,3,0,0,4.435e-05,0.00113991,0.0389068
84460,LOX,14,3,0,0,0.000555962,0.00145315,0.382592
84470,LOX,55,4,0,0,0.000568753,0.00210115,0.270687
84480,LOX,66,4,0,0,0.000563502,0.0023727,0.237494
84490,LOX,0,3,0,0,4.496e-05,0.00105414,0.0426511
84500,LOX,49,6,3,3,0.000548932,0.00383031,0.143313
84510,LOX,1,3,0,0,4.4441e-05,0.00106248,0.0418274
84520,LOX,55,3,0,0,0.000556853,0.0017374,0.32051
84530,LOX,28,3,1,3,0.000565203,0.00256029,0.220757
84540,LOX,10,3,0,0,0.000563372,0.00117026,0.481409
84550,LOX,1,3,0,0,4.368e-05,0.00109143,0.0400211
84560,LOX,0,3,0,0,4.4091e-05,0.0010422,0.0423059
84570,LOX,7,3,0,0,4.4371e-05,0.00110155,0.0402803
84580,LOX,1,3,0,0,4.545e-05,0.00109106,0.0416569
84590,LOX,9,3,0,0,4.317e-05,0.00137165,0.0314731
84600,LOX,1,3,0,0,4.281e-05,0.0010904,0.039261
84610,LOX,0,3,0,0,4.407e-05,0.00105379,0.0418207
84620,LOX,32,4,0,0,0.000543113,0.00164805,0.329549
84630,LOX,1,3,0,0,4.391e-05,0.00107599,0.0408087
84640,LOX,53,4,0,0,0.000569953,0.00211388,0.269624
84650,LOX,20,3,0,0,0.000547502,0.00134834,0.406058
84660,LOX,3,3,0,0,4.431e-05,0.00109553,0.040446
84670,LOX,7,3,0,0,4.3741e-05,0.00117994,0.0370707
84680,LOX,1,3,0,0,5.001e-05,0.00110013,0.0454581
84690,LOX,15,3,0,0,0.000557752,0.00127152,0.438651
84700,LOX,8,3,0,0,0.000566743,0.00135155,0.419329
84710,LOX,1,3,0,0,4.4661e-05,0.00107117,0.0416935
84720,LOX,1,3,0,0,4.367e-05,0.00106452,0.0410234
84730,LOX,28,3,1,3,0.000554452,0.00262918,0.210884
84740,LOX,39,3,1,3,0.000550643,0.00279059,0.197321
84750,LOX,16,3,1,3,4.579e-05,0.00237401,0.019288
84760,LOX,11,3,0,0,0.000554212,0.00150263,0.368829
84770,LOX,1,3,0,0,4.506e-05,0.00104612,0.0430737
84780,LOX,6,3,1,3,0.000563163,0.00244442,0.230387
84790,LOX,1,3,5,3,4.487e-05,0.00217644,0.0206162
84800,LOX,2,3,6,3,4.513e-05,0.0023603,0.0191204
84810,LOX,21,3,0,0,0.000555533,0.00149319,0.372045
84820,LOX,5,3,0,0,4.5711e-05,0.00122767,0.0372338
84830,LOX,0,3,0,0,4.225e-05,0.00105091,0.0402031
84840,LOX,9,4,0,0,4.5401e-05,0.00153001,0.0296737
84850,LOX,1,3,0,0,4.382e-05,0.00105244,0.0416364
84860,LOX,3,3,0,0,5.0061e-05,0.00123011,0.0406962
84870,LOX,5,3,0,0,4.42e-05,0.00115807,0.0381668
84880,LOX,51,4,0,0,0.000575742,0.00189692,0.303514
84890,LOX,16,6,0,0,4.381e-05,0.00205471,0.0213217
84900,LOX,2,3,0,0,4.3871e-05,0.00113955,0.0384987
84910,LOX,3,3,1,3,4.5e-05,0.00225673,0.0199403
84920,LOX,0,3,7,3,4.4101e-05,0.00224834,0.0196149
84930,LOX,0,3,0,0,4.503e-05,0.00105357,0.0427406
84940,LOX,7,3,10,3,4.306e-05,0.00235587,0.0182777
84950,LOX,0,3,4,3,4.4011e-05,0.00221351,0.0198829
84960,LOX,4,3,0,0,4.37e-05,0.00111742,0.0391081
84970,LOX,7,3,0,0,0.000542162,0.00129905,0.417354
84980,LOX,51,3,8,3,0.000564042,0.00281621,0.200284
84990,LOX,33,3,4,3,0.000546832,0.00250023,0.218713
85000,LOX,10,3,0,0,0.000549642,0.00136692,0.402104
85010,LOX,1,3,0,0,4.563e-05,0.00105883,0.0430949
85020,LOX,0,3,0,0,4.308e-05,0.00105956,0.0406586
85030,LOX,28,3,0,0,0.000570602,0.00158207,0.360668
85040,LOX,24,3,0,0,0.000573593,0.0019101,0.300295
85050,LOX,56,6,0,0,0.000835904,0.00264574,0.315943
85060,LOX,1,3,0,0,4.395e-05,0.0010605,0.0414425
85070,LOX,0,3,0,0,4.3931e-05,0.00105937,0.0414688
85080,LOX,0,3,0,0,4.547e-05,0.00103626,0.0438792
85090,LOX,10,3,0,0,0.000559732,0.00121982,0.458866
85100,LOX,1,3,0,0,4.347e-05,0.00108455,0.0400813
85110,LOX,14,3,0,0,0.000573733,0.00129094,0.444432
85120,LOX,0,3,0,0,4.433e-05,0.00104703,0.0423386
85130,LOX,9,3,0,0,4.441e-05,0.00113065,0.0392785
85140,LOX,21,3,0,0,0.000568732,0.00147055,0.386749
85150,LOX,10,3,0,0,4.308e-05,0.00129634,0.0332321
85160,LOX,20,4,0,0,0.000552813,0.0015091,0.36632
85170,LOX,1,3,0,0,4.336e-05,0.00107364,0.0403862
85180,LOX,8,3,0,0,4.446e-05,0.00116112,0.0382907
85190,LOX,9,3,0,0,4.3421e-05,0.00117373,0.0369939
85200,LOX,0,3,3,3,4.7281e-05,0.00223821,0.0211245
85210,LOX,6,3,0,0,4.339e-05,0.00119125,0.0364241
85220,LOX,15,3,0,0,0.000571542,0.00132628,0.430937
85230,LOX,23,3,5,3,0.000568693,0.00255323,0.222735
85240,LOX,25,3,11,3,0.000554103,0.00280696,0.197403
85250,LOX,0,3,5,3,4.5371e-05,0.00226304,0.0200487
85260,LOX,9,3,0,0,0.000551982,0.00134193,0.411336
85270,LOX,17,3,2,3,0.000544653,0.00265927,0.204813
85280,LOX,0,3,1,3,4.356e-05,0.00213404,0.020412
85290,LOX,1,3,1,3,4.305e-05,0.00212267,0.0202811
85300,LOX,35,4,0,0,0.000535882,0.00202285,0.264914
85310,LOX,10,3,0,0,0.000554342,0.00134126,0.4133
85320,LOX,10,3,0,0,4.445e-05,0.00133009,0.0334189
85330,LOX,20,3,0,0,0.000553963,0.00158221,0.35012
85340,LOX,16,3,0,0,0.000545492,0.00145882,0.373928
85350,LOX,1,3,0,0,5.06e-05,0.00109108,0.0463762
85360,LOX,45,3,0,0,0.000559843,0.00165885,0.337489
85370,LOX,23,3,0,0,0.000557423,0.00138149,0.403495
85380,LOX,2,3,0,0,4.287e-05,0.00115951,0.0369726
85390,LOX,3,3,0,0,4.428e-05,0.00117048,0.0378308
85400,LOX,0,3,0,0,4.371e-05,0.00107143,0.0407958
85410,LOX,44,4,0,0,0.000547232,0.00187945,0.291166
85420,LOX,0,3,0,0,4.3921e-05,0.00105077,0.0417987
85430,LOX,2,3,0,0,4.427e-05,0.00113476,0.0390128
85440,LOX,11,3,0,0,0.000542192,0.00121749,0.445337
85450,LOX,1,3,0,0,4.5531e-05,0.00109303,0.041656
85460,LOX,1,3,7,3,4.481e-05,0.00227874,0.0196644
85470,LOX,16,3,0,0,0.000551772,0.00125896,0.438277
85480,LOX,26,3,3,3,0.000549923,0.00258763,0.21252
85490,LOX,0,3,6,3,4.465e-05,0.00215179,0.0207502
85500,LOX,10,3,0,0,4.573e-05,0.00126897,0.0360372
85510,LOX,17,3,0,0,0.000551342,0.00162405,0.339486
85520,LOX,15,3,0,0,0.000551763,0.00133367,0.413719
85530,LOX,2,3,0,0,4.365e-05,0.00107215,0.0407128
85540,LOX,4,3,0,0,4.3061e-05,0.00110691,0.0389022
85550,LOX,0,3,0,0,4.48e-05,0.0010681,0.0419434
85560,LOX,1,3,0,0,4.501e-05,0.00106205,0.0423801
85570,LOX,1,3,0,0,4.368e-05,0.00110556,0.0395095
85580,LOX,3,3,0,0,4.389e-05,0.00109633,0.0400334
85590,LOX,33,4,0,0,0.000549103,0.00192744,0.284887
85600,LOX,21,3,0,0,0.000557922,0.00161446,0.345579
85610,LOX,22,3,0,0,0.000552773,0.00165296,0.334415
85620,LOX,0,3,0,0,4.3721e-05,0.00103909,0.0420761
85630,LOX,4,3,0,0,4.3101e-05,0.00115931,0.037178
85640,LOX,0,3,2,3,4.4581e-05,0.00210743,0.0211542
85650,LOX,0,3,2,3,4.515e-05,0.00215793,0.0209228
85660,LOX,46,5,0,0,0.000569062,0.00232573,0.244681
85670,LOX,30,3,3,3,0.000566642,0.0026087,0.217212
85680,LOX,38,5,0,0,0.000553502,0.00179653,0.308095
85690,LOX,27,3,1,3,0.000559253,0.00250055,0.223652
85700,LOX,0,3,4,3,4.3351e-05,0.00216754,0.0200001
85710,LOX,2,3,0,0,4.3381e-05,0.00106218,0.0408413
85720,LOX,10,3,0,0,4.422e-05,0.00130777,0.0338134
85730,LOX,10,3,0,0,0.000545363,0.00129285,0.421831
85740,LOX,1,3,0,0,4.339e-05,0.00106065,0.0409087
85750,LOX,0,3,0,0,4.515e-05,0.00106956,0.0422134
85760,LOX,12,3,0,0,0.000542612,0.00160449,0.338184
85770,LOX,21,3,0,0,0.000564783,0.00139841,0.403876
85780,LOX,0,3,0,0,4.388e-05,0.00102756,0.0427033
85790,LOX,23,3,0,0,0.000561953,0.0014336,0.391988
85800,LOX,15,3,0,0,0.000552573,0.00123499,0.447433
85810,LOX,7,3,9,3,4.613e-05,0.00241164,0.019128
85820,LOX,1,3,1,3,4.341e-05,0.00211481,0.0205267
85830,LOX,0,3,3,3,4.715e-05,0.00216133,0.0218153
85840,LOX,14,3,5,3,4.415e-05,0.00237992,0.018551
85850,LOX,0,3,0,0,4.46e-05,0.00107503,0.0414874
85860,LOX,14,3,4,3,0.000544682,0.00259811,0.209645
85870,LOX,1,3,11,3,4.39e-05,0.00221257,0.0198412
85880,LOX,1,3,0,0,4.381e-05,0.00107961,0.0405793
85890,LOX,4,3,2,3,4.3581e-05,0.00221644,0.0196626
85900,LOX,20,3,0,0,0.000572132,0.00137368,0.416497
85910,LOX,0,3,0,0,4.941e-05,0.00105217,0.0469603
85920,LOX,17,3,0,0,0.000546983,0.00151057,0.362104
85930,LOX,17,3,16,3,0.000556263,0.00304928,0.182424
85940,LOX,21,3,0,0,0.000562173,0.00144613,0.388744
85950,LOX,5,3,0,0,0.000548272,0.00116917,0.468939
85960,LOX,1,3,0,0,4.522e-05,0.00108869,0.0415363
85970,LOX,1,3,0,0,4.481e-05,0.00108636,0.0412476
85980,LOX,1,3,0,0,4.5541e-05,0.00105068,0.0433441
85990,LOX,0,3,0,0,4.515e-05,0.00104079,0.0433807
86000,LOX,24,3,0,0,0.000558783,0.00156289,0.357533
86010,LOX,4,3,1,3,4.431e-05,0.00214599,0.0206478
86020,LOX,51,4,0,0,0.000565233,0.00218789,0.258346
86030,LOX,0,3,1,3,4.356e-05,0.00207703,0.0209723
86040,LOX,31,3,0,0,0.000561703,0.00195022,0.28802
86050,LOX,14,3,0,0,4.5721e-05,0.00128989,0.0354458
86060,LOX,7,3,0,0,0.000546253,0.0011425,0.478123
86070,LOX,1,3,5,3,4.5771e-05,0.00225132,0.0203307
86080,LOX,0,3,10,3,4.371e-05,0.00215746,0.0202599
86090,LOX,0,3,0,0,4.376e-05,0.00104576,0.041845
86100,LOX,0,3,0,0,4.442e-05,0.00107387,0.0413642
86110,LOX,11,3,0,0,0.000541762,0.00125225,0.432632
86120,LOX,2,3,0,0,4.434e-05,0.00109607,0.0404538
86130,LOX,1,3,0,0,4.362e-05,0.00107052,0.0407464
86140,LOX,0,3,0,0,4.3811e-05,0.00105644,0.0414703
86150,LOX,36,3,0,0,0.000556873,0.00148197,0.375766
86160,LOX,4,3,0,0,4.519e-05,0.00115007,0.0392934
86170,LOX,1,3,0,0,4.385e-05,0.00107401,0.0408284
86180,LOX,14,3,0,0,0.000550043,0.00138475,0.397216
86190,LOX,0,3,0,0,4.55e-05,0.00103957,0.0437683
86200,LOX,6,3,0,0,4.476e-05,0.00122577,0.0365159
86210,LOX,4,3,7,3,4.469e-05,0.00239085,0.0186921
86220,LOX,22,3,0,0,0.000559142,0.00169285,0.330297
86230,LOX,1,3,0,0,4.411e-05,0.00108961,0.0404822
86240,LOX,1,3,0,0,4.3551e-05,0.00108898,0.0399927
86250,LOX,27,4,0,0,0.000536253,0.00207299,0.258686
86260,LOX,8,3,0,0,0.000555073,0.00121945,0.455185
86270,LOX,0,3,0,0,4.344e-05,0.00105098,0.0413327
86280,LOX,1,3,0,0,4.333e-05,0.00110716,0.0391363
86290,LOX,0,3,0,0,4.247e-05,0.00106263,0.0399667
86300,LOX,20,4,0,0,0.000561612,0.00165567,0.339206
86310,LOX,8,3,0,0,0.000555282,0.00117836,0.471234
86320,LOX,1,3,0,0,4.491e-05,0.00106284,0.0422545
86330,LOX,0,3,0,0,4.559e-05,0.00105503,0.0432118
86340,LOX,6,3,0,0,4.4461e-05,0.001318,0.0337338
86350,LOX,1,3,0,0,4.317e-05,0.00107402,0.0401946
86360,LOX,2,3,0,0,4.4161e-05,0.00109111,0.0404733
86370,LOX,32,5,1,3,0.000557313,0.00296916,0.1877
86380,LOX,6,3,0,0,4.378e-05,0.00137329,0.0318797
86390,LOX,0,3,0,0,4.307e-05,0.00104433,0.0412416
86400,LOX,24,3,0,0,0.000553463,0.00132332,0.418239
86410,LOX,3,3,0,0,4.328e-05,0.00118176,0.0366235
86420,LOX,0,3,0,0,4.72e-05,0.0010735,0.0439685
86430,LOX,1,3,0,0,4.639e-05,0.00106884,0.043402
86440,LOX,42,3,0,0,0.000548132,0.00165811,0.330577
86450,LOX,0,3,9,3,4.52e-05,0.00225124,0.0200778
86460,LOX,16,3,0,0,0.000561923,0.00131239,0.428169
86470,LOX,23,3,0,0,0.000553393,0.00161172,0.343356
86480,LOX,1,3,2,3,4.52e-05,0.00215093,0.0210142
86490,LOX,0,3,4,3,4.321e-05,0.00216893,0.0199223
86500,LOX,13,3,0,0,0.000558343,0.00166607,0.335126
86510,LOX,0,3,0,0,4.445e-05,0.00103656,0.042882
86520,LOX,16,3,0,0,0.000566293,0.00150344,0.376666
86530,LOX,12,3,10,3,0.000569323,0.0026156,0.217664
86540,LOX,68,5,0,0,0.000590583,0.00246148,0.23993
86550,LOX,1,3,5,3,4.5421e-05,0.00227477,0.0199673
86560,LOX,16,3,3,3,4.5031e-05,0.00248765,0.0181018
86570,LOX,70,3,0,0,0.000579033,0.00181796,0.318507
86580,LOX,7,3,3,3,4.527e-05,0.00239611,0.0188931
86590,LOX,37,4,0,0,0.000571363,0.00205823,0.277599
86600,LOX,45,4,0,0,0.000581352,0.00200939,0.289318
86610,LOX,18,3,0,0,4.463e-05,0.00123034,0.0362746
86620,LOX,68,4,0,0,0.000564413,0.00220284,0.256221
86630,LOX,20,3,0,0,0.000582072,0.00148747,0.391318
86640,LOX,50,4,0,0,0.000564372,0.00230617,0.244723
86650,LOX,22,3,0,0,0.000560773,0.00137383,0.408183
86660,LOX,28,3,7,3,0.000569812,0.00290388,0.196224
86670,LOX,51,4,0,0,0.000562763,0.00236694,0.23776
86680,LOX,25,4,0,0,4.604e-05,0.00182868,0.0251767
86690,LOX,35,3,0,0,0.000564982,0.00140457,0.402246
86700,LOX,6,3,6,3,4.5351e-05,0.0023651,0.0191751
86710,LOX,12,3,0,0,0.000568533,0.00121375,0.468412
86720,LOX,16,3,0,0,4.431e-05,0.00157546,0.0281252
86730,LOX,17,3,0,0,4.667e-05,0.00148009,0.0315319
86740,LOX,7,3,0,0,4.422e-05,0.00115104,0.0384176
86750,LOX,27,3,3,3,4.645e-05,0.00268803,0.0172803
86760,LOX,51,3,0,0,0.000562752,0.00206294,0.272791
86770,LOX,32,3,0,0,0.000578302,0.00171937,0.336346
86780,LOX,23,3,2,3,0.000566663,0.00226609,0.250062
86790,LOX,9,3,0,0,0.000564363,0.00132802,0.424967
86800,LOX,5,3,0,0,0.000563673,0.00113875,0.494991
86810,LOX,37,4,0,0,0.000574763,0.0021626,0.265774
86820,LOX,1,3,8,3,5.117e-05,0.00228634,0.0223807
86830,LOX,31,4,0,0,4.526e-05,0.00184355,0.0245505
86840,LOX,21,3,10,3,0.000562863,0.00272445,0.206597
86850,LOX,51,3,0,0,0.000566293,0.00208189,0.272009
86860,LOX,57,3,0,0,0.000566503,0.00195426,0.289881
86870,LOX,23,3,0,0,4.871e-05,0.00152012,0.0320436
86880,LOX,30,3,1,3,0.000582163,0.00281361,0.206909
86890,LOX,60,4,11,3,0.000569983,0.00362433,0.157266
86900,LOX,33,3,6,3,0.000570453,0.0027112,0.210406
86910,LOX,24,3,2,3,0.000570522,0.00238587,0.239125
86920,LOX,31,4,0,0,0.000558293,0.00169334,0.3297
86930,LOX,27,3,0,0,4.4531e-05,0.00168238,0.0264691
86940,LOX,21,4,0,0,0.000564202,0.00180654,0.312311
86950,LOX,13,3,1,3,0.000553242,0.00228606,0.242007
86960,LOX,48,3,0,0,0.000549343,0.00174617,0.314599
86970,LOX,6,3,2,3,4.592e-05,0.00229004,0.0200521
86980,LOX,27,3,0,0,0.000547852,0.00145154,0.377429
86990,LOX,34,3,0,0,0.000552292,0.00163812,0.33715
87000,LOX,38,4,10,3,0.000562832,0.00296006,0.190142
87010,LOX,33,3,0,0,0.000558422,0.00136312,0.409665
87020,LOX,18,3,10,3,4.465e-05,0.00262711,0.0169958
87030,LOX,42,3,2,3,0.000562623,0.00258253,0.217857
87040,LOX,36,3,0,0,0.000569172,0.00143178,0.397528
87050,LOX,0,3,5,3,4.446e-05,0.00234081,0.0189934
87060,LOX,7,4,7,3,0.000566763,0.00245253,0.231093
87070,LOX,0,3,0,0,4.34e-05,0.00108125,0.0401385
87080,LOX,9,3,0,0,4.3841e-05,0.00119271,0.0367576
87090,LOX,23,3,2,3,0.000554323,0.00250109,0.221632
87100,LOX,9,3,15,3,4.377e-05,0.00252573,0.0173296
87110,LOX,25,3,0,0,0.000557373,0.0014172,0.393293
87120,LOX,52,3,7,3,0.000538343,0.00320189,0.168133
87130,LOX,55,3,5,3,0.000551892,0.00334927,0.16478
87140,LOX,33,3,0,0,0.000527572,0.00179749,0.293505
87150,LOX,29,3,0,0,0.000547562,0.00132246,0.414049
87160,LOX,11,3,11,3,0.000531233,0.00240468,0.220916
87170,LOX,1,3,1,3,4.4261e-05,0.0021643,0.0204505
87180,LOX,17,3,5,3,0.000547512,0.00252431,0.216896
87190,LOX,31,3,0,0,0.000542993,0.00149618,0.36292
87200,LOX,14,3,0,0,4.458e-05,0.00139372,0.0319864
87210,LOX,42,3,1,3,0.000553673,0.0029235,0.189387
87220,LOX,23,3,0,0,0.000579473,0.00125106,0.463187
87230,LOX,19,3,0,0,4.577e-05,0.00145426,0.0314731
87240,LOX,41,3,13,5,0.000556493,0.00361436,0.153967
87250,LOX,27,4,6,3,0.000551712,0.00316104,0.174535
87260,LOX,15,3,0,0,4.4731e-05,0.00124883,0.0358185
87270,LOX,80,4,1,3,0.000571302,0.00320403,0.178308
87280,LOX,37,3,7,3,0.000570422,0.00297775,0.191561
87290,LOX,43,3,1,3,0.000551143,0.00286034,0.192684
87300,LOX,9,3,0,0,4.411e-05,0.00112647,0.0391579
87310,LOX,14,3,1,3,0.000553793,0.00236779,0.233886
87320,LOX,0,3,0,0,4.4631e-05,0.00104203,0.0428307
87330,LOX,1,3,6,3,4.493e-05,0.00225467,0.0199275
87340,LOX,18,3,0,0,0.000532412,0.00121699,0.437484
87350,LOX,5,3,5,3,4.515e-05,0.00240931,0.0187398
87360,LOX,1,3,0,0,4.2421e-05,0.00110271,0.0384696
87370,LOX,27,3,0,0,0.000552653,0.00168869,0.327268
87380,LOX,2,3,0,0,4.398e-05,0.00109472,0.0401748
87390,LOX,36,3,7,3,0.000551473,0.00304147,0.181318
87400,LOX,5,3,0,0,0.000556442,0.00122249,0.455172
87410,LOX,5,3,2,3,0.000555033,0.00231173,0.240094
87420,LOX,44,3,0,0,0.000571422,0.00163831,0.348788
87430,LOX,5,3,2,3,4.675e-05,0.00239201,0.0195442
87440,LOX,37,3,0,0,0.000556882,0.00152813,0.364421
87450,LOX,17,4,0,0,0.000562962,0.00170622,0.329947
87460,LOX,44,3,1,3,0.000533422,0.00279709,0.190706
87470,LOX,10,3,2,3,4.597e-05,0.00261708,0.0175654
87480,LOX,11,3,2,3,4.634e-05,0.00231956,0.0199779
87490,LOX,2,3,2,3,4.364e-05,0.00213507,0.0204396
87500,LOX,6,3,2,3,4.6701e-05,0.00217944,0.021428
87510,LOX,1,3,0,0,4.387e-05,0.00105217,0.041695
87520,LOX,11,3,0,0,0.000557683,0.00127767,0.436486
87530,LOX,30,4,8,3,0.000551043,0.00300966,0.183091
87540,LOX,17,3,19,3,0.000548903,0.00280411,0.195749
87550,LOX,64,5,0,0,0.000570793,0.00247584,0.230545
87560,LOX,0,3,0,0,4.363e-05,0.00106605,0.040927
87570,LOX,1,3,0,0,5.265e-05,0.0010837,0.0485833
87580,LOX,8,3,0,0,0.000553653,0.00122067,0.453566
87590,LOX,17,4,0,0,0.000547322,0.00145074,0.377272
87600,LOX,6,3,4,3,4.607e-05,0.00227021,0.0202933
87610,LOX,26,3,3,3,0.000574602,0.0025861,0.222188
87620,LOX,38,3,0,0,0.000545153,0.00144409,0.377507
87630,LOX,14,3,0,0,0.000553763,0.00144704,0.382688
87640,LOX,12,3,5,3,0.000544623,0.00243646,0.22353
87650,LOX,7,3,0,0,4.49e-05,0.00128818,0.0348555
87660,LOX,55,3,0,0,0.000565462,0.00182248,0.310271
87670,LOX,22,3,6,3,0.000535683,0.00267631,0.200157
87680,LOX,41,3,9,3,0.000543723,0.002982,0.182335
87690,LOX,0,3,0,0,4.681e-05,0.0010735,0.0436048
87700,LOX,2,3,0,0,4.4e-05,0.00111231,0.0395575
87710,LOX,8,3,10,3,4.2521e-05,0.00249442,0.0170464
87720,LOX,13,3,0,0,4.342e-05,0.00127539,0.0340446
87730,LOX,4,3,0,0,4.388e-05,0.00111655,0.0392995
87740,LOX,11,3,0,0,4.431e-05,0.00133805,0.0331155
87750,LOX,24,3,0,0,0.000548022,0.00141808,0.386455
87760,LOX,24,3,9,3,0.000535353,0.00301621,0.177492
87770,LOX,0,3,6,3,4.56e-05,0.00218169,0.0209012
87780,LOX,19,3,0,0,0.000549802,0.00243659,0.225644
87790,LOX,3,3,0,0,4.389e-05,0.00114319,0.0383927
87800,LOX,26,3,0,0,4.506e-05,0.00146379,0.0307832
87810,LOX,13,3,0,0,0.000558293,0.00137537,0.405923
87820,LOX,26,3,0,0,4.458e-05,0.00142644,0.0312527
87830,LOX,16,3,0,0,4.4e-05,0.00134485,0.0327175
87840,LOX,10,3,0,0,0.000546582,0.00114965,0.475435
87850,LOX,10,3,0,0,4.5401e-05,0.001215,0.0373672
87860,LOX,53,4,0,0,0.000562422,0.00223889,0.251206
87870,LOX,8,3,0,0,0.000547273,0.00113021,0.484225
87880,LOX,66,4,0,0,0.000575593,0.00236498,0.243382
87890,LOX,47,3,5,3,0.000553863,0.00319862,0.173157
87900,LOX,35,3,0,0,0.000556812,0.00141989,0.392152
87910,LOX,52,3,0,0,0.000563213,0.00189922,0.29655
87920,LOX,5,3,0,0,4.441e-05,0.00114474,0.038795
87930,LOX,27,3,0,0,0.000559963,0.00148827,0.376252
87940,LOX,40,4,8,3,0.000549252,0.00314711,0.174526
87950,LOX,36,3,0,0,0.000538072,0.00175496,0.306601
87960,LOX,0,3,0,0,4.689e-05,0.00107778,0.0435063
87970,LOX,54,3,10,3,0.000578203,0.0032115,0.180041
87980,LOX,56,3,0,0,0.000552572,0.00180136,0.306753
87990,LOX,51,3,0,0,0.000547492,0.00187016,0.292752
88000,LOX,24,3,3,3,0.000544972,0.00258233,0.211039
88010,LOX,0,3,0,0,4.5241e-05,0.00105777,0.04277
88020,LOX,22,3,0,0,4.513e-05,0.00144992,0.0311259
88030,LOX,53,4,0,0,0.000538712,0.00214193,0.251508
88040,LOX,7,3,0,0,0.000552513,0.0012774,0.432531
88050,LOX,15,3,5,3,0.000549732,0.00288758,0.190378
88060,LOX,13,3,0,0,4.4281e-05,0.00138318,0.032014
88070,LOX,1,3,0,0,4.511e-05,0.0010964,0.0411436
88080,LOX,0,3,0,0,4.441e-05,0.00105287,0.0421797
88090,LOX,42,4,2,3,0.000523782,0.00347597,0.150687
88100,LOX,81,4,0,0,0.000574663,0.00223054,0.257634
88110,LOX,1,3,0,0,4.441e-05,0.00105904,0.0419344
88120,LOX,55,4,43,3,0.000567633,0.00436062,0.130173
88130,LOX,2,3,0,0,4.666e-05,0.00107395,0.0434469
88140,LOX,1,3,0,0,4.33e-05,0.00106667,0.0405938
88150,LOX,15,4,8,3,0.000553212,0.00264396,0.209236
88160,LOX,8,3,9,3,0.000548392,0.00246434,0.222531
88170,LOX,2,3,7,3,4.579e-05,0.00225294,0.0203245
88180,LOX,13,3,8,3,0.000547712,0.00255279,0.214554
88190,LOX,14,3,0,0,0.000547973,0.0012734,0.430324
88200,LOX,34,3,7,3,0.000551753,0.0026087,0.211505
88210,LOX,14,3,0,0,0.000555073,0.00127559,0.435151
88220,LOX,18,3,0,0,4.4261e-05,0.00169611,0.0260956
88230,LOX,2,3,0,0,4.489e-05,0.00109388,0.0410372
88240,LOX,6,3,0,0,4.531e-05,0.00115172,0.039341
88250,LOX,0,3,3,3,4.535e-05,0.00216532,0.0209438
88260,LOX,7,3,0,0,4.455e-05,0.00110717,0.0402379
88270,LOX,6,3,0,0,4.484e-05,0.00112301,0.0399286
88280,LOX,1,3,0,0,4.97e-05,0.00105031,0.0473196
88290,LOX,48,3,0,0,0.000563422,0.00181775,0.309956
88300,LOX,30,3,0,0,0.000558043,0.00162386,0.343653
88310,LOX,1,3,0,0,4.356e-05,0.00107625,0.0404737
88320,LOX,5,3,0,0,0.000569133,0.00116431,0.488818
88330,LOX,0,3,0,0,4.467e-05,0.00103327,0.0432315
88340,LOX,0,3,0,0,4.5841e-05,0.00105834,0.0433143
88350,LOX,19,3,0,0,0.000572173,0.00125513,0.455869
88360,LOX,14,3,0,0,0.000543492,0.001323,0.410804
88370,LOX,25,3,0,0,0.000545852,0.00156306,0.349221
88380,LOX,3,3,5,3,4.476e-05,0.00235008,0.0190462
88390,LOX,29,3,6,3,0.000550922,0.00287799,0.191426
88400,LOX,20,3,0,0,0.000561232,0.001254,0.447555
88410,LOX,18,3,0,0,4.4641e-05,0.00142519,0.0313229
88420,LOX,1,3,0,0,4.438e-05,0.0010926,0.0406185
88430,LOX,17,3,0,0,0.000565103,0.00131954,0.428259
88440,LOX,15,3,0,0,0.000556203,0.0015297,0.363603
88450,LOX,0,3,0,0,4.451e-05,0.00108289,0.0411028
88460,LOX,2,3,0,0,4.351e-05,0.00112165,0.0387912
88470,LOX,3,3,0,0,4.444e-05,0.00112085,0.0396487
88480,LOX,13,3,0,0,0.000552372,0.00126615,0.436262
88490,LOX,1,3,0,0,4.359e-05,0.00107463,0.040563
88500,LOX,2,3,0,0,5.0531e-05,0.00112883,0.0447642
88510,LOX,11,3,0,0,4.3961e-05,0.0012959,0.0339232
88520,LOX,2,3,0,0,4.769e-05,0.00116013,0.0411076
88530,LOX,35,3,8,3,0.000566703,0.00285867,0.19824
88540,LOX,26,3,1,3,0.000549523,0.00255062,0.215447
88550,LOX,1,3,2,3,4.3921e-05,0.00221182,0.0198574
88560,LOX,23,3,0,0,0.000543493,0.00126808,0.428597
88570,LOX,1,3,0,0,4.514e-05,0.00115688,0.0390189
88580,LOX,18,4,0,0,4.321e-05,0.00157815,0.0273802
88590,LOX,0,3,0,0,4.473e-05,0.00105728,0.0423069
88600,LOX,0,3,2,3,4.525e-05,0.0021948,0.0206169
88610,LOX,8,3,0,0,0.000548673,0.00120863,0.453964
88620,LOX,0,3,0,0,4.6031e-05,0.00104345,0.0441141
88630,LOX,29,3,0,0,0.000553673,0.00154371,0.358665
88640,LOX,0,3,0,0,4.55e-05,0.00105568,0.0431004
88650,LOX,0,3,0,0,4.551e-05,0.00107851,0.0421969
88660,LOX,1,3,0,0,4.558e-05,0.00106478,0.0428072
88670,LOX,1,3,0,0,4.586e-05,0.0011121,0.0412371
88680,LOX,1,3,0,0,4.3811e-05,0.00108658,0.0403199
88690,LOX,0,3,0,0,4.541e-05,0.00105803,0.0429192
88700,LOX,47,5,8,3,0.000544932,0.00336192,0.16209
88710,LOX,15,3,1,3,0.000558003,0.00291698,0.191295
88720,LOX,6,3,1,3,0.000557012,0.00226935,0.24545
88730,LOX,4,3,0,0,4.588e-05,0.00113204,0.0405287
88740,LOX,1,3,2,3,4.454e-05,0.00214145,0.020799
88750,LOX,2,3,0,0,4.441e-05,0.00112637,0.0394277
88760,LOX,7,3,0,0,4.486e-05,0.00115248,0.0389249
88770,LOX,1,3,0,0,4.463e-05,0.00108252,0.0412281
88780,LOX,41,3,11,3,0.000566682,0.00291293,0.19454
88790,LOX,1,3,2,3,4.5021e-05,0.002169,0.0207566
88800,LOX,43,4,0,0,0.000556292,0.001915,0.290492
88810,LOX,28,3,0,0,0.000552203,0.00142297,0.388065
88820,LOX,0,3,0,0,4.245e-05,0.00102962,0.041229
88830,LOX,15,3,0,0,0.000573533,0.00128941,0.444804
88840,LOX,3,3,0,0,4.472e-05,0.00108478,0.0412251
88850,LOX,30,3,0,0,0.000557583,0.00154378,0.361181
88860,LOX,33,3,0,0,0.000547882,0.00203368,0.269404
88870,LOX,15,3,0,0,0.000557513,0.0013224,0.421593
88880,LOX,10,3,0,0,4.556e-05,0.00125773,0.0362241
88890,LOX,17,4,0,0,4.4381e-05,0.00192648,0.0230374
88900,LOX,0,3,0,0,4.3071e-05,0.00107479,0.0400737
88910,LOX,5,3,8,3,4.368e-05,0.00237206,0.0184144
88920,LOX,32,3,0,0,0.000535233,0.00163691,0.326978
88930,LOX,2,3,9,3,4.49e-05,0.00227902,0.0197014
88940,LOX,8,3,0,0,4.3901e-05,0.00124072,0.0353836
88950,LOX,1,3,0,0,4.3931e-05,0.00111703,0.0393282
88960,LOX,30,3,0,0,0.000546893,0.00152793,0.357931
88970,LOX,0,3,13,4,4.505e-05,0.00256284,0.0175781
88980,LOX,0,3,1,3,4.929e-05,0.0021322,0.023117
88990,LOX,1,3,0,0,4.3801e-05,0.00106435,0.0411526
89000,LOX,0,3,0,0,4.573e-05,0.0010843,0.0421749
89010,LOX,7,3,0,0,4.4981e-05,0.00114272,0.0393633
89020,LOX,1,3,0,0,4.447e-05,0.00103907,0.0427981
89030,LOX,0,3,0,0,4.624e-05,0.00104949,0.0440593
89040,LOX,2,3,0,0,4.482e-05,0.00105835,0.0423487
89050,LOX,0,3,0,0,4.441e-05,0.00108749,0.0408373
89060,LOX,21,3,0,0,0.000562722,0.00143256,0.39281
89070,LOX,2,3,0,0,4.358e-05,0.00109887,0.0396591
89080,LOX,2,3,0,0,4.486e-05,0.0010892,0.041186
89090,LOX,3,3,0,0,4.715e-05,0.00111315,0.0423574
89100,LOX,1,3,0,0,4.5391e-05,0.00108621,0.0417886
89110,LOX,3,3,0,0,4.3671e-05,0.00106084,0.0411662
89120,LOX,19,3,0,0,0.000552232,0.00134131,0.411712
89130,LOX,6,3,0,0,4.505e-05,0.00115347,0.0390562
89140,LOX,1,3,0,0,4.63e-05,0.00111418,0.041555
89150,LOX,16,3,0,0,0.000549202,0.00172943,0.317563
89160,LOX,15,3,0,0,0.000566542,0.00125437,0.451656
89170,LOX,0,3,0,0,4.5191e-05,0.00106489,0.042437
89180,LOX,15,3,0,0,0.000557083,0.00135267,0.411841
89190,LOX,0,3,0,0,4.414e-05,0.00104889,0.0420828
89200,LOX,12,3,1,3,0.000580523,0.00264376,0.219582
89210,LOX,1,3,0,0,4.5831e-05,0.00109851,0.0417209
89220,LOX,7,3,0,0,4.482e-05,0.00132037,0.0339451
89230,LOX,50,3,0,0,0.000553532,0.00196614,0.281532
89240,LOX,3,3,9,3,4.448e-05,0.00237445,0.0187327
89250,LOX,19,3,2,3,0.000549283,0.00277159,0.198183
89260,LOX,0,3,0,0,5.0811e-05,0.00104077,0.0488204
89270,LOX,22,4,8,3,0.000545602,0.00288645,0.189022
89280,LOX,0,3,0,0,4.3971e-05,0.00105616,0.0416327
89290,LOX,1,3,5,3,4.492e-05,0.00223214,0.0201242
89300,LOX,24,3,0,0,0.000562723,0.00138476,0.406369
89310,LOX,17,3,0,0,0.000552893,0.00124449,0.444271
89320,LOX,18,3,5,3,0.000559052,0.0026682,0.209524
89330,LOX,0,3,0,0,4.3591e-05,0.00104148,0.0418547
89340,LOX,0,3,0,0,4.322e-05,0.00105685,0.0408953
89350,LOX,26,3,0,0,0.000559263,0.001327,0.42145
89360,LOX,0,3,0,0,4.472e-05,0.00104499,0.0427949
89370,LOX,1,3,0,0,4.372e-05,0.00107777,0.0405654
89380,LOX,7,3,0,0,0.000551173,0.00116205,0.474313
89390,LOX,24,4,0,0,0.000558123,0.00166977,0.334252
89400,LOX,15,3,0,0,4.419e-05,0.00136396,0.0323984
89410,LOX,3,3,2,3,4.4421e-05,0.00217648,0.0204096
89420,LOX,1,3,0,0,4.517e-05,0.00117216,0.0385359
89430,LOX,21,3,3,3,0.000534513,0.00272304,0.196293
89440,LOX,40,5,1,3,0.000542932,0.00333917,0.162595
89450,LOX,0,3,3,3,4.256e-05,0.00213832,0.0199035
89460,LOX,0,3,2,3,4.515e-05,0.00207376,0.021772
89470,LOX,3,3,0,0,4.411e-05,0.00110823,0.0398024
89480,LOX,12,3,13,3,4.4241e-05,0.00249286,0.0177471
89490,LOX,29,5,0,0,0.000560143,0.00205726,0.272276
89500,LOX,1,3,0,0,4.351e-05,0.0010906,0.0398953
89510,LOX,1,3,0,0,4.486e-05,0.00111126,0.0403684
89520,LOX,3,3,0,0,4.55e-05,0.00111951,0.0406429
89530,LOX,0,3,0,0,4.3151e-05,0.00106805,0.0404019
89540,LOX,1,3,0,0,4.422e-05,0.00106715,0.0414377
89550,LOX,1,3,0,0,4.418e-05,0.00111257,0.03971
89560,LOX,0,3,0,0,4.4571e-05,0.00101293,0.0440019
89570,LOX,0,3,0,0,4.2981e-05,0.00104639,0.0410754
89580,LOX,0,3,0,0,4.467e-05,0.00106143,0.0420845
89590,LOX,0,3,0,0,4.58e-05,0.00106762,0.042899
89600,LOX,44,3,0,0,0.000546263,0.00155788,0.350646
89610,LOX,4,3,1,3,4.46e-05,0.0021646,0.0206043
89620,LOX,11,4,1,3,0.000543932,0.00282386,0.19262
89630,LOX,0,3,3,3,4.677e-05,0.00207792,0.0225081
89640,LOX,4,3,0,0,4.475e-05,0.0011614,0.0385312
89650,LOX,2,3,0,0,4.617e-05,0.0011022,0.0418888
89660,LOX,11,3,0,0,0.000540532,0.00134943,0.400564
89670,LOX,2,3,0,0,4.748e-05,0.00108879,0.0436082
89680,LOX,1,3,0,0,4.438e-05,0.00109971,0.0403563
89690,LOX,1,3,1,3,4.393e-05,0.00211888,0.0207327
89700,LOX,0,3,7,3,4.56e-05,0.00227263,0.0200649
89710,LOX,0,3,0,0,4.3961e-05,0.00106072,0.0414443
89720,LOX,15,3,0,0,0.000559982,0.00136734,0.409542
89730,LOX,0,3,0,0,4.4741e-05,0.0010681,0.0418886
89740,LOX,20,4,0,0,0.000548303,0.00188615,0.2907
89750,LOX,25,4,0,0,0.000553353,0.00186579,0.296579
89760,LOX,3,3,0,0,4.308e-05,0.00112545,0.0382782
89770,LOX,0,3,0,0,4.3111e-05,0.00103454,0.0416719
89780,LOX,0,3,0,0,5.028e-05,0.00105861,0.0474965
89790,LOX,45,4,0,0,0.000562883,0.00197317,0.285269
89800,LOX,43,4,0,0,0.000908944,0.00225754,0.402626
89810,LOX,2,3,0,0,4.431e-05,0.00107459,0.0412345
89820,LOX,0,3,0,0,4.382e-05,0.00104989,0.0417375
89830,LOX,2,3,4,3,4.426e-05,0.00217711,0.0203297
89840,LOX,8,3,0,0,4.511e-05,0.00129892,0.034729
89850,LOX,5,3,2,3,4.369e-05,0.0022276,0.019613
89860,LOX,53,4,9,3,0.000552913,0.00358299,0.154316
89870,LOX,1,3,1,3,4.545e-05,0.00213737,0.0212645
89880,LOX,0,3,0,0,4.37e-05,0.00106241,0.0411327
89890,LOX,8,3,10,3,0.000541863,0.00248741,0.217842
89900,LOX,1,3,2,3,4.448e-05,0.00212441,0.0209376
89910,LOX,3,3,0,0,4.393e-05,0.00109642,0.0400669
89920,LOX,1,3,0,0,4.552e-05,0.00108997,0.0417628
89930,LOX,1,3,0,0,4.431e-05,0.00108219,0.0409449
89940,LOX,38,3,0,0,0.000567923,0.00173918,0.326547
89950,LOX,19,3,0,0,0.000553303,0.00136296,0.405958
89960,LOX,7,3,0,0,0.000557992,0.00116464,0.479113
89970,LOX,6,3,0,0,4.3511e-05,0.00109997,0.0395564
89980,LOX,2,3,0,0,4.479e-05,0.00109938,0.0407413
89990,LOX,1,3,0,0,4.365e-05,0.00112998,0.0386292
90000,LOX,5,3,0,0,4.366e-05,0.00123496,0.0353535
90010,LOX,1,3,0,0,4.471e-05,0.00107547,0.0415723
90020,LOX,2,3,7,3,4.453e-05,0.00225452,0.0197514
90030,LOX,18,3,0,0,4.455e-05,0.0014312,0.0311278
90040,LOX,25,3,0,0,0.000557022,0.00143388,0.388473
90050,LOX,1,3,0,0,4.346e-05,0.00112711,0.0385586
90060,LOX,17,3,7,3,0.000548463,0.00270136,0.203032
90070,LOX,34,3,0,0,0.000547752,0.00161512,0.339141
90080,LOX,1,3,0,0,4.385e-05,0.00108449,0.0404339
90090,LOX,11,4,0,0,4.503e-05,0.00150251,0.0299699
90100,LOX,0,3,0,0,5.082e-05,0.0010685,0.0475622
90110,LOX,16,3,0,0,0.000551633,0.00142864,0.386125
90120,LOX,3,3,0,0,4.442e-05,0.00127516,0.034835
90130,LOX,0,3,0,0,4.5391e-05,0.0010505,0.0432087
90140,LOX,27,3,0,0,0.000552813,0.00132998,0.415656
90150,LOX,1,3,0,0,4.3691e-05,0.00108727,0.0401839
90160,LOX,0,3,0,0,4.383e-05,0.00106384,0.0411996
90170,LOX,9,3,0,0,0.000540043,0.00122327,0.441476
90180,LOX,0,3,0,0,4.443e-05,0.00104832,0.0423819
90190,LOX,5,3,0,0,4.43e-05,0.00112039,0.03954
90200,LOX,4,3,0,0,4.567e-05,0.00115315,0.0396044
90210,LOX,1,3,0,0,4.4471e-05,0.00109527,0.0406026
90220,LOX,11,3,12,3,4.544e-05,0.0025598,0.0177514
90230,LOX,0,3,0,0,4.415e-05,0.00106259,0.0415492
90240,LOX,0,3,0,0,4.29e-05,0.00103404,0.0414876
90250,LOX,0,3,0,0,4.306e-05,0.00106557,0.0404105
90260,LOX,0,3,7,3,4.394e-05,0.00223343,0.0196738
90270,LOX,20,3,7,3,0.000544663,0.00248411,0.219259
90280,LOX,35,4,0,0,0.000571223,0.00194938,0.293028
90290,LOX,1,3,0,0,4.49e-05,0.00107176,0.0418935
90300,LOX,1,3,1,3,4.564e-05,0.00216652,0.021066
90310,LOX,1,3,0,0,4.465e-05,0.00107303,0.0416113
90320,LOX,56,4,0,0,0.000565823,0.00199251,0.283975
90330,LOX,7,3,0,0,0.000539802,0.00121655,0.443717
90340,LOX,19,3,0,0,4.396e-05,0.00146328,0.0300422
90350,LOX,2,3,0,0,4.522e-05,0.00112802,0.0400881
90360,LOX,1,3,0,0,4.361e-05,0.00109721,0.0397461
90370,LOX,31,4,0,0,0.000547473,0.00203593,0.268906
90380,LOX,4,3,0,0,4.526e-05,0.0012108,0.0373801
90390,LOX,41,4,0,0,0.000542322,0.00188359,0.287919
90400,LOX,21,3,0,0,0.000546283,0.00135558,0.402989
90410,LOX,46,3,0,0,0.000542823,0.00159451,0.340433
90420,LOX,31,3,0,0,0.000546733,0.0016605,0.329258
90430,LOX,0,3,1,3,4.497e-05,0.00213116,0.0211012
90440,LOX,9,3,0,0,0.000535302,0.00120322,0.444893
90450,LOX,1,3,2,3,4.438e-05,0.00220719,0.020107
90460,LOX,0,3,12,3,4.293e-05,0.00221769,0.019358
90470,LOX,8,3,4,3,4.303e-05,0.0022814,0.0188612
90480,LOX,2,3,9,3,4.361e-05,0.00229816,0.0189761
90490,LOX,19,3,0,0,0.000551712,0.00144138,0.382767
90500,LOX,18,3,0,0,0.000566523,0.00136412,0.415304
90510,LOX,0,3,0,0,4.452e-05,0.00105805,0.0420776
90520,LOX,4,3,0,0,5.045e-05,0.00110618,0.0456072
90530,LOX,17,3,0,0,0.000574863,0.00137019,0.419551
90540,LOX,16,3,0,0,0.000547123,0.0015167,0.360733
90550,LOX,0,3,0,0,4.3751e-05,0.00107153,0.0408302
90560,LOX,16,3,0,0,0.000551012,0.00143836,0.383084
90570,LOX,35,3,0,0,0.000557992,0.00170571,0.327132
90580,LOX,1,3,0,0,4.493e-05,0.00107512,0.0417905
90590,LOX,7,3,0,0,0.000550253,0.00121887,0.451447
90600,LOX,16,3,0,0,4.5111e-05,0.0014858,0.0303615
90610,LOX,31,3,10,3,0.000553753,0.00275065,0.201317
90620,LOX,9,3,2,3,0.000550273,0.00244942,0.224654
90630,LOX,1,3,0,0,4.6631e-05,0.00107591,0.0433412
90640,LOX,0,3,1,3,4.3041e-05,0.00208953,0.0205984
90650,LOX,25,4,0,0,0.000550402,0.00181198,0.303758
90660,LOX,12,3,0,0,0.000544372,0.00114731,0.474478
90670,LOX,57,3,1,3,0.000542603,0.00278737,0.194665
90680,LOX,1,3,0,0,4.5521e-05,0.0010881,0.0418355
90690,LOX,19,3,12,3,0.000566583,0.00242505,0.233638
90700,LOX,0,3,0,0,4.528e-05,0.00107771,0.0420148
90710,LOX,32,4,0,0,0.000567173,0.00193266,0.293468
90720,LOX,36,3,0,0,0.000565123,0.00152915,0.369567
90730,LOX,1,3,0,0,4.463e-05,0.00112396,0.039708
90740,LOX,0,3,0,0,4.572e-05,0.00106511,0.0429253
90750,LOX,0,3,0,0,4.423e-05,0.0010783,0.0410181
90760,LOX,1,3,0,0,4.402e-05,0.00107887,0.0408018
90770,LOX,6,3,0,0,4.3861e-05,0.00111802,0.0392308
90780,LOX,16,3,0,0,0.000549473,0.00128436,0.42782
90790,LOX,11,3,0,0,4.408e-05,0.00135163,0.0326125
90800,LOX,22,3,0,0,0.000564943,0.00154049,0.36673
90810,LOX,16,3,0,0,0.000560982,0.00134199,0.418023
90820,LOX,1,3,0,0,4.3131e-05,0.00106525,0.0404893
90830,LOX,0,3,0,0,4.507e-05,0.0010486,0.0429809
90840,LOX,1,3,0,0,4.424e-05,0.00108036,0.0409495
90850,LOX,0,3,0,0,4.324e-05,0.00103998,0.0415779
90860,LOX,20,3,0,0,0.000552422,0.00152351,0.362599
90870,LOX,0,3,0,0,4.469e-05,0.00105872,0.0422115
90880,LOX,0,3,0,0,4.437e-05,0.00104943,0.0422803
90890,LOX,0,3,0,0,4.427e-05,0.00105261,0.0420576
90900,LOX,7,4,0,0,4.544e-05,0.00144258,0.0314992
90910,LOX,0,3,0,0,4.4031e-05,0.0010381,0.0424148
90920,LOX,1,3,0,0,4.408e-05,0.00106579,0.0413592
90930,LOX,2,3,1,3,4.44e-05,0.00211615,0.0209815
90940,LOX,12,3,0,0,4.457e-05,0.00135674,0.0328509
90950,LOX,0,3,1,3,4.4151e-05,0.00216374,0.0204049
90960,LOX,0,3,12,3,4.485e-05,0.00232248,0.0193112
90970,LOX,6,3,0,0,4.434e-05,0.00114887,0.0385943
90980,LOX,0,3,0,0,4.4981e-05,0.00104485,0.04305
90990,LOX,0,3,0,0,4.4381e-05,0.00102792,0.0431754
91000,LOX,0,3,6,3,4.47e-05,0.00219474,0.0203669
91010,LOX,32,3,0,0,0.000544662,0.00173408,0.314093
91020,LOX,8,3,0,0,0.000549633,0.0012984,0.423317
91030,LOX,33,3,0,0,0.000551462,0.00170948,0.322591
91040,LOX,22,3,0,0,0.000556753,0.00133082,0.418355
91050,LOX,4,3,0,0,4.518e-05,0.00111373,0.0405666
91060,LOX,1,3,0,0,4.443e-05,0.00107219,0.0414384
91070,LOX,12,3,0,0,0.000553283,0.00126232,0.438308
91080,LOX,64,4,0,0,0.000564623,0.00232699,0.242641
91090,LOX,10,3,0,0,4.636e-05,0.00117931,0.0393113
91100,LOX,11,3,0,0,4.5011e-05,0.00134299,0.0335156
91110,LOX,9,3,0,0,0.000550703,0.00117162,0.470034
91120,LOX,1,3,0,0,4.468e-05,0.00105842,0.0422137
91130,LOX,0,3,0,0,4.3311e-05,0.00105203,0.0411688
91140,LOX,26,3,0,0,0.000548943,0.00137144,0.400269
91150,LOX,0,3,1,3,4.452e-05,0.00215726,0.0206373
91160,LOX,27,4,0,0,0.000570602,0.0018916,0.301651
91170,LOX,36,5,6,3,0.000559803,0.00388871,0.143956
91180,LOX,1,3,2,3,4.431e-05,0.00214828,0.0206258
91190,LOX,21,3,7,3,0.000542693,0.0025222,0.215166
91200,LOX,0,3,9,3,4.394e-05,0.00224489,0.0195733
91210,LOX,7,3,0,0,4.45e-05,0.00121471,0.0366341
91220,LOX,5,3,0,0,4.533e-05,0.00111509,0.0406516
91230,LOX,1,3,0,0,4.496e-05,0.00106591,0.0421797
91240,LOX,2,3,0,0,4.649e-05,0.00118451,0.0392484
91250,LOX,3,3,0,0,4.399e-05,0.00111655,0.039398
91260,LOX,1,3,0,0,4.475e-05,0.00109603,0.0408294
91270,LOX,3,3,0,0,4.355e-05,0.00106788,0.0407815
91280,LOX,13,3,0,0,0.000564962,0.00128558,0.439462
91290,LOX,9,3,0,0,4.4901e-05,0.00129071,0.0347879
91300,LOX,13,3,0,0,0.000543112,0.00132484,0.409946
91310,LOX,3,3,2,3,4.363e-05,0.0023107,0.0188817
91320,LOX,0,3,0,0,4.536e-05,0.00105945,0.0428149
91330,LOX,2,3,4,3,4.484e-05,0.00229285,0.0195564
91340,LOX,12,3,5,3,4.4401e-05,0.00234253,0.0189543
91350,LOX,11,3,0,0,0.000550192,0.0014301,0.384724
91360,LOX,11,3,0,0,0.000541393,0.00132745,0.407846
91370,LOX,23,3,9,3,0.000568053,0.00267473,0.212377
91380,LOX,0,3,0,0,4.368e-05,0.00105762,0.0413005
91390,LOX,6,3,7,3,4.429e-05,0.00238518,0.0185688
91400,LOX,31,3,3,3,0.000540762,0.00272545,0.198412
91410,LOX,39,3,0,0,0.000551882,0.0018601,0.296695
91420,LOX,6,3,0,0,4.479e-05,0.00114577,0.0390918
91430,LOX,2,3,0,0,4.6381e-05,0.00109629,0.0423074
91440,LOX,3,3,0,0,4.402e-05,0.00111644,0.0394291
91450,LOX,4,3,0,0,4.625e-05,0.00117078,0.0395037
91460,LOX,26,3,0,0,0.000566642,0.00167519,0.338256
91470,LOX,26,3,0,0,0.000557873,0.00133596,0.417583
91480,LOX,0,3,0,0,4.412e-05,0.00106451,0.0414465
91490,LOX,2,3,0,0,4.37e-05,0.00110824,0.039432
91500,LOX,5,3,0,0,4.361e-05,0.00112656,0.0387109
91510,LOX,16,3,0,0,0.000552793,0.00146476,0.377396
91520,LOX,6,3,0,0,4.464e-05,0.00116589,0.0382882
91530,LOX,3,3,8,3,4.4291e-05,0.00225532,0.0196385
91540,LOX,1,3,2,3,4.472e-05,0.00212449,0.0210498
91550,LOX,2,3,0,0,4.4711e-05,0.00113518,0.0393868
91560,LOX,3,3,0,0,4.417e-05,0.00105422,0.0418985
91570,LOX,1,3,0,0,4.405e-05,0.00108701,0.0405238
91580,LOX,2,3,1,3,4.307e-05,0.00211949,0.0203209
91590,LOX,37,4,0,0,0.000549023,0.00208784,0.262962
91600,LOX,3,3,0,0,4.478e-05,0.00112908,0.0396604
91610,LOX,0,3,0,0,4.5011e-05,0.00106281,0.0423507
91620,LOX,8,3,0,0,4.528e-05,0.00129276,0.0350259
91630,LOX,3,3,0,0,4.362e-05,0.00109748,0.0397458
91640,LOX,10,3,0,0,4.342e-05,0.00125229,0.0346726
91650,LOX,5,3,0,0,4.367e-05,0.00126055,0.0346437
91660,LOX,27,3,0,0,0.000539613,0.00189203,0.285203
91670,LOX,6,3,0,0,4.406e-05,0.00132501,0.0332527
91680,LOX,1,3,0,0,4.467e-05,0.00109511,0.0407906
91690,LOX,1,3,0,0,4.393e-05,0.0011314,0.0388281
91700,LOX,0,3,0,0,4.328e-05,0.00107255,0.0403526
91710,LOX,1,3,10,3,4.4e-05,0.00223516,0.0196854
91720,LOX,14,3,0,0,0.000544462,0.00121442,0.448332
91730,LOX,9,3,0,0,4.513e-05,0.00137294,0.0328712
91740,LOX,1,3,12,3,4.4501e-05,0.00225645,0.0197217
91750,LOX,8,3,0,0,4.46e-05,0.00119477,0.0373292
91760,LOX,1,3,0,0,4.616e-05,0.00107453,0.0429585
91770,LOX,7,3,3,3,0.000550532,0.00231157,0.238164
91780,LOX,1,3,0,0,4.599e-05,0.00109063,0.0421681
91790,LOX,1,3,9,3,4.497e-05,0.00223157,0.0201517
91800,LOX,16,3,1,3,4.43e-05,0.00264876,0.0167248
91810,LOX,2,3,0,0,4.398e-05,0.0010976,0.0400694
91820,LOX,2,3,0,0,4.499e-05,0.0011088,0.0405756
91830,LOX,0,3,0,0,4.315e-05,0.00104528,0.0412806
91840,LOX,19,3,0,0,0.000543472,0.00127033,0.427821
91850,LOX,19,3,0,0,0.000556933,0.00143174,0.388991
91860,LOX,39,3,0,0,0.000563102,0.00177182,0.31781
91870,LOX,7,3,3,3,4.498e-05,0.0023736,0.0189501
91880,LOX,2,3,0,0,4.5691e-05,0.00112999,0.0404351
91890,LOX,5,3,4,3,4.499e-05,0.00225349,0.0199646
91900,LOX,16,3,1,3,0.000558722,0.00264042,0.211603
91910,LOX,28,3,1,3,0.000541473,0.00256515,0.211088
91920,LOX,8,3,2,3,4.5191e-05,0.00225822,0.0200118
91930,LOX,65,4,0,0,0.000558533,0.00259048,0.21561
91940,LOX,3,3,0,0,4.4481e-05,0.00110866,0.0401216
91950,LOX,1,3,0,0,4.338e-05,0.00111594,0.0388732
91960,LOX,20,3,3,3,0.000566993,0.00263688,0.215024
91970,LOX,0,3,7,3,4.389e-05,0.00215006,0.0204134
91980,LOX,13,3,0,0,0.000549053,0.00115121,0.476934
91990,LOX,1,3,0,0,4.397e-05,0.00113354,0.0387898
92000,LOX,0,3,0,0,4.418e-05,0.00108062,0.0408841
92010,LOX,9,3,5,3,4.544e-05,0.00240837,0.0188675
92020,LOX,12,3,0,0,0.000554432,0.00129205,0.429112
92030,LOX,8,3,0,0,0.000558823,0.00145927,0.382948
92040,LOX,1,3,0,0,4.472e-05,0.00105072,0.0425611
92050,LOX,12,3,0,0,0.000539053,0.00134614,0.400445
92060,LOX,0,3,0,0,4.456e-05,0.00104291,0.0427268
92070,LOX,9,3,0,0,4.28e-05,0.0012348,0.0346616
92080,LOX,14,3,0,0,0.000561912,0.0012493,0.449783
92090,LOX,0,3,0,0,4.341e-05,0.00104775,0.0414318
92100,LOX,3,3,0,0,4.5711e-05,0.00116314,0.0392995
92110,LOX,10,3,3,3,4.509e-05,0.00250538,0.0179973
92120,LOX,1,3,0,0,4.458e-05,0.00108461,0.0411021
92130,LOX,0,3,0,0,5.143e-05,0.00105751,0.0486329
92140,LOX,5,3,0,0,4.453e-05,0.00123902,0.0359398
92150,LOX,9,3,1,3,4.834e-05,0.0023668,0.0204242
92160,LOX,32,3,0,0,0.000562943,0.00168549,0.333994
92170,LOX,30,4,0,0,0.000553913,0.0020959,0.264284
92180,LOX,19,3,0,0,4.438e-05,0.00121073,0.0366557
92190,LOX,1,3,9,3,4.276e-05,0.00221508,0.019304
92200,LOX,19,3,0,0,0.000540733,0.00144255,0.374846
92210,LOX,1,3,0,0,4.406e-05,0.00106866,0.041229
92220,LOX,1,3,0,0,4.333e-05,0.00108766,0.039838
92230,LOX,9,3,0,0,4.669e-05,0.00140281,0.0332833
92240,LOX,3,3,0,0,4.469e-05,0.00115353,0.0387421
92250,LOX,12,3,0,0,0.000549892,0.00125243,0.439061
92260,LOX,27,4,0,0,0.000551422,0.00180129,0.306126
92270,LOX,15,3,0,0,0.000552042,0.00124242,0.444329
92280,LOX,3,3,0,0,4.4161e-05,0.00108336,0.0407628
92290,LOX,5,3,0,0,4.4491e-05,0.00115192,0.0386235
92300,LOX,21,3,0,0,0.000565533,0.00142854,0.395883
92310,LOX,7,3,0,0,0.000557903,0.00116048,0.480754
92320,LOX,34,3,9,3,4.4401e-05,0.00274107,0.0161984
92330,LOX,38,4,0,0,0.000566773,0.00202766,0.279521
92340,LOX,1,3,2,3,4.3531e-05,0.0021297,0.02044
92350,LOX,1,3,2,3,4.406e-05,0.00217261,0.0202798
92360,LOX,52,5,0,0,0.000560473,0.00217641,0.257522
92370,LOX,1,3,1,3,4.521e-05,0.00217425,0.0207934
92380,LOX,19,3,1,3,0.000552813,0.00259826,0.212763
92390,LOX,16,3,2,3,4.566e-05,0.00264642,0.0172535
92400,LOX,0,3,2,3,4.451e-05,0.00213588,0.0208392
92410,LOX,2,3,0,0,4.462e-05,0.00108044,0.0412982
92420,LOX,28,4,0,0,0.000558702,0.00150061,0.372317
92430,LOX,20,3,0,0,0.000535402,0.00135286,0.395757
92440,LOX,2,3,0,0,4.557e-05,0.00114616,0.039759
92450,LOX,0,3,0,0,4.451e-05,0.00108034,0.0411998
92460,LOX,5,3,0,0,4.348e-05,0.00110389,0.0393881
92470,LOX,1,3,0,0,4.588e-05,0.00108449,0.0423054
92480,LOX,1,3,0,0,4.556e-05,0.00108055,0.0421635
92490,LOX,11,3,0,0,0.000563193,0.00126544,0.445058
92500,LOX,0,3,0,0,4.385e-05,0.00107172,0.0409153
92510,LOX,1,3,0,0,4.536e-05,0.00108884,0.0416588
92520,LOX,1,3,0,0,4.497e-05,0.00107869,0.0416893
92530,LOX,48,3,0,0,0.000551383,0.00180249,0.305901
92540,LOX,30,3,0,0,0.000560143,0.00142969,0.391794
92550,LOX,12,3,0,0,0.000536103,0.00127875,0.419241
92560,LOX,36,3,0,0,0.000541983,0.00145852,0.371599
92570,LOX,1,3,0,0,4.367e-05,0.00106134,0.0411463
92580,LOX,28,3,0,0,0.000553592,0.00149753,0.369671
92590,LOX,1,3,0,0,4.442e-05,0.00110548,0.0401818
92600,LOX,1,3,1,3,4.637e-05,0.00217829,0.0212873
92610,LOX,0,3,0,0,4.4121e-05,0.00103299,0.0427118
92620,LOX,4,3,0,0,4.5641e-05,0.00122452,0.0372724
92630,LOX,0,3,2,3,4.51e-05,0.00213055,0.0211682
92640,LOX,18,4,0,0,0.000550952,0.00186108,0.296039
92650,LOX,1,3,3,3,4.353e-05,0.00218862,0.0198892
92660,LOX,32,3,0,0,0.000553252,0.00171032,0.323479
92670,LOX,1,3,0,0,4.425e-05,0.00106941,0.0413781
92680,LOX,15,3,0,0,0.000555792,0.00175691,0.316347
92690,LOX,3,3,5,3,4.353e-05,0.00221529,0.0196498
92700,LOX,34,3,8,3,0.000570883,0.00250682,0.227732
92710,LOX,7,3,0,0,4.436e-05,0.00111716,0.039708
92720,LOX,3,3,0,0,4.488e-05,0.00112597,0.0398591
92730,LOX,0,3,0,0,4.4211e-05,0.00106117,0.0416623
92740,LOX,1,3,0,0,4.328e-05,0.00107562,0.0402371
92750,LOX,1,3,0,0,4.494e-05,0.00108088,0.0415774
92760,LOX,0,3,0,0,4.471e-05,0.00105631,0.0423268
92770,LOX,16,3,0,0,0.000557593,0.0012541,0.444614
92780,LOX,1,3,0,0,4.486e-05,0.00110137,0.0407309
92790,LOX,0,3,0,0,4.582e-05,0.00105558,0.0434076
92800,LOX,11,3,7,3,4.4791e-05,0.00249662,0.0179406
92810,LOX,15,3,1,3,0.000562192,0.00236635,0.237578
92820,LOX,40,3,0,0,0.000547533,0.00188364,0.290678
92830,LOX,1,3,4,3,4.4191e-05,0.00217684,0.0203005
92840,LOX,0,3,0,0,4.479e-05,0.00106248,0.0421559
92850,LOX,2,3,2,3,4.432e-05,0.00217646,0.0203633
92860,LOX,1,3,5,3,4.319e-05,0.00234692,0.0184028
92870,LOX,3,3,0,0,4.534e-05,0.00106868,0.0424264
92880,LOX,0,3,1,3,4.666e-05,0.00212572,0.0219502
92890,LOX,7,3,7,3,0.000551923,0.00228649,0.241384
92900,LOX,20,5,8,3,0.000541083,0.00300055,0.180328
92910,LOX,1,3,0,0,4.406e-05,0.00109648,0.0401829
92920,LOX,0,3,0,0,4.341e-05,0.0010467,0.041473
92930,LOX,2,3,0,0,4.467e-05,0.00111845,0.0399394
92940,LOX,2,3,0,0,4.48e-05,0.00108997,0.0411019
92950,LOX,0,3,0,0,4.444e-05,0.00105279,0.0422118
92960,LOX,0,3,0,0,4.2931e-05,0.00104233,0.0411874
92970,LOX,9,3,0,0,4.412e-05,0.00115934,0.038056
92980,LOX,42,3,0,0,0.000552332,0.00188037,0.293736
92990,LOX,30,3,0,0,0.000558923,0.00137663,0.406009
93000,LOX,6,3,0,0,0.000554783,0.00127771,0.434202
93010,LOX,0,3,1,3,4.386e-05,0.0020843,0.021043
93020,LOX,14,3,0,0,5.069e-05,0.00128928,0.0393166
93030,LOX,2,3,0,0,4.4351e-05,0.00114068,0.0388814
93040,LOX,0,3,6,3,4.3401e-05,0.00222104,0.0195408
93050,LOX,23,3,0,0,0.000555013,0.00155104,0.357834
93060,LOX,2,3,0,0,4.45e-05,0.00108587,0.0409812
93070,LOX,2,3,0,0,4.57e-05,0.00110378,0.041403
93080,LOX,2,3,3,3,5.278e-05,0.00215233,0.0245223
93090,LOX,8,3,11,3,4.473e-05,0.00233648,0.0191442
93100,LOX,4,3,0,0,4.457e-05,0.00135054,0.0330017
93110,LOX,14,3,0,0,0.000559712,0.00125512,0.445944
93120,LOX,0,3,0,0,4.915e-05,0.00105561,0.0465605
93130,LOX,5,3,0,0,4.463e-05,0.00121612,0.0366988
93140,LOX,0,3,0,0,4.2581e-05,0.00102614,0.0414961
93150,LOX,1,3,0,0,4.505e-05,0.00109669,0.0410783
93160,LOX,0,3,0,0,4.4571e-05,0.00106291,0.0419332
93170,LOX,1,3,0,0,4.333e-05,0.0011098,0.0390429
93180,LOX,0,3,0,0,4.38e-05,0.00106453,0.0411447
93190,LOX,25,3,0,0,0.000565502,0.00145914,0.387559
93200,LOX,0,3,0,0,4.6211e-05,0.00108054,0.0427668
93210,LOX,1,3,0,0,4.489e-05,0.00106922,0.0419841
93220,LOX,1,3,0,0,4.3861e-05,0.00107039,0.0409768
93230,LOX,0,3,0,0,4.431e-05,0.00106434,0.0416316
93240,LOX,3,3,0,0,4.368e-05,0.00118531,0.036851
93250,LOX,84,6,9,3,0.000529702,0.00438583,0.120776
93260,LOX,2,3,0,0,4.5e-05,0.00113179,0.0397602
93270,LOX,24,3,2,3,0.000550443,0.00242923,0.226591
93280,LOX,8,3,0,0,5.1351e-05,0.00112805,0.0455217
93290,LOX,7,3,3,3,4.429e-05,0.00223257,0.0198381
93300,LOX,8,3,1,3,4.423e-05,0.00255915,0.0172831
93310,LOX,12,3,0,0,4.4061e-05,0.0013054,0.033753
93320,LOX,6,3,0,0,4.31e-05,0.0011536,0.0373615
93330,LOX,31,3,0,0,0.000569883,0.00161708,0.352415
93340,LOX,3,3,0,0,4.3231e-05,0.00113237,0.0381773
93350,LOX,28,4,0,0,0.000548742,0.00186314,0.294526
93360,LOX,1,3,0,0,4.453e-05,0.0010624,0.0419147
93370,LOX,13,3,0,0,0.000561222,0.00127253,0.44103
93380,LOX,0,3,0,0,4.514e-05,0.00103922,0.0434362
93390,LOX,1,3,0,0,4.384e-05,0.00109658,0.039979
93400,LOX,4,3,0,0,4.462e-05,0.00116387,0.0383375
93410,LOX,12,3,1,3,0.000556202,0.00238042,0.233657
93420,LOX,4,3,0,0,4.51e-05,0.00114803,0.0392849
93430,LOX,17,3,3,3,4.3791e-05,0.00271677,0.0161188
93440,LOX,21,4,0,0,0.000560582,0.00171502,0.326867
93450,LOX,1,3,8,3,4.534e-05,0.0022302,0.02033
93460,LOX,22,3,0,0,5.246e-05,0.00133496,0.0392972
93470,LOX,1,3,1,3,4.645e-05,0.00214364,0.0216688
93480,LOX,2,3,2,3,4.412e-05,0.00215672,0.020457
93490,LOX,0,3,0,0,4.586e-05,0.00102605,0.0446955
93500,LOX,13,3,9,3,4.549e-05,0.00246287,0.0184703
93510,LOX,16,3,0,0,0.000555183,0.00144199,0.385012
93520,LOX,1,3,0,0,4.984e-05,0.0011014,0.0452513
93530,LOX,40,3,0,0,0.000553043,0.00147926,0.373865
93540,LOX,2,3,0,0,4.568e-05,0.00110681,0.0412716
93550,LOX,1,3,0,0,4.32e-05,0.00112458,0.0384145
93560,LOX,1,3,0,0,4.943e-05,0.00107599,0.0459389
93570,LOX,1,3,0,0,4.379e-05,0.00108772,0.0402587
93580,LOX,0,3,0,0,4.499e-05,0.00104715,0.042964
93590,LOX,6,3,0,0,0.000545222,0.00118921,0.458476
93600,LOX,2,3,0,0,4.551e-05,0.00108972,0.0417628
93610,LOX,3,3,0,0,4.47e-05,0.00108881,0.0410538
93620,LOX,8,3,0,0,4.448e-05,0.00120078,0.0370427
93630,LOX,15,3,0,0,4.486e-05,0.00153789,0.0291699
93640,LOX,3,3,10,3,4.94e-05,0.0023355,0.0211518
93650,LOX,1,3,1,3,4.489e-05,0.00217445,0.0206443
93660,LOX,0,3,0,0,4.405e-05,0.00103904,0.0423947
93670,LOX,2,3,0,0,4.564e-05,0.00113652,0.0401578
93680,LOX,2,3,0,0,4.446e-05,0.00112388,0.0395596
93690,LOX,0,3,0,0,4.494e-05,0.00106448,0.042218
93700,LOX,1,3,11,3,4.4921e-05,0.0023692,0.0189604
93710,LOX,30,3,0,0,0.000572553,0.00162934,0.351402
93720,LOX,11,3,0,0,0.000550973,0.00114214,0.482406
93730,LOX,26,3,0,0,0.000572603,0.00161066,0.355509
93740,LOX,0,3,0,0,4.445e-05,0.00103271,0.0430423
93750,LOX,26,3,0,0,0.000561193,0.00144868,0.387383
93760,LOX,1,3,0,0,4.4e-05,0.00110161,0.0399417
93770,LOX,20,3,0,0,0.000572803,0.00149486,0.383182
93780,LOX,3,3,0,0,4.4e-05,0.00113018,0.0389317
93790,LOX,1,3,0,0,4.414e-05,0.00109939,0.0401497
93800,LOX,1,3,0,0,4.613e-05,0.00106127,0.0434666
93810,LOX,1,3,0,0,4.385e-05,0.00106868,0.0410321
93820,LOX,18,3,0,0,4.462e-05,0.00132034,0.0337944
93830,LOX,1,3,5,3,4.397e-05,0.00218998,0.0200778
93840,LOX,6,3,0,0,4.5981e-05,0.00118293,0.0388706
93850,LOX,18,3,0,0,0.000542933,0.00153324,0.354109
93860,LOX,18,3,0,0,4.576e-05,0.00129256,0.0354027
93870,LOX,13,3,1,3,0.000567383,0.00232543,0.24399
93880,LOX,18,3,0,0,0.000534283,0.00142288,0.375495
93890,LOX,3,3,2,3,4.464e-05,0.00221845,0.0201221
93900,LOX,4,3,6,3,4.578e-05,0.00234123,0.0195538
93910,LOX,9,3,0,0,0.000554463,0.00123138,0.450279
93920,LOX,13,4,0,0,0.000562302,0.00152644,0.368376
93930,LOX,2,3,0,0,4.353e-05,0.0010598,0.041074
93940,LOX,0,3,0,0,4.611e-05,0.00104951,0.0439346
93950,LOX,28,4,0,0,0.000560483,0.00172226,0.325435
93960,LOX,0,3,0,0,4.459e-05,0.00104271,0.0427638
93970,LOX,1,3,0,0,4.437e-05,0.0010718,0.0413975
93980,LOX,1,3,0,0,4.296e-05,0.00105999,0.0405289
93990,LOX,12,3,0,0,0.000555153,0.00128783,0.431078
94000,LOX,17,3,0,0,0.000552503,0.00142284,0.388311
94010,LOX,3,3,0,0,4.423e-05,0.00113307,0.0390357
94020,LOX,41,5,7,3,0.000572072,0.00316524,0.180735
94030,LOX,12,3,1,3,0.000552453,0.00233305,0.236794
94040,LOX,9,3,0,0,0.000555143,0.00128241,0.432892
94050,LOX,12,3,2,3,0.000548902,0.00238641,0.230012
94060,LOX,8,3,5,3,4.396e-05,0.00233268,0.0188453
94070,LOX,34,3,10,3,0.000552593,0.00281323,0.196426
94080,LOX,25,3,2,3,0.000538942,0.002479,0.217403
94090,LOX,22,3,0,0,0.000543452,0.00155844,0.348716
94100,LOX,0,3,5,3,4.407e-05,0.00217097,0.0202997
94110,LOX,6,3,0,0,4.501e-05,0.00124991,0.0360107
94120,LOX,1,3,0,0,4.441e-05,0.00108735,0.0408422
94130,LOX,0,3,0,0,4.4031e-05,0.00101908,0.0432064
94140,LOX,0,3,0,0,4.5261e-05,0.00105192,0.0430269
94150,LOX,2,3,0,0,4.394e-05,0.00111096,0.0395512
94160,LOX,0,3,1,3,4.502e-05,0.00212923,0.0211438
94170,LOX,1,3,0,0,4.471e-05,0.00107354,0.0416471
94180,LOX,4,3,0,0,4.446e-05,0.00110088,0.0403861
94190,LOX,2,3,0,0,4.288e-05,0.0011257,0.038092
94200,LOX,4,3,0,0,4.3841e-05,0.00110537,0.039662
94210,LOX,0,3,0,0,4.3401e-05,0.00105634,0.0410864
94220,LOX,15,3,0,0,4.361e-05,0.00135018,0.0322995
94230,LOX,1,3,0,0,4.422e-05,0.00107219,0.0412429
94240,LOX,19,3,0,0,0.000548673,0.00168355,0.325903
94250,LOX,9,3,0,0,0.000543583,0.00128232,0.423907
94260,LOX,8,3,0,0,0.000553393,0.00145204,0.381115
94270,LOX,1,3,0,0,4.445e-05,0.00104565,0.0425092
94280,LOX,26,4,0,0,0.000565103,0.00181035,0.312151
94290,LOX,18,3,0,0,0.000544782,0.00135713,0.401423
94300,LOX,0,3,0,0,4.438e-05,0.00106995,0.0414788
94310,LOX,1,3,0,0,4.435e-05,0.00107003,0.0414476
94320,LOX,30,3,3,3,0.000565552,0.00256989,0.220068
94330,LOX,0,3,8,3,4.438e-05,0.00221517,0.0200346
94340,LOX,35,3,0,0,0.000549583,0.00193177,0.284497
94350,LOX,9,3,0,0,4.454e-05,0.00134223,0.0331837
94360,LOX,15,3,7,3,4.485e-05,0.00269051,0.0166697
94370,LOX,1,3,0,0,4.428e-05,0.00107752,0.0410942
94380,LOX,1,3,10,3,4.32e-05,0.00220396,0.0196011
94390,LOX,19,3,5,3,0.000567373,0.00268609,0.211226
94400,LOX,7,3,0,0,4.3041e-05,0.00124466,0.0345806
94410,LOX,1,3,0,0,4.49e-05,0.00107095,0.0419252
94420,LOX,9,3,0,0,4.399e-05,0.0011791,0.037308
94430,LOX,51,5,0,0,0.000547173,0.00235739,0.23211
94440,LOX,4,3,0,0,4.365e-05,0.0011151,0.0391446
94450,LOX,14,3,0,0,4.9981e-05,0.00139325,0.0358738
94460,LOX,1,3,0,0,4.503e-05,0.00109929,0.0409626
94470,LOX,20,4,0,0,0.000548012,0.00191962,0.28548
94480,LOX,1,3,0,0,4.321e-05,0.00110841,0.0389836
94490,LOX,0,3,2,3,4.3241e-05,0.00215972,0.0200216
94500,LOX,1,3,0,0,4.402e-05,0.00109458,0.0402162
94510,LOX,26,3,0,0,0.000551633,0.00159184,0.346539
94520,LOX,8,3,0,0,4.464e-05,0.00124605,0.0358253
94530,LOX,18,3,6,3,0.000552603,0.00262373,0.210617
94540,LOX,1,3,0,0,4.337e-05,0.00110867,0.0391188
94550,LOX,19,3,0,0,0.000559583,0.00124699,0.448748
94560,LOX,0,3,0,0,4.818e-05,0.0010571,0.0455777
94570,LOX,2,3,1,3,4.5031e-05,0.00217119,0.0207402
94580,LOX,0,3,2,3,4.42e-05,0.00213331,0.020719
94590,LOX,0,3,6,3,4.292e-05,0.00211381,0.0203046
94600,LOX,1,3,1,3,4.402e-05,0.00220521,0.0199618
94610,LOX,25,4,0,0,0.000559162,0.00160906,0.347509
94620,LOX,19,3,0,0,0.000553093,0.00143334,0.385878
94630,LOX,1,3,0,0,4.514e-05,0.00108282,0.0416873
94640,LOX,1,3,0,0,4.326e-05,0.00124168,0.03484
94650,LOX,16,3,0,0,0.000557832,0.00139065,0.401132
94660,LOX,33,3,0,0,0.000556062,0.00136069,0.408663
94670,LOX,18,3,0,0,0.000554472,0.00143605,0.38611
94680,LOX,14,3,0,0,0.000548733,0.00134126,0.409119
94690,LOX,32,4,0,0,0.000540843,0.00171169,0.315971
94700,LOX,1,3,0,0,4.304e-05,0.00111312,0.0386662
94710,LOX,28,3,2,3,0.000573033,0.00277631,0.206401
94720,LOX,7,3,0,0,0.000539913,0.00124258,0.434511
94730,LOX,1,3,0,0,4.4841e-05,0.00107292,0.0417936
94740,LOX,1,3,7,3,4.352e-05,0.00216313,0.020119
94750,LOX,1,3,5,3,4.3081e-05,0.0022523,0.0191276
94760,LOX,3,3,2,3,4.536e-05,0.00219259,0.0206879
94770,LOX,23,3,0,0,0.000567403,0.0013014,0.435996
94780,LOX,31,3,1,3,0.000566822,0.00271798,0.208545
94790,LOX,8,3,9,3,0.000545343,0.00237068,0.230037
94800,LOX,7,3,9,3,0.000544212,0.00238366,0.228309
94810,LOX,8,3,0,0,4.36e-05,0.00143959,0.0302865
94820,LOX,44,3,0,0,0.000546272,0.00178737,0.305629
94830,LOX,2,3,0,0,4.4731e-05,0.00114909,0.0389272
94840,LOX,0,3,0,0,4.356e-05,0.00105974,0.0411042
94850,LOX,24,3,0,0,0.000565723,0.00151617,0.373127
94860,LOX,4,3,0,0,4.555e-05,0.00107741,0.0422771
94870,LOX,2,3,0,0,4.414e-05,0.00108581,0.0406515
94880,LOX,15,3,0,0,4.56e-05,0.00125422,0.0363574
94890,LOX,12,3,0,0,0.000559172,0.00125761,0.444632
94900,LOX,0,3,0,0,4.36e-05,0.00106935,0.0407722
94910,LOX,23,4,6,3,0.000539703,0.00323351,0.16691
94920,LOX,41,4,0,0,0.000563973,0.00220715,0.255521
94930,LOX,0,3,12,3,4.501e-05,0.0022399,0.0200946
94940,LOX,1,3,2,3,4.379e-05,0.00213969,0.0204656
94950,LOX,21,3,3,3,0.000559202,0.0024249,0.230608
94960,LOX,13,3,2,3,0.000565533,0.00225349,0.250959
94970,LOX,20,3,6,3,0.000551943,0.00261058,0.211425
94980,LOX,0,3,0,0,4.406e-05,0.00102107,0.043151
94990,LOX,26,4,0,0,0.000554403,0.00173878,0.318846
95000,LOX,19,3,1,3,4.67e-05,0.00279762,0.0166927
95010,LOX,11,3,0,0,4.506e-05,0.00155877,0.0289074
95020,LOX,0,3,0,0,4.46e-05,0.00104448,0.0427009
95030,LOX,28,4,0,0,0.000552352,0.00175684,0.314401
95040,LOX,1,3,0,0,4.4031e-05,0.00105053,0.041913
95050,LOX,1,3,0,0,4.405e-05,0.00110158,0.0399878
95060,LOX,11,3,0,0,4.433e-05,0.00116032,0.0382051
95070,LOX,19,3,0,0,0.000551623,0.00158971,0.346997
95080,LOX,0,3,0,0,4.435e-05,0.00106234,0.0417473
95090,LOX,4,3,0,0,0.000564833,0.00112758,0.500927
95100,LOX,1,3,0,0,4.266e-05,0.00108336,0.0393777
95110,LOX,0,3,8,3,4.576e-05,0.0022416,0.020414
95120,LOX,0,3,0,0,4.631e-05,0.00106057,0.0436654
95130,LOX,2,3,2,3,4.4391e-05,0.00216447,0.0205089
95140,LOX,3,3,11,3,4.432e-05,0.00235139,0.0188484
95150,LOX,15,3,0,0,4.5341e-05,0.00127543,0.0355497
95160,LOX,3,3,0,0,4.511e-05,0.00108266,0.0416661
95170,LOX,12,3,0,0,4.523e-05,0.00133833,0.033796
95180,LOX,6,3,0,0,4.368e-05,0.0013676,0.0319393
95190,LOX,4,3,3,3,4.405e-05,0.0021689,0.0203098
95200,LOX,1,3,1,3,4.458e-05,0.00218722,0.020382
95210,LOX,3,3,0,0,4.388e-05,0.00111961,0.0391924
95220,LOX,7,3,0,0,4.3841e-05,0.00125224,0.0350099
95230,LOX,0,3,0,0,4.531e-05,0.00104579,0.0433259
95240,LOX,0,3,0,0,4.522e-05,0.0010539,0.0429071
95250,LOX,15,3,0,0,0.000558153,0.00139472,0.400191
95260,LOX,1,3,0,0,4.418e-05,0.00107642,0.0410433
95270,LOX,32,3,0,0,4.557e-05,0.0016863,0.0270237
95280,LOX,10,3,0,0,4.373e-05,0.00127441,0.034314
95290,LOX,7,4,0,0,4.653e-05,0.00150883,0.0308385
95300,LOX,20,3,0,0,0.000562643,0.0014784,0.380577
95310,LOX,0,3,0,0,4.498e-05,0.00104349,0.0431051
95320,LOX,9,3,0,0,0.000561692,0.00128291,0.437828
95330,LOX,5,3,0,0,4.309e-05,0.00111587,0.0386154
95340,LOX,0,3,0,0,4.427e-05,0.00106441,0.0415909
95350,LOX,9,3,0,0,4.505e-05,0.00152831,0.0294771
95360,LOX,1,3,0,0,4.368e-05,0.00109367,0.0399387
95370,LOX,25,3,0,0,0.000561672,0.00163612,0.343296
95380,LOX,24,4,0,0,0.000551362,0.00179922,0.306445
95390,LOX,4,3,7,3,4.356e-05,0.00225234,0.0193399
95400,LOX,0,3,0,0,4.384e-05,0.00105835,0.0414228
95410,LOX,16,4,0,0,0.000556103,0.0019419,0.286371
95420,LOX,50,4,0,0,0.000563762,0.00222088,0.253846
95430,LOX,10,3,0,0,4.506e-05,0.00147427,0.0305643
95440,LOX,2,3,0,0,4.414e-05,0.00110508,0.039943
95450,LOX,8,3,0,0,4.459e-05,0.00135361,0.0329416
95460,LOX,11,3,0,0,0.000552652,0.00117277,0.471238
95470,LOX,1,3,0,0,4.404e-05,0.00109973,0.040046
95480,LOX,16,3,0,0,4.478e-05,0.00137335,0.0326065
95490,LOX,6,3,0,0,4.403e-05,0.0011539,0.0381577
95500,LOX,0,3,0,0,4.6811e-05,0.0010823,0.0432512
95510,LOX,20,3,0,0,0.000557702,0.00143356,0.389034
95520,LOX,0,3,0,0,4.326e-05,0.00104396,0.0414382
95530,LOX,12,3,3,3,4.522e-05,0.00235884,0.0191704
95540,LOX,3,3,0,0,4.395e-05,0.00117314,0.0374637
95550,LOX,10,3,0,0,4.408e-05,0.00146845,0.0300181
95560,LOX,13,3,0,0,0.000546493,0.00144535,0.378105
95570,LOX,19,3,3,3,0.000548482,0.00268346,0.204393
95580,LOX,23,3,1,3,0.00138572,0.00239317,0.57903
95590,LOX,8,3,0,0,5.0891e-05,0.00113105,0.0449943
95600,LOX,23,3,0,0,0.000548893,0.00148011,0.370847
95610,LOX,14,3,0,0,0.000562832,0.00129675,0.434034
95620,LOX,5,3,0,0,4.381e-05,0.00125695,0.0348543
95630,LOX,18,3,0,0,0.000552543,0.0016333,0.338299
95640,LOX,7,3,0,0,4.4701e-05,0.00125277,0.0356819
95650,LOX,0,3,0,0,4.3821e-05,0.0010704,0.0409391
95660,LOX,28,3,0,0,0.000558702,0.00142521,0.392015
95670,LOX,37,4,0,0,0.000553442,0.00183943,0.300877
95680,LOX,2,3,0,0,4.424e-05,0.00108022,0.0409548
95690,LOX,0,3,0,0,4.514e-05,0.00106561,0.0423609
95700,LOX,7,3,0,0,4.526e-05,0.00125415,0.0360883
95710,LOX,1,3,5,3,4.465e-05,0.00221423,0.020165
95720,LOX,30,3,1,3,0.000565443,0.0028717,0.196902
95730,LOX,1,3,0,0,4.3511e-05,0.00110337,0.0394345
95740,LOX,2,3,0,0,4.6191e-05,0.00120283,0.0384018
95750,LOX,0,3,1,3,4.419e-05,0.00215329,0.0205221
95760,LOX,0,3,0,0,4.4301e-05,0.00105696,0.0419138
95770,LOX,0,3,0,0,4.99e-05,0.0010542,0.0473342
95780,LOX,1,3,0,0,4.449e-05,0.00108861,0.0408688
95790,LOX,20,3,11,3,4.596e-05,0.00288692,0.0159201
95800,LOX,2,3,11,3,4.5531e-05,0.0022651,0.0201011
95810,LOX,2,3,0,0,5.149e-05,0.00106933,0.0481519
95820,LOX,14,3,0,0,0.000547262,0.00128804,0.424881
95830,LOX,28,3,4,3,0.000563962,0.00287845,0.195925
95840,LOX,1,3,0,0,5.041e-05,0.00107466,0.0469081
95850,LOX,2,3,0,0,4.449e-05,0.00111194,0.0400113
95860,LOX,2,3,0,0,4.454e-05,0.0011048,0.0403148
95870,LOX,12,3,0,0,0.000570983,0.00130892,0.436226
95880,LOX,0,3,0,0,4.4e-05,0.00105834,0.0415747
95890,LOX,4,3,9,3,4.489e-05,0.00230366,0.0194864
95900,LOX,21,3,0,0,0.000575362,0.00137694,0.417857
95910,LOX,26,3,4,3,0.000549913,0.00259801,0.211667
95920,LOX,18,3,0,0,0.000561623,0.00142353,0.394529
95930,LOX,28,3,0,0,0.000558193,0.00164604,0.339113
95940,LOX,5,3,0,0,0.000555963,0.00112589,0.493801
95950,LOX,0,3,0,0,4.336e-05,0.00107492,0.0403381
95960,LOX,27,3,0,0,0.000551183,0.00152455,0.361539
95970,LOX,19,3,18,4,0.000554202,0.0028582,0.193899
95980,LOX,19,4,0,0,0.000560923,0.00162649,0.344868
95990,LOX,1,3,0,0,4.42e-05,0.00106928,0.041336
96000,LOX,0,3,0,0,4.405e-05,0.00109956,0.0400617
96010,LOX,24,3,0,0,0.000563862,0.00162892,0.346157
96020,LOX,28,3,0,0,0.000549603,0.00168743,0.325705
96030,LOX,0,3,0,0,4.454e-05,0.00104448,0.0426434
96040,LOX,0,3,0,0,4.509e-05,0.00106327,0.0424071
96050,LOX,9,4,0,0,4.424e-05,0.00160205,0.0276147
96060,LOX,0,3,0,0,4.4041e-05,0.001044,0.0421847
96070,LOX,10,3,0,0,4.373e-05,0.00114285,0.0382641
96080,LOX,6,3,0,0,4.449e-05,0.0010977,0.0405304
96090,LOX,52,3,0,0,0.000561613,0.00205362,0.273475
96100,LOX,21,3,0,0,0.000553212,0.00166997,0.331271
96110,LOX,2,3,0,0,4.438e-05,0.00107417,0.0413154
96120,LOX,31,4,0,0,0.000534272,0.00197126,0.271031
96130,LOX,19,4,0,0,0.000550992,0.00163274,0.337465
96140,LOX,9,3,0,0,4.4151e-05,0.00121874,0.0362269
96150,LOX,24,3,0,0,0.000528552,0.00144455,0.365895
96160,LOX,25,3,0,0,0.000563312,0.00159411,0.353371
96170,LOX,14,3,0,0,0.000556173,0.00137209,0.405348
96180,LOX,0,3,0,0,4.417e-05,0.00107391,0.0411299
96190,LOX,26,3,0,0,0.000555403,0.00165267,0.336064
96200,LOX,0,3,0,0,4.365e-05,0.0010662,0.04094
96210,LOX,0,3,0,0,4.371e-05,0.00107742,0.0405689
96220,LOX,0,3,1,3,4.391e-05,0.00214639,0.0204576
96230,LOX,19,3,0,0,0.000550153,0.00130085,0.422919
96240,LOX,13,3,1,3,4.392e-05,0.00246215,0.0178381
96250,LOX,23,5,1,3,0.000541223,0.00297182,0.182118
96260,LOX,21,3,1,3,0.000546642,0.00242541,0.225381
96270,LOX,6,3,2,3,4.3791e-05,0.00219719,0.0199305
96280,LOX,0,3,0,0,4.355e-05,0.0010344,0.0421015
96290,LOX,38,3,0,0,0.000567292,0.0015966,0.355313
96300,LOX,2,3,0,0,4.427e-05,0.0012032,0.0367934
96310,LOX,1,3,0,0,4.432e-05,0.00109304,0.0405476
96320,LOX,11,3,0,0,4.267e-05,0.00141438,0.0301688
96330,LOX,1,3,0,0,4.383e-05,0.00107913,0.0406162
96340,LOX,11,3,0,0,0.000571122,0.00124545,0.458568
96350,LOX,2,3,0,0,4.47e-05,0.00108687,0.0411275
96360,LOX,14,3,0,0,4.367e-05,0.00135969,0.0321177
96370,LOX,17,3,0,0,4.9891e-05,0.00135811,0.0367357
96380,LOX,0,3,0,0,4.348e-05,0.00104605,0.0415661
96390,LOX,1,3,0,0,4.455e-05,0.0010769,0.0413689
96400,LOX,0,3,0,0,4.4351e-05,0.00108698,0.0408022
96410,LOX,24,3,0,0,0.000546613,0.00134021,0.407857
96420,LOX,33,3,9,3,0.000548213,0.00282032,0.19438
96430,LOX,0,3,6,3,4.213e-05,0.00224358,0.018778
96440,LOX,0,3,9,3,4.413e-05,0.0021874,0.0201746
96450,LOX,3,3,0,0,4.483e-05,0.00109626,0.0408934
96460,LOX,6,3,0,0,4.448e-05,0.00120209,0.0370023
96470,LOX,22,3,0,0,0.000549853,0.00145669,0.377468
96480,LOX,12,3,0,0,4.491e-05,0.00126666,0.0354556
96490,LOX,38,4,6,3,0.000548933,0.00332145,0.165269
96500,LOX,1,3,0,0,4.525e-05,0.00111374,0.0406287
96510,LOX,5,3,7,3,4.551e-05,0.00224815,0.0202433
96520,LOX,3,3,0,0,4.353e-05,0.0010692,0.0407125
96530,LOX,5,3,0,0,0.000553492,0.0010985,0.503863
96540,LOX,0,3,0,0,4.412e-05,0.00105358,0.0418761
96550,LOX,1,3,0,0,5.028e-05,0.00108154,0.0464891
96560,LOX,3,3,0,0,4.372e-05,0.00117121,0.0373291
96570,LOX,0,3,0,0,4.245e-05,0.00105831,0.0401113
96580,LOX,3,3,0,0,4.447e-05,0.00117482,0.0378528
96590,LOX,1,3,0,0,4.4021e-05,0.00111935,0.0393275
96600,LOX,11,3,0,0,0.000543483,0.00129533,0.419572
96610,LOX,1,3,0,0,4.322e-05,0.00109071,0.0396254
96620,LOX,3,3,2,3,4.3071e-05,0.00214349,0.0200939
96630,LOX,53,5,0,0,0.000551702,0.00236779,0.233003
96640,LOX,1,3,0,0,4.2581e-05,0.00109319,0.038951
96650,LOX,9,3,0,0,4.501e-05,0.00135132,0.0333083
96660,LOX,2,3,0,0,4.427e-05,0.00116146,0.0381157
96670,LOX,7,3,9,3,0.000557053,0.00236328,0.235712
96680,LOX,5,3,7,3,0.000548662,0.00230609,0.237919
96690,LOX,0,3,8,3,4.345e-05,0.00220078,0.019743
96700,LOX,2,3,4,3,4.377e-05,0.00222467,0.0196748
96710,LOX,13,3,0,0,0.000545242,0.00129804,0.420052
96720,LOX,11,3,0,0,4.475e-05,0.00128002,0.0349605
96730,LOX,20,3,0,0,0.000572792,0.00154359,0.371078
96740,LOX,22,3,0,0,0.000539662,0.00134264,0.401942
96750,LOX,0,3,0,0,4.3121e-05,0.00107799,0.0400011
96760,LOX,0,3,0,0,4.229e-05,0.00105481,0.0400923
96770,LOX,18,3,0,0,0.000556772,0.00122188,0.45567
96780,LOX,0,3,0,0,4.429e-05,0.00103882,0.0426351
96790,LOX,16,3,0,0,0.000554043,0.00150215,0.368834
96800,LOX,16,3,0,0,0.000553972,0.00131581,0.421013
96810,LOX,1,3,1,3,4.4001e-05,0.00215431,0.0204246
96820,LOX,40,3,0,0,0.000562472,0.00151826,0.370472
96830,LOX,1,3,5,3,4.431e-05,0.00226903,0.0195282
96840,LOX,1,3,0,0,4.557e-05,0.00110431,0.0412658
96850,LOX,6,3,3,3,4.441e-05,0.00231461,0.0191868
96860,LOX,10,3,0,0,0.000553883,0.00118524,0.467315
96870,LOX,0,3,7,3,5.254e-05,0.00218957,0.0239956
96880,LOX,4,3,0,0,4.439e-05,0.00112312,0.0395237
96890,LOX,24,3,0,0,0.000544073,0.00176566,0.308142
96900,LOX,0,3,1,3,4.439e-05,0.00214975,0.0206489
96910,LOX,1,3,0,0,4.432e-05,0.00105334,0.0420759
96920,LOX,0,3,0,0,4.387e-05,0.00104587,0.0419457
96930,LOX,7,3,0,0,4.494e-05,0.00115409,0.0389399
96940,LOX,7,3,0,0,4.561e-05,0.00123081,0.037057
96950,LOX,34,4,0,0,0.000542783,0.00237827,0.228226
96960,LOX,5,3,0,0,4.354e-05,0.00136137,0.0319826
96970,LOX,46,4,15,3,0.000558283,0.00356211,0.156728
96980,LOX,2,3,0,0,4.9061e-05,0.00109534,0.0447909
96990,LOX,31,3,0,0,0.000550832,0.00151729,0.363037
97000,LOX,25,3,0,0,0.000545193,0.00138873,0.392585
97010,LOX,2,3,0,0,4.4701e-05,0.00108135,0.0413383
97020,LOX,35,3,10,3,0.000548002,0.00283136,0.193547
97030,LOX,0,3,0,0,4.412e-05,0.00103955,0.0424416
97040,LOX,4,3,10,3,5.136e-05,0.00237389,0.0216354
97050,LOX,9,3,3,3,0.000533052,0.00242877,0.219474
97060,LOX,21,3,0,0,0.000542593,0.00136903,0.396335
97070,LOX,1,3,0,0,4.462e-05,0.00108175,0.0412478
97080,LOX,1,3,2,3,4.313e-05,0.00213908,0.0201629
97090,LOX,1,3,0,0,4.399e-05,0.00108073,0.0407038
97100,LOX,0,3,4,3,4.358e-05,0.00223999,0.0194554
97110,LOX,7,3,0,0,4.297e-05,0.00127907,0.0335948
97120,LOX,31,4,0,0,0.000547123,0.00183322,0.29845
97130,LOX,28,3,0,0,0.000558812,0.00137688,0.405855
97140,LOX,0,3,0,0,4.252e-05,0.00104984,0.0405016
97150,LOX,52,4,0,0,0.000573612,0.00181712,0.315671
97160,LOX,1,3,0,0,4.333e-05,0.0010875,0.0398435
97170,LOX,21,3,0,0,0.000567883,0.0013657,0.415819
97180,LOX,27,3,0,0,0.000557172,0.00135211,0.412077
97190,LOX,0,3,0,0,4.368e-05,0.00256015,0.0170615
97200,LOX,16,3,0,0,0.000552502,0.00139173,0.39699
97210,LOX,53,3,3,3,0.000571373,0.00261281,0.218681
97220,LOX,0,3,7,3,4.2371e-05,0.00226262,0.0187265
97230,LOX,1,3,3,3,4.3211e-05,0.00217456,0.0198711
97240,LOX,8,3,4,3,4.365e-05,0.00233281,0.0187113
97250,LOX,5,3,11,3,4.336e-05,0.00250033,0.0173417
97260,LOX,0,3,0,0,4.315e-05,0.00104803,0.0411723
97270,LOX,28,3,7,3,0.000548003,0.00258992,0.211591
97280,LOX,0,3,0,0,4.447e-05,0.00104626,0.0425036
97290,LOX,7,3,1,3,4.454e-05,0.00236531,0.0188305
97300,LOX,26,3,0,0,0.000555662,0.00135521,0.41002
97310,LOX,50,3,0,0,0.000551813,0.00177743,0.310456
97320,LOX,19,3,6,3,0.000561072,0.00251608,0.222994
97330,LOX,0,3,0,0,4.383e-05,0.00104797,0.0418239
97340,LOX,1,3,0,0,4.365e-05,0.00108341,0.0402893
97350,LOX,17,3,0,0,0.000545602,0.00137025,0.398178
97360,LOX,47,3,0,0,0.000571293,0.00195019,0.292942
97370,LOX,9,3,0,0,4.3871e-05,0.00116145,0.0377728
97380,LOX,20,3,0,0,0.000558412,0.00142639,0.391487
97390,LOX,2,3,0,0,4.36e-05,0.00105485,0.0413331
97400,LOX,4,3,0,0,4.3031e-05,0.00111604,0.038557
97410,LOX,16,3,0,0,0.000543612,0.00133696,0.406604
97420,LOX,0,3,0,0,4.499e-05,0.00104743,0.0429525
97430,LOX,33,3,11,3,0.000554202,0.00309956,0.1788
97440,LOX,14,3,5,3,4.367e-05,0.00238134,0.0183384
97450,LOX,13,3,0,0,0.000557082,0.00133434,0.417498
97460,LOX,1,3,0,0,4.466e-05,0.0011412,0.0391344
97470,LOX,16,3,0,0,4.611e-05,0.00122986,0.0374922
97480,LOX,39,3,0,0,0.000537383,0.00144599,0.371638
97490,LOX,1,3,2,3,4.359e-05,0.00213803,0.0203879
97500,LOX,0,3,2,3,4.484e-05,0.00215409,0.0208162
97510,LOX,0,3,0,0,4.419e-05,0.0010552,0.0418785
97520,LOX,0,3,0,0,4.439e-05,0.00103436,0.0429152
97530,LOX,0,3,0,0,4.377e-05,0.00105648,0.0414302
97540,LOX,25,3,0,0,0.000549063,0.0016102,0.340991
97550,LOX,41,3,0,0,0.000557962,0.00196471,0.283992
97560,LOX,0,3,5,3,4.33e-05,0.00225486,0.019203
97570,LOX,2,3,0,0,4.363e-05,0.00107263,0.0406759
97580,LOX,1,3,0,0,4.372e-05,0.00108695,0.0402225
97590,LOX,5,3,0,0,4.491e-05,0.00111021,0.0404516
97600,LOX,9,3,0,0,0.000551472,0.00132736,0.415467
97610,LOX,1,3,0,0,4.4361e-05,0.00109197,0.0406249
97620,LOX,3,3,2,3,4.423e-05,0.00215077,0.0205647
97630,LOX,4,3,0,0,4.499e-05,0.00112325,0.0400536
97640,LOX,8,3,0,0,4.457e-05,0.00116121,0.0383825
97650,LOX,12,3,0,0,0.000546553,0.00129817,0.421019
97660,LOX,7,3,0,0,0.000541753,0.0012242,0.442535
97670,LOX,26,3,9,3,0.000553023,0.00270666,0.204319
97680,LOX,0,3,0,0,4.4071e-05,0.00106149,0.0415183
97690,LOX,28,3,0,0,0.000538193,0.00165433,0.325324
97700,LOX,0,3,0,0,4.4e-05,0.00105875,0.0415582
97710,LOX,20,3,0,0,0.000545432,0.00146288,0.372849
97720,LOX,8,3,0,0,0.000559512,0.00117649,0.475579
97730,LOX,1,3,0,0,4.438e-05,0.00106575,0.0416422
97740,LOX,0,3,0,0,4.255e-05,0.00105601,0.0402934
97750,LOX,0,3,0,0,4.506e-05,0.0010612,0.0424612
97760,LOX,35,3,0,0,0.000563872,0.0017142,0.328942
97770,LOX,3,3,0,0,4.3781e-05,0.00112323,0.0389776
97780,LOX,0,3,0,0,4.5291e-05,0.00104068,0.0435204
97790,LOX,0,3,0,0,4.367e-05,0.00102623,0.0425536
97800,LOX,0,3,0,0,4.396e-05,0.00108433,0.040541
97810,LOX,14,3,0,0,0.000572543,0.00116594,0.491059
97820,LOX,0,3,0,0,4.433e-05,0.001044,0.0424619
97830,LOX,1,3,0,0,4.461e-05,0.00107052,0.0416711
97840,LOX,17,3,0,0,0.000540333,0.00129324,0.417815
97850,LOX,3,3,6,3,0.000550362,0.00245337,0.224329
97860,LOX,42,4,0,0,0.000568452,0.00190501,0.298399
97870,LOX,3,3,0,0,4.3371e-05,0.00112294,0.0386226
97880,LOX,0,3,0,0,4.412e-05,0.00106675,0.0413591
97890,LOX,24,3,0,0,0.000575762,0.00162088,0.355216
97900,LOX,18,5,0,0,0.000559202,0.00187192,0.298732
97910,LOX,4,3,3,3,4.442e-05,0.00219463,0.0202403
97920,LOX,18,3,2,3,0.000529042,0.00240659,0.21983
97930,LOX,0,3,2,3,4.468e-05,0.00206336,0.021654
97940,LOX,30,3,0,0,0.000565973,0.00138941,0.407349
97950,LOX,1,3,0,0,4.358e-05,0.00110557,0.0394184
97960,LOX,3,3,0,0,4.418e-05,0.00122154,0.0361676
97970,LOX,2,3,9,3,4.381e-05,0.00230334,0.0190202
97980,LOX,16,3,0,0,0.000564453,0.00146342,0.385709
97990,LOX,37,3,0,0,0.000561823,0.00166472,0.337488
98000,LOX,20,3,0,0,0.000561413,0.00168887,0.33242
98010,LOX,0,3,0,0,4.3591e-05,0.00104548,0.0416946
98020,LOX,1,3,0,0,4.5721e-05,0.00107902,0.0423729
98030,LOX,36,3,0,0,0.000568542,0.00155155,0.366436
98040,LOX,1,3,0,0,4.4281e-05,0.00106763,0.0414758
98050,LOX,18,3,0,0,0.000549902,0.00139173,0.395122
98060,LOX,11,3,0,0,4.55e-05,0.00134289,0.0338822
98070,LOX,1,3,0,0,4.391e-05,0.00107533,0.0408342
98080,LOX,21,3,0,0,0.000562702,0.00150939,0.372802
98090,LOX,0,3,0,0,4.35e-05,0.00107248,0.0405604
98100,LOX,1,3,0,0,4.422e-05,0.00109771,0.0402837
98110,LOX,3,3,2,3,4.374e-05,0.00218741,0.0199962
98120,LOX,20,4,0,0,0.000563113,0.0018527,0.303942
98130,LOX,6,3,0,0,4.601e-05,0.00113157,0.0406601
98140,LOX,1,3,2,3,4.41e-05,0.00218635,0.0201706
98150,LOX,0,3,0,0,4.5101e-05,0.00106974,0.0421609
98160,LOX,1,3,0,0,4.408e-05,0.00107766,0.0409036
98170,LOX,18,3,0,0,0.000541842,0.00135594,0.399607
98180,LOX,1,3,0,0,4.566e-05,0.00108784,0.0419733
98190,LOX,21,3,0,0,4.41e-05,0.00158003,0.0279109
98200,LOX,27,3,13,3,0.000547633,0.00322688,0.16971
98210,LOX,17,3,0,0,0.000552563,0.00126698,0.436124
98220,LOX,0,3,0,0,4.464e-05,0.00105357,0.04237
98230,LOX,21,3,0,0,0.000556532,0.00121554,0.457849
98240,LOX,2,3,0,0,4.348e-05,0.00109928,0.039553
98250,LOX,15,3,0,0,0.000563813,0.00128042,0.440336
98260,LOX,7,3,0,0,4.421e-05,0.00123836,0.0357006
98270,LOX,0,3,0,0,4.5681e-05,0.00103436,0.0441634
98280,LOX,0,3,0,0,4.417e-05,0.00105768,0.0417614
98290,LOX,0,3,0,0,4.3571e-05,0.00105736,0.0412075
98300,LOX,1,3,0,0,5.018e-05,0.00119586,0.0419616
98310,LOX,17,3,0,0,0.000539693,0.00152049,0.354947
98320,LOX,2,3,0,0,4.4871e-05,0.00108603,0.0413163
98330,LOX,15,3,1,3,0.000555312,0.0028264,0.196473
98340,LOX,8,3,6,3,0.000529282,0.00238561,0.221864
98350,LOX,3,3,11,3,4.6371e-05,0.00229371,0.0202166
98360,LOX,41,3,0,0,0.000558053,0.00164397,0.339455
98370,LOX,7,3,2,3,4.567e-05,0.00217678,0.0209805
98380,LOX,69,5,0,0,0.000546133,0.00284659,0.191855
98390,LOX,2,3,10,3,4.26e-05,0.00261041,0.0163193
98400,LOX,27,3,0,0,0.000549663,0.00158141,0.347578
98410,LOX,52,4,0,0,0.000546543,0.00208796,0.261759
98420,LOX,8,3,0,0,4.374e-05,0.00121591,0.0359732
98430,LOX,1,3,0,0,4.413e-05,0.00106595,0.0413999
98440,LOX,59,3,0,0,0.000574293,0.00190621,0.301275
98450,LOX,54,3,0,0,0.000556542,0.00200199,0.277995
98460,LOX,1,3,0,0,4.358e-05,0.00108135,0.0403013
98470,LOX,7,3,0,0,4.4891e-05,0.001245,0.0360569
98480,LOX,3,3,0,0,4.367e-05,0.00112187,0.0389263
98490,LOX,1,3,0,0,4.377e-05,0.00108435,0.040365
98500,LOX,17,3,0,0,4.408e-05,0.00121174,0.0363773
98510,LOX,0,3,3,3,4.448e-05,0.00208817,0.0213009
98520,LOX,17,3,23,3,0.000546193,0.00277452,0.19686
98530,LOX,1,3,1,3,4.49e-05,0.00212391,0.0211403
98540,LOX,1,3,0,0,4.367e-05,0.00107572,0.0405963
98550,LOX,0,3,2,3,4.526e-05,0.00221673,0.0204175
98560,LOX,6,3,0,0,4.3961e-05,0.00115453,0.0380768
98570,LOX,22,5,2,3,0.000546462,0.00301356,0.181334
98580,LOX,2,3,5,3,4.459e-05,0.00238028,0.0187331
98590,LOX,3,3,2,3,4.406e-05,0.00225191,0.0195656
98600,LOX,15,3,3,3,0.000556392,0.00239357,0.232453
98610,LOX,8,3,0,0,4.458e-05,0.00116719,0.0381945
98620,LOX,20,3,0,0,0.000568933,0.00143027,0.397781
98630,LOX,0,3,0,0,4.375e-05,0.00102235,0.0427934
98640,LOX,2,3,0,0,4.2471e-05,0.0011156,0.0380703
98650,LOX,0,3,0,0,4.3801e-05,0.00106287,0.0412103
98660,LOX,0,3,0,0,4.403e-05,0.00106902,0.0411871
98670,LOX,13,3,0,0,0.000564963,0.00148198,0.381223
98680,LOX,28,4,1,3,0.000537883,0.00303644,0.177142
98690,LOX,1,3,0,0,4.422e-05,0.0010942,0.0404133
98700,LOX,17,3,0,0,0.000564732,0.00125105,0.451408
98710,LOX,3,3,2,3,4.269e-05,0.0021907,0.0194869
98720,LOX,1,3,2,3,4.546e-05,0.00221463,0.0205271
98730,LOX,0,3,0,0,4.333e-05,0.00105009,0.0412633
98740,LOX,37,4,0,0,0.000575623,0.00193866,0.296918
98750,LOX,4,3,10,3,4.316e-05,0.00230664,0.0187112
98760,LOX,1,3,7,3,4.369e-05,0.00229172,0.0190643
98770,LOX,4,3,0,0,4.328e-05,0.00109665,0.0394658
98780,LOX,25,4,0,0,0.000566922,0.00169765,0.333946
98790,LOX,27,4,0,0,0.000555952,0.00164338,0.338298
98800,LOX,1,3,2,3,4.295e-05,0.0021645,0.0198429
98810,LOX,11,3,0,0,0.000568303,0.00121163,0.469042
98820,LOX,12,3,0,0,0.000554792,0.00134787,0.411608
98830,LOX,7,3,0,0,4.387e-05,0.00116628,0.0376155
98840,LOX,1,3,0,0,4.424e-05,0.00108033,0.0409506
98850,LOX,2,3,0,0,4.539e-05,0.0010941,0.041486
98860,LOX,6,3,0,0,0.000536703,0.00121717,0.440945
98870,LOX,3,3,0,0,4.438e-05,0.00123357,0.035977
98880,LOX,0,3,0,0,4.323e-05,0.00103827,0.0416368
98890,LOX,3,3,0,0,4.49e-05,0.00110816,0.0405174
98900,LOX,1,3,0,0,4.405e-05,0.00109099,0.0403764
98910,LOX,0,3,2,3,4.35e-05,0.00210321,0.0206827
98920,LOX,1,3,7,3,4.858e-05,0.00217658,0.0223194
98930,LOX,0,3,1,3,4.369e-05,0.00209437,0.0208607
98940,LOX,20,3,2,3,0.000556403,0.00237378,0.234395
98950,LOX,10,3,2,3,4.3651e-05,0.00252679,0.0172753
98960,LOX,4,3,1,3,4.333e-05,0.00221964,0.0195212
98970,LOX,12,3,22,5,0.000547893,0.00349865,0.156601
98980,LOX,0,3,0,0,4.381e-05,0.00104927,0.0417526
98990,LOX,4,3,0,0,4.43e-05,0.00117598,0.0376708
99000,LOX,50,4,1,3,0.000555123,0.00317079,0.175074
99010,LOX,32,4,0,0,0.000554613,0.00174026,0.318696
99020,LOX,9,3,0,0,0.000554953,0.00122816,0.451859
99030,LOX,37,3,0,0,0.000561732,0.00166094,0.338202
99040,LOX,7,3,0,0,0.000550012,0.00127428,0.431627
99050,LOX,49,4,0,0,0.000550192,0.00218416,0.251901
99060,LOX,0,3,0,0,4.4491e-05,0.00103863,0.0428361
99070,LOX,1,3,0,0,4.989e-05,0.00106831,0.0467001
99080,LOX,1,3,0,0,4.354e-05,0.00109184,0.0398775
99090,LOX,27,3,0,0,0.000555642,0.00151903,0.365788
99100,LOX,7,3,0,0,0.000548492,0.0013998,0.391837
99110,LOX,1,3,0,0,4.2981e-05,0.00106199,0.040472
99120,LOX,1,3,1,3,4.465e-05,0.00210425,0.021219
99130,LOX,0,3,0,0,4.377e-05,0.00105423,0.0415183
99140,LOX,1,3,1,3,4.389e-05,0.00212237,0.0206797
99150,LOX,1,3,0,0,4.393e-05,0.00107795,0.0407535
99160,LOX,1,3,2,3,4.412e-05,0.00216194,0.0204076
99170,LOX,1,3,6,3,4.2751e-05,0.00215187,0.0198669
99180,LOX,1,3,11,3,4.316e-05,0.00231152,0.0186717
99190,LOX,0,3,6,3,4.338e-05,0.00220073,0.0197116
99200,LOX,2,3,1,3,4.311e-05,0.00219003,0.0196847
99210,LOX,36,3,0,0,0.000575842,0.0017527,0.328546
99220,LOX,1,3,0,0,4.343e-05,0.00106898,0.0406273
99230,LOX,6,3,0,0,4.514e-05,0.00116205,0.0388453
99240,LOX,16,3,0,0,0.000554723,0.00130806,0.424082
99250,LOX,1,3,0,0,4.3561e-05,0.00113287,0.0384521
99260,LOX,7,3,0,0,0.000562032,0.001112,0.505422
99270,LOX,2,3,0,0,4.407e-05,0.00110228,0.0399806
99280,LOX,1,3,0,0,4.423e-05,0.00108023,0.0409448
99290,LOX,1,3,0,0,4.156e-05,0.00107321,0.0387251
99300,LOX,19,3,0,0,4.439e-05,0.00146045,0.0303948
99310,LOX,0,3,2,3,4.387e-05,0.00214785,0.0204251
99320,LOX,0,3,0,0,4.515e-05,0.00107011,0.0421917
99330,LOX,17,3,0,0,0.000550823,0.00149365,0.368777
99340,LOX,36,4,0,0,0.000542913,0.00182195,0.297985
99350,LOX,1,3,9,3,4.2731e-05,0.00226542,0.0188623
99360,LOX,9,3,0,0,4.3901e-05,0.00117744,0.0372853
99370,LOX,0,3,0,0,4.474e-05,0.00102239,0.0437604
99380,LOX,19,3,6,3,0.000563583,0.0028957,0.194628
99390,LOX,1,3,0,0,4.499e-05,0.00107101,0.0420072
99400,LOX,36,4,6,3,0.000551813,0.00304483,0.18123
99410,LOX,0,3,0,0,4.396e-05,0.0010455,0.0420471
99420,LOX,14,3,0,0,0.000552593,0.00131467,0.42033
99430,LOX,7,3,0,0,4.291e-05,0.00125217,0.0342686
99440,LOX,41,4,0,0,0.000551353,0.00179604,0.306983
99450,LOX,19,3,0,0,0.000560103,0.00126863,0.441503
99460,LOX,15,3,0,0,0.000542833,0.00136297,0.398273
99470,LOX,1,3,0,0,4.4271e-05,0.00109118,0.0405719
99480,LOX,12,3,0,0,0.000555513,0.00127707,0.434992
99490,LOX,2,3,0,0,4.297e-05,0.00105516,0.0407238
99500,LOX,15,3,7,3,0.000558603,0.00257683,0.216779
99510,LOX,1,3,0,0,4.3361e-05,0.00107785,0.0402293
99520,LOX,29,6,0,0,0.000556503,0.00242401,0.229579
99530,LOX,7,3,0,0,4.4991e-05,0.00126261,0.0356334
99540,LOX,16,3,0,0,0.000548383,0.00131306,0.417639
99550,LOX,1,3,0,0,4.358e-05,0.00107932,0.0403774
99560,LOX,3,3,0,0,5.091e-05,0.00113934,0.0446839
99570,LOX,1,3,0,0,4.4941e-05,0.00107864,0.0416647
99580,LOX,30,3,0,0,0.000554073,0.00144895,0.382397
99590,LOX,19,4,0,0,4.367e-05,0.00174988,0.024956
99600,LOX,1,3,0,0,4.888e-05,0.00108561,0.0450255
99610,LOX,16,3,0,0,0.000553622,0.00136252,0.406323
99620,LOX,1,3,0,0,4.377e-05,0.00110197,0.0397199
99630,LOX,38,3,0,0,0.000563993,0.00161876,0.348411
99640,LOX,1,3,3,3,4.513e-05,0.00218919,0.0206149
99650,LOX,0,3,11,3,4.468e-05,0.00221966,0.0201292
99660,LOX,13,3,0,0,0.000561493,0.00115043,0.488074
99670,LOX,3,3,0,0,4.412e-05,0.00120573,0.0365921
99680,LOX,46,3,11,3,0.000564583,0.00301591,0.187202
99690,LOX,29,3,0,0,0.000544463,0.00143318,0.379899
99700,LOX,1,3,0,0,4.349e-05,0.00110205,0.039463
99710,LOX,18,3,0,0,0.000545013,0.00131927,0.413118
99720,LOX,23,4,0,0,0.000550893,0.00177095,0.311072
99730,LOX,19,3,0,0,0.000557883,0.00145832,0.382553
99740,LOX,10,3,0,0,0.000547992,0.00119195,0.459745
99750,LOX,9,3,0,0,4.282e-05,0.00129296,0.0331179
99760,LOX,0,3,0,0,4.375e-05,0.00105368,0.0415213
99770,LOX,16,3,0,0,0.000556472,0.00139861,0.397876
99780,LOX,1,3,0,0,4.928e-05,0.00107659,0.0457743
99790,LOX,0,3,0,0,4.349e-05,0.00105646,0.0411656
99800,LOX,51,3,0,0,0.000554593,0.00196984,0.281542
99810,LOX,50,4,0,0,0.000557562,0.00213399,0.261277
99820,LOX,16,3,0,0,0.000544733,0.00138296,0.39389
99830,LOX,13,3,0,0,0.000552973,0.00129114,0.428284
99840,LOX,11,3,1,3,4.46e-05,0.00232144,0.0192122
99850,LOX,16,3,2,3,0.000537512,0.002359,0.227856
99860,LOX,6,3,5,3,4.675e-05,0.00248889,0.0187834
99870,LOX,11,3,0,0,4.471e-05,0.00122071,0.0366263
99880,LOX,0,3,0,0,4.6061e-05,0.00106857,0.0431054
99890,LOX,1,3,2,3,4.382e-05,0.00210812,0.0207863
99900,LOX,2,3,9,3,4.222e-05,0.00234187,0.0180283
99910,LOX,58,4,0,0,0.000542123,0.00207957,0.26069
99920,LOX,26,3,0,0,0.000547743,0.00136004,0.402741
99930,LOX,0,3,0,0,4.522e-05,0.00104758,0.0431663
99940,LOX,1,3,0,0,4.437e-05,0.00107373,0.0413234
99950,LOX,26,3,0,0,0.000554103,0.00153931,0.359969
99960,LOX,1,3,0,0,4.3381e-05,0.00107606,0.0403149
99970,LOX,0,3,0,0,4.309e-05,0.00105411,0.0408779
99980,LOX,1,3,0,0,4.216e-05,0.00107777,0.039118
99990,LOX,4,3,0,0,4.481e-05,0.00114343,0.0391892
100000,LOX,1,3,0,0,4.287e-05,0.0010876,0.0394172
100010,LOX,1,3,10,3,4.463e-05,0.00226501,0.0197041
100020,LOX,50,3,8,3,0.000577443,0.00269,0.214663
100030,LOX,0,3,0,0,4.433e-05,0.00105426,0.0420487
100040,LOX,10,3,5,3,0.000549433,0.00244712,0.224522
100050,LOX,3,3,0,0,4.326e-05,0.00119472,0.0362094
100060,LOX,12,3,0,0,0.000557112,0.0013501,0.412646
100070,LOX,6,3,11,3,4.36e-05,0.00238032,0.0183168
100080,LOX,35,3,7,3,0.000554603,0.00303343,0.182831
100090,LOX,5,3,1,3,4.526e-05,0.00228471,0.0198099
100100,LOX,1,3,1,3,4.31e-05,0.00219424,0.0196423
100110,LOX,25,3,0,0,0.000566553,0.00137031,0.41345
100120,LOX,1,3,0,0,4.451e-05,0.00109298,0.0407237
100130,LOX,32,4,0,0,0.000561002,0.0017834,0.314569
100140,LOX,0,3,0,0,4.375e-05,0.00105532,0.0414564
100150,LOX,8,3,0,0,4.4561e-05,0.00116484,0.0382552
100160,LOX,1,3,0,0,4.4381e-05,0.00105861,0.0419236
100170,LOX,9,3,0,0,0.000545713,0.00120271,0.453738
100180,LOX,11,3,0,0,4.398e-05,0.00126897,0.0346581
100190,LOX,2,3,0,0,4.3981e-05,0.00117891,0.0373066
100200,LOX,5,3,0,0,4.407e-05,0.00112765,0.0390814
100210,LOX,0,3,0,0,4.4e-05,0.00103719,0.0424225
100220,LOX,14,3,10,3,0.000544573,0.00248744,0.218929
100230,LOX,14,3,0,0,4.469e-05,0.00134969,0.0331114
100240,LOX,0,3,3,3,4.2981e-05,0.00213792,0.0201041
100250,LOX,16,3,0,0,0.000542413,0.00120116,0.451576
100260,LOX,0,3,0,0,4.4601e-05,0.00105916,0.0421096
100270,LOX,32,4,0,0,0.000554523,0.00183242,0.302618
100280,LOX,2,3,2,3,4.478e-05,0.0023848,0.0187772
100290,LOX,19,3,5,3,0.000543643,0.00286518,0.189742
100300,LOX,22,3,0,0,0.000556112,0.00157646,0.35276
100310,LOX,0,3,0,0,4.379e-05,0.00104183,0.042032
100320,LOX,1,3,0,0,4.344e-05,0.00105564,0.0411506
100330,LOX,1,3,0,0,4.498e-05,0.00107478,0.0418506
100340,LOX,1,3,0,0,4.3981e-05,0.00106478,0.0413051
100350,LOX,40,3,0,0,0.000542682,0.00165751,0.327408
100360,LOX,1,3,0,0,4.518e-05,0.00107786,0.0419162
100370,LOX,0,3,0,0,4.5581e-05,0.00106054,0.0429793
100380,LOX,3,3,0,0,4.381e-05,0.00110715,0.0395702
100390,LOX,0,3,0,0,4.477e-05,0.00105569,0.0424084
100400,LOX,13,3,0,0,0.000549933,0.00129513,0.424617
100410,LOX,12,3,1,3,0.000542503,0.0023671,0.229184
100420,LOX,0,3,0,0,4.4081e-05,0.00104812,0.0420574
100430,LOX,21,3,0,0,0.000570233,0.0014167,0.402509
100440,LOX,29,4,4,3,0.000546572,0.00278239,0.19644
100450,LOX,1,3,0,0,4.3571e-05,0.00112657,0.0386759
100460,LOX,27,3,2,3,0.000557873,0.00225811,0.247053
100470,LOX,10,3,0,0,4.392e-05,0.00124882,0.0351693
100480,LOX,32,3,3,3,0.000541783,0.00249167,0.217437
100490,LOX,36,3,0,0,0.000541153,0.00173612,0.311703
100500,LOX,0,3,0,0,4.338e-05,0.00107072,0.0405149
100510,LOX,8,3,0,0,4.638e-05,0.00116294,0.0398818
100520,LOX,26,3,0,0,0.000537103,0.00147598,0.363896
100530,LOX,0,3,0,0,4.418e-05,0.00106722,0.0413975
100540,LOX,3,3,0,0,4.4771e-05,0.0011537,0.0388066
100550,LOX,54,3,0,0,0.000552013,0.0018715,0.294958
100560,LOX,53,5,0,0,0.000540993,0.00230844,0.234354
100570,LOX,26,3,0,0,0.000540113,0.00148452,0.363831
100580,LOX,0,3,0,0,4.411e-05,0.00142011,0.031061
100590,LOX,1,3,0,0,4.336e-05,0.00109178,0.0397151
100600,LOX,8,3,0,0,0.000565893,0.00134412,0.421015
100610,LOX,0,3,0,0,4.492e-05,0.00106706,0.0420971
100620,LOX,1,3,0,0,4.411e-05,0.00105289,0.0418944
100630,LOX,21,3,0,0,0.000563613,0.00153198,0.367899
100640,LOX,31,4,1,3,0.000540193,0.00288078,0.187517
100650,LOX,1,3,4,3,4.375e-05,0.00218531,0.02002
100660,LOX,3,3,11,3,4.4021e-05,0.00224394,0.0196177
100670,LOX,9,3,11,3,0.000528603,0.00240078,0.22018
100680,LOX,37,3,2,3,0.000566173,0.00247543,0.228717
100690,LOX,0,3,0,0,4.399e-05,0.00104792,0.0419786
100700,LOX,38,3,7,3,0.000569773,0.00290823,0.195918
100710,LOX,26,3,0,0,0.000550563,0.00135671,0.405808
100720,LOX,1,3,0,0,4.329e-05,0.00107594,0.0402347
100730,LOX,1,3,0,0,4.4081e-05,0.00104476,0.0421927
100740,LOX,1,3,0,0,4.421e-05,0.00108668,0.0406837
100750,LOX,78,4,13,3,0.000552453,0.00420808,0.131284
100760,LOX,11,3,0,0,0.000558553,0.00116965,0.47754
100770,LOX,1,3,0,0,4.435e-05,0.00108139,0.0410122
100780,LOX,17,3,0,0,0.000541492,0.00131974,0.410303
100790,LOX,37,3,0,0,0.000548423,0.0019332,0.283687
100800,LOX,34,4,0,0,0.000552513,0.00196264,0.281515
100810,LOX,49,3,0,0,0.000570114,0.00171466,0.332494
100820,LOX,0,3,2,3,4.286e-05,0.00212357,0.020183
100830,LOX,31,4,13,3,0.000563633,0.00322666,0.17468
100840,LOX,27,3,0,0,0.000542653,0.0015867,0.342001
100850,LOX,2,3,9,3,4.49e-05,0.00241985,0.0185548
100860,LOX,16,3,10,3,0.000559572,0.00272829,0.2051
100870,LOX,1,3,0,0,4.4351e-05,0.00104838,0.0423045
100880,LOX,6,3,10,3,0.000558683,0.00232461,0.240334
100890,LOX,8,3,9,3,4.3821e-05,0.00244511,0.0179219
100900,LOX,40,3,12,3,0.000558263,0.00329685,0.169332
100910,LOX,8,3,3,3,0.000536072,0.0024221,0.221325
100920,LOX,15,3,0,0,0.000548623,0.00128621,0.426543
100930,LOX,39,3,0,0,0.000568143,0.00179289,0.316887
100940,LOX,0,3,0,0,4.271e-05,0.00105805,0.0403669
100950,LOX,2,3,0,0,4.375e-05,0.00110339,0.0396507
100960,LOX,9,3,0,0,0.000546813,0.00117141,0.466801
100970,LOX,2,3,0,0,4.376e-05,0.0010854,0.0403171
100980,LOX,1,3,0,0,5.228e-05,0.00108003,0.0484063
100990,LOX,0,3,0,0,4.262e-05,0.00107219,0.0397506
101000,LOX,0,3,0,0,4.3901e-05,0.00105974,0.041426
101010,LOX,37,3,5,3,0.000561303,0.00251417,0.223256
101020,LOX,1,3,0,0,4.245e-05,0.00109782,0.0386677
101030,LOX,20,3,3,3,0.000556143,0.00269336,0.206486
101040,LOX,27,4,1,3,0.000547653,0.00289733,0.18902
101050,LOX,6,3,0,0,0.000551433,0.00115568,0.477152
101060,LOX,14,3,0,0,0.000566193,0.00128805,0.439575
101070,LOX,15,3,2,3,0.000558153,0.00252394,0.221143
101080,LOX,1,3,2,3,4.976e-05,0.00214292,0.0232206
101090,LOX,15,3,0,0,0.000546383,0.00127321,0.429139
101100,LOX,0,3,0,0,4.336e-05,0.00106764,0.0406131
101110,LOX,41,3,0,0,0.000544803,0.00170066,0.320348
101120,LOX,0,3,0,0,4.377e-05,0.0010252,0.0426943
101130,LOX,0,3,0,0,4.478e-05,0.00107186,0.041778
101140,LOX,0,3,0,0,4.414e-05,0.00106528,0.0414353
101150,LOX,1,3,0,0,4.374e-05,0.00107951,0.0405185
101160,LOX,0,3,0,0,4.355e-05,0.00104807,0.0415527
101170,LOX,3,3,0,0,5.021e-05,0.00112924,0.0444637
101180,LOX,53,4,0,0,0.000552903,0.0021939,0.252018
101190,LOX,2,3,0,0,4.23e-05,0.00106502,0.0397177
101200,LOX,7,3,0,0,4.36e-05,0.00120113,0.0362993
101210,LOX,36,3,0,0,0.000560302,0.0017621,0.317974
101220,LOX,73,3,0,0,0.000560483,0.00198754,0.281998
101230,LOX,1,3,0,0,4.406e-05,0.00104975,0.0419721
101240,LOX,0,3,0,0,4.268e-05,0.00104918,0.0406796
101250,LOX,1,3,0,0,4.3861e-05,0.00109155,0.0401821
101260,LOX,35,3,0,0,0.000549673,0.00180363,0.304759
101270,LOX,1,3,0,0,4.3001e-05,0.00104999,0.0409535
101280,LOX,1,3,0,0,4.454e-05,0.00106532,0.0418092
101290,LOX,10,3,0,0,4.355e-05,0.00124512,0.0349766
101300,LOX,43,4,0,0,0.000547273,0.0020893,0.261941
101310,LOX,1,3,0,0,4.457e-05,0.00108235,0.0411791
101320,LOX,9,3,12,4,0.000560373,0.00261412,0.214364
101330,LOX,1,3,1,3,4.199e-05,0.00212935,0.0197196
101340,LOX,0,3,1,3,4.3331e-05,0.0020808,0.0208242
101350,LOX,10,3,0,0,4.355e-05,0.00133072,0.0327267
101360,LOX,6,3,0,0,4.4121e-05,0.0011193,0.0394185
101370,LOX,11,3,0,0,0.000541973,0.0013823,0.392081
101380,LOX,11,3,0,0,0.000544623,0.00118874,0.458153
101390,LOX,1,3,4,3,4.3271e-05,0.00217381,0.0199056
101400,LOX,0,3,11,3,4.379e-05,0.00224978,0.0194641
101410,LOX,1,3,0,0,4.28e-05,0.00106364,0.0402393
101420,LOX,1,3,0,0,4.3361e-05,0.00106953,0.0405419
101430,LOX,41,3,15,3,0.000533013,0.00337483,0.157938
101440,LOX,60,4,0,0,0.000551853,0.0020931,0.263653
101450,LOX,41,5,0,0,0.000557383,0.00221666,0.251452
101460,LOX,2,3,0,0,4.409e-05,0.00112113,0.0393265
101470,LOX,23,3,0,0,0.000551113,0.00138914,0.39673
101480,LOX,0,3,0,0,4.4591e-05,0.00105583,0.0422329
101490,LOX,17,3,0,0,0.000533893,0.00134266,0.397639
101500,LOX,1,3,0,0,4.331e-05,0.00108997,0.0397352
101510,LOX,0,3,6,3,4.246e-05,0.00231882,0.018311
101520,LOX,1,3,0,0,4.473e-05,0.00106903,0.0418418
101530,LOX,0,3,0,0,4.542e-05,0.00106489,0.0426521
101540,LOX,14,3,0,0,4.3541e-05,0.00124759,0.0349002
101550,LOX,28,3,0,0,0.000539482,0.00155147,0.347724
101560,LOX,0,3,8,3,4.37e-05,0.00225078,0.0194155
101570,LOX,1,3,1,3,4.532e-05,0.00213674,0.0212099
101580,LOX,1,3,1,3,4.2741e-05,0.00212704,0.0200941
101590,LOX,27,3,2,3,0.000543503,0.00261973,0.207465
101600,LOX,0,3,0,0,4.342e-05,0.00107752,0.040296
101610,LOX,17,3,0,0,4.481e-05,0.00133999,0.0334406
101620,LOX,21,3,0,0,0.000550613,0.00142558,0.386239
101630,LOX,0,3,0,0,4.597e-05,0.00104934,0.0438087
101640,LOX,7,4,0,0,4.4381e-05,0.00154387,0.0287466
101650,LOX,1,3,0,0,4.475e-05,0.00109165,0.0409931
101660,LOX,25,3,0,0,0.000568373,0.00149358,0.380545
101670,LOX,20,3,0,0,0.000544713,0.00128101,0.425223
101680,LOX,9,3,0,0,4.509e-05,0.00112444,0.0401001
101690,LOX,45,5,0,0,0.000562023,0.0022191,0.253266
101700,LOX,0,3,0,0,4.287e-05,0.00106593,0.0402186
101710,LOX,18,3,6,3,0.000558433,0.00267612,0.208672
101720,LOX,54,3,23,3,0.000556773,0.00360386,0.154494
101730,LOX,0,3,0,0,4.262e-05,0.00102363,0.0416363
101740,LOX,10,3,2,3,4.3961e-05,0.00226775,0.0193853
101750,LOX,0,3,0,0,4.407e-05,0.00107393,0.0410363
101760,LOX,13,3,0,0,0.000542153,0.00140299,0.386428
101770,LOX,12,3,1,3,4.4191e-05,0.00238299,0.0185443
101780,LOX,5,3,10,3,4.3741e-05,0.00250303,0.0174752
101790,LOX,7,3,1,3,0.000545603,0.00231252,0.235934
101800,LOX,7,3,0,0,0.000554923,0.0011921,0.465502
101810,LOX,5,3,0,0,4.283e-05,0.00117751,0.0363735
101820,LOX,0,3,0,0,4.424e-05,0.00104433,0.0423623
101830,LOX,1,3,0,0,4.3951e-05,0.00108431,0.0405338
101840,LOX,8,3,0,0,4.551e-05,0.00127274,0.0357576
101850,LOX,5,3,0,0,4.492e-05,0.00112248,0.0400187
101860,LOX,1,3,0,0,4.555e-05,0.00108196,0.0420997
101870,LOX,5,3,0,0,4.352e-05,0.00115738,0.0376023
101880,LOX,6,3,0,0,4.406e-05,0.00129455,0.0340351
101890,LOX,1,3,0,0,4.518e-05,0.00105397,0.0428667
101900,LOX,0,3,0,0,4.336e-05,0.00108221,0.0400663
101910,LOX,14,3,0,0,4.481e-05,0.00135336,0.0331103
101920,LOX,0,3,0,0,4.564e-05,0.00106169,0.0429882
101930,LOX,4,3,11,3,4.435e-05,0.00232873,0.0190447
101940,LOX,0,3,4,3,4.363e-05,0.00212944,0.0204889
101950,LOX,0,3,11,3,4.4121e-05,0.00233428,0.0189013
101960,LOX,18,3,5,3,0.000545583,0.00246589,0.221252
101970,LOX,5,3,0,0,4.463e-05,0.00117737,0.0379066
101980,LOX,8,3,2,3,4.387e-05,0.00229321,0.0191304
101990,LOX,13,3,14,3,0.000569023,0.00260964,0.218046
102000,LOX,1,3,0,0,4.421e-05,0.00109657,0.0403168
102010,LOX,0,3,0,0,4.214e-05,0.00104524,0.0403163
102020,LOX,10,3,0,0,0.000569203,0.00138532,0.410883
102030,LOX,0,3,0,0,4.7461e-05,0.00105941,0.0447993
102040,LOX,6,3,0,0,4.35e-05,0.00122398,0.0355399
102050,LOX,9,3,16,3,0.000544763,0.002635,0.206741
102060,LOX,25,3,0,0,0.000556893,0.00168718,0.330073
102070,LOX,0,3,0,0,4.338e-05,0.00104766,0.0414064
102080,LOX,34,3,0,0,0.000557993,0.00150934,0.369694
102090,LOX,19,3,0,0,0.000535222,0.00141679,0.377771
102100,LOX,36,3,0,0,0.000568693,0.00157159,0.361859
102110,LOX,8,3,2,3,4.4931e-05,0.00233851,0.0192135
102120,LOX,1,3,0,0,4.383e-05,0.00110416,0.0396955
102130,LOX,1,3,0,0,5.012e-05,0.00109234,0.0458833
102140,LOX,6,3,0,0,4.45e-05,0.00121155,0.0367299
102150,LOX,3,3,2,3,4.46e-05,0.00220756,0.0202033
102160,LOX,26,3,3,3,0.000556993,0.00255375,0.218108
102170,LOX,1,3,0,0,4.676e-05,0.00107372,0.0435493
102180,LOX,1,3,10,3,4.5181e-05,0.00227823,0.0198316
102190,LOX,25,3,0,0,0.000563343,0.00143986,0.391249
102200,LOX,22,3,0,0,0.000546203,0.00139522,0.391482
102210,LOX,22,3,0,0,0.000553053,0.00132376,0.41779
102220,LOX,0,3,0,0,4.615e-05,0.00106519,0.0433258
102230,LOX,38,3,1,3,0.000567673,0.00277187,0.204798
102240,LOX,2,3,0,0,4.4931e-05,0.00110928,0.0405048
102250,LOX,18,3,0,0,0.000561183,0.00148852,0.377008
102260,LOX,0,3,0,0,4.39e-05,0.00107927,0.0406758
102270,LOX,51,4,0,0,0.000572443,0.00211033,0.271257
102280,LOX,1,3,0,0,4.476e-05,0.00108033,0.0414319
102290,LOX,1,3,8,3,4.413e-05,0.00235371,0.0187491
102300,LOX,17,3,3,3,0.000557773,0.00232151,0.240263
102310,LOX,26,3,9,3,0.000552993,0.0028587,0.193442
102320,LOX,41,3,1,3,0.000570423,0.00292,0.19535
102330,LOX,11,3,10,3,0.000557813,0.00235014,0.237353
102340,LOX,13,3,1,3,0.000551492,0.0023863,0.231107
102350,LOX,5,3,0,0,4.649e-05,0.0011458,0.0405744
102360,LOX,19,3,4,3,0.000561634,0.00231829,0.242262
102370,LOX,0,3,2,3,4.351e-05,0.00210599,0.0206601
102380,LOX,0,3,10,3,4.5281e-05,0.00222636,0.0203386
102390,LOX,13,4,1,3,4.275e-05,0.00275193,0.0155346
102400,LOX,10,3,3,3,4.4351e-05,0.00258712,0.017143
102410,LOX,0,3,0,0,4.2531e-05,0.00103822,0.0409655
102420,LOX,26,3,0,0,0.000573833,0.00141744,0.404838
102430,LOX,22,3,0,0,0.000545103,0.00132948,0.410013
102440,LOX,9,3,8,3,4.2e-05,0.00241647,0.0173807
102450,LOX,1,3,0,0,4.631e-05,0.00239856,0.0193074
